0,2.6297
0.002,2.6214
0.004,2.6131
0.006,2.6078
0.008,2.5996
0.01,2.5944
0.012,2.5892
0.014,2.584
0.016,2.5789
0.018,2.5737
0.02,2.5686
0.022,2.5634
0.024,2.5583
0.026,2.5532
0.028,2.5481
0.03,2.543
0.032,2.541
0.034,2.5359
0.036,2.5339
0.038,2.5319
0.04,2.5268
0.042,2.5249
0.044,2.5229
0.046,2.5209
0.048,2.5189
0.05,2.517
0.052,2.515
0.054,2.513
0.056,2.5111
0.058,2.5122
0.06,2.5102
0.062,2.5114
0.064,2.5125
0.066,2.5136
0.068,2.5147
0.07,2.5158
0.072,2.5169
0.074,2.5211
0.076,2.5222
0.078,2.5263
0.08,2.5305
0.082,2.5346
0.084,2.5418
0.086,2.5459
0.088,2.5531
0.09,2.5602
0.092,2.5674
0.094,2.5745
0.096,2.5847
0.098,2.5949
0.1,2.6019
0.102,2.6121
0.104,2.6252
0.106,2.6353
0.108,2.6454
0.11,2.6585
0.112,2.6685
0.114,2.6815
0.116,2.6946
0.118,2.7076
0.12,2.7236
0.122,2.7366
0.124,2.7526
0.126,2.7654
0.128,2.7814
0.13,2.7973
0.132,-3.4668
0.134,-3.4354
0.136,-3.4101
0.138,-3.3819
0.14,-3.3537
0.142,-3.3255
0.144,-3.2974
0.146,-3.2663
0.148,-3.2383
0.15,-3.2104
0.152,-3.1825
0.154,-3.1547
0.156,-3.13
0.158,-3.1023
0.16,-3.0747
0.162,-3.0501
0.164,-3.0226
0.166,-2.9951
0.168,-2.9707
0.17,-2.9464
0.172,-2.919
0.174,-2.8948
0.176,-2.8706
0.178,-2.8465
0.18,-2.8255
0.182,-2.8015
0.184,-2.7775
0.186,-2.7566
0.188,-2.7327
0.19,-2.7119
0.192,-2.6912
0.194,-2.6705
0.196,-2.6498
0.198,-2.6292
0.2,-2.6117
0.202,-2.5912
0.204,-2.5737
0.206,-2.5533
0.208,-2.5359
0.21,-2.5186
0.212,-2.5013
0.214,-2.484
0.216,-2.4699
0.218,-2.4527
0.22,-2.4386
0.222,-2.4214
0.224,-2.4074
0.226,-2.3934
0.228,-2.3794
0.23,-2.3655
0.232,-2.3546
0.234,-2.3407
0.236,-2.3299
0.238,-2.3161
0.24,-2.3053
0.242,-2.2946
0.244,-2.2839
0.246,-2.2762
0.248,-2.2655
0.25,-2.2549
0.252,-2.2473
0.254,-2.2398
0.256,-2.2322
0.258,-2.2216
0.26,-2.2172
0.262,-2.2097
0.264,-2.2022
0.266,-2.1978
0.268,-2.1904
0.27,-2.186
0.272,-2.1816
0.274,-2.1773
0.276,-2.1729
0.278,-2.1686
0.28,-2.1642
0.282,-2.1599
0.284,-2.1587
0.286,-2.1574
0.288,-2.1562
0.29,-2.1519
0.292,-2.1537
0.294,-2.1525
0.296,-2.1512
0.298,-2.1531
0.3,-2.1549
0.302,-2.1567
0.304,-2.1585
0.306,-2.1603
0.308,-2.1622
0.31,-2.167
0.312,-2.1688
0.314,-2.1737
0.316,-2.1785
0.318,-2.1834
0.32,-2.1913
0.322,-2.1992
0.324,-2.204
0.326,-2.2118
0.328,-2.2197
0.33,-2.2306
0.332,-2.2384
0.334,-2.2492
0.336,-2.26
0.338,-2.2708
0.34,-2.2816
0.342,-2.2955
0.344,-2.3062
0.346,-2.32
0.348,-2.3337
0.35,-2.3505
0.352,-2.3642
0.354,-2.381
0.356,-2.3976
0.358,-2.4143
0.36,-2.4309
0.362,-2.4506
0.364,-2.4702
0.366,-2.4898
0.368,-2.5094
0.37,-2.5319
0.372,-2.5514
0.374,-2.5739
0.376,-2.5963
0.378,-2.6218
0.38,-2.6472
0.382,-2.6695
0.384,-2.6948
0.386,-2.7231
0.388,-2.7483
0.39,-2.7735
0.392,-2.8017
0.394,3.4471
0.396,3.4096
0.398,3.3691
0.4,3.3286
0.402,3.2883
0.404,3.251
0.406,3.2108
0.408,3.1707
0.41,3.1306
0.412,3.0968
0.414,3.0569
0.416,3.0202
0.418,2.9835
0.42,2.9499
0.422,2.9134
0.424,2.88
0.426,2.8436
0.428,2.8103
0.43,2.7771
0.432,2.744
0.434,2.714
0.436,2.681
0.438,2.6511
0.44,2.6213
0.442,2.5915
0.444,2.5618
0.446,2.5322
0.448,2.5057
0.45,2.4792
0.452,2.4528
0.454,2.4264
0.456,2.4001
0.458,2.3739
0.46,2.3508
0.462,2.3246
0.464,2.3016
0.466,2.2786
0.468,2.2556
0.47,2.2358
0.472,2.213
0.474,2.1932
0.476,2.1735
0.478,2.1508
0.48,2.1342
0.482,2.1146
0.484,2.0951
0.486,2.0786
0.488,2.0592
0.49,2.0428
0.492,2.0264
0.494,2.0132
0.496,1.9969
0.498,1.9807
0.5,1.9675
0.502,1.9544
0.504,1.9413
0.506,1.9282
0.508,1.9152
0.51,1.9021
0.512,1.8922
0.514,1.8792
0.516,1.8694
0.518,1.8595
0.52,1.8496
0.522,1.8398
0.524,1.8331
0.526,1.8264
0.528,1.8166
0.53,1.8099
0.532,1.8032
0.534,1.7965
0.536,1.7929
0.538,1.7863
0.54,1.7827
0.542,1.7792
0.544,1.7725
0.546,1.769
0.548,1.7655
0.55,1.765
0.552,1.7615
0.554,1.761
0.556,1.7606
0.558,1.7601
0.56,1.7597
0.562,1.7592
0.564,1.7618
0.566,1.7614
0.568,1.7671
0.57,1.7666
0.572,1.7722
0.574,1.7748
0.576,1.7774
0.578,1.7831
0.58,1.7856
0.582,1.7943
0.584,1.7999
0.586,1.8055
0.588,1.8111
0.59,1.8198
0.592,1.8284
0.594,1.8339
0.596,1.8456
0.598,1.8542
0.6,1.8627
0.602,1.8743
0.604,1.8859
0.606,1.8975
0.608,1.909
0.61,1.9205
0.612,1.935
0.614,1.9465
0.616,1.961
0.618,1.9755
0.62,1.9899
0.622,2.0074
0.624,2.0218
0.626,2.0392
0.628,2.0566
0.63,2.0739
0.632,2.0912
0.634,2.1116
0.636,2.1319
0.638,2.1521
0.64,2.1723
0.642,2.1925
0.644,2.2157
0.646,2.2389
0.648,2.262
0.65,2.2851
0.652,2.3111
0.654,2.3372
0.656,2.3632
0.658,2.3921
0.66,2.418
0.662,2.4469
0.664,2.4788
0.666,2.5076
0.668,2.5393
0.67,2.571
0.672,2.6027
0.674,2.6373
0.676,2.6688
0.678,2.7033
0.68,2.7378
0.682,2.7752
0.684,2.8095
0.686,-3.4332
0.688,-3.3865
0.69,-3.3368
0.692,-3.2903
0.694,-3.2439
0.696,-3.1975
0.698,-3.1513
0.7,-3.1082
0.702,-3.0622
0.704,-3.0193
0.706,-2.9765
0.708,-2.9337
0.71,-2.8942
0.712,-2.8516
0.714,-2.8122
0.716,-2.7759
0.718,-2.7367
0.72,-2.6975
0.722,-2.6614
0.724,-2.6255
0.726,-2.5896
0.728,-2.5568
0.73,-2.5241
0.732,-2.4884
0.734,-2.4589
0.736,-2.4265
0.738,-2.394
0.74,-2.3647
0.742,-2.3355
0.744,-2.3063
0.746,-2.2772
0.748,-2.2481
0.75,-2.2221
0.752,-2.1932
0.754,-2.1674
0.756,-2.1416
0.758,-2.1158
0.76,-2.0932
0.762,-2.0676
0.764,-2.0451
0.766,-2.0226
0.768,-2.0002
0.77,-1.9778
0.772,-1.9585
0.774,-1.9362
0.776,-1.917
0.778,-1.8978
0.78,-1.8787
0.782,-1.8596
0.784,-1.8406
0.786,-1.8247
0.788,-1.8057
0.79,-1.7898
0.792,-1.774
0.794,-1.7582
0.796,-1.7424
0.798,-1.7297
0.8,-1.714
0.802,-1.7014
0.804,-1.6888
0.806,-1.6762
0.808,-1.6637
0.81,-1.6542
0.812,-1.6417
0.814,-1.6323
0.816,-1.6229
0.818,-1.6136
0.82,-1.6042
0.822,-1.598
0.824,-1.5886
0.826,-1.5824
0.828,-1.5762
0.83,-1.5699
0.832,-1.5637
0.834,-1.5576
0.836,-1.5544
0.838,-1.5483
0.84,-1.5452
0.842,-1.5421
0.844,-1.539
0.846,-1.5359
0.848,-1.5329
0.85,-1.5329
0.852,-1.5298
0.854,-1.5298
0.856,-1.5298
0.858,-1.5329
0.86,-1.5329
0.862,-1.5329
0.864,-1.536
0.866,-1.539
0.868,-1.5421
0.87,-1.5451
0.872,-1.5482
0.874,-1.5543
0.876,-1.5573
0.878,-1.5634
0.88,-1.5695
0.882,-1.5755
0.884,-1.5816
0.886,-1.5907
0.888,-1.5967
0.89,-1.6057
0.892,-1.6148
0.894,-1.6238
0.896,-1.6328
0.898,-1.6418
0.9,-1.6539
0.902,-1.6659
0.904,-1.6779
0.906,-1.6899
0.908,-1.7018
0.91,-1.7137
0.912,-1.7287
0.914,-1.7406
0.916,-1.7555
0.918,-1.7704
0.92,-1.7883
0.922,-1.8031
0.924,-1.821
0.926,-1.8357
0.928,-1.8535
0.93,-1.8713
0.932,-1.892
0.934,-1.9097
0.936,-1.9304
0.938,-1.9511
0.94,-1.9717
0.942,-1.9923
0.944,-2.0159
0.946,-2.0394
0.948,-2.0629
0.95,-2.0864
0.952,-2.1098
0.954,-2.1363
0.956,-2.1626
0.958,-2.189
0.96,-2.2152
0.962,-2.2445
0.964,-2.2738
0.966,-2.3029
0.968,-2.3351
0.97,-2.3642
0.972,-2.3993
0.974,-2.4313
0.976,-2.4632
0.978,-2.4981
0.98,-2.536
0.982,-2.5708
0.984,-2.6086
0.986,-2.6463
0.988,-2.6869
0.99,-2.7276
0.992,-2.765
0.994,-2.8055
0.996,3.4311
0.998,3.3782
1,3.3255
1.002,3.2729
1.004,3.2204
1.006,3.1711
1.008,3.1187
1.01,3.0696
1.012,3.0206
1.014,2.9716
1.016,2.9228
1.018,2.8802
1.02,2.8346
1.022,2.789
1.024,2.7467
1.026,2.7044
1.028,2.6622
1.03,2.6202
1.032,2.5812
1.034,2.5423
1.036,2.5035
1.038,2.4648
1.04,2.4292
1.042,2.3907
1.044,2.3553
1.046,2.323
1.048,2.2877
1.05,2.2525
1.052,2.2204
1.054,2.1883
1.056,2.1564
1.058,2.1245
1.06,2.0957
1.062,2.064
1.064,2.0353
1.066,2.0067
1.068,1.9782
1.07,1.9497
1.072,1.9244
1.074,1.8991
1.076,1.8708
1.078,1.8456
1.08,1.8235
1.082,1.7984
1.084,1.7734
1.086,1.7514
1.088,1.7295
1.09,1.7077
1.092,1.6859
1.094,1.6641
1.096,1.6424
1.098,1.6238
1.1,1.6052
1.102,1.5867
1.104,1.5682
1.106,1.5498
1.108,1.5344
1.11,1.516
1.112,1.5007
1.114,1.4824
1.116,1.4672
1.118,1.4551
1.12,1.4399
1.122,1.4248
1.124,1.4127
1.126,1.4007
1.128,1.3887
1.13,1.3767
1.132,1.3648
1.134,1.3529
1.136,1.344
1.138,1.3352
1.14,1.3234
1.142,1.3146
1.144,1.3058
1.146,1.3001
1.148,1.2914
1.15,1.2858
1.152,1.2801
1.154,1.2745
1.156,1.2689
1.158,1.2633
1.16,1.2577
1.162,1.2552
1.164,1.2496
1.166,1.2471
1.168,1.2446
1.17,1.2422
1.172,1.2397
1.174,1.2403
1.176,1.2378
1.178,1.2384
1.18,1.239
1.182,1.2396
1.184,1.2401
1.186,1.2407
1.188,1.2444
1.19,1.248
1.192,1.2486
1.194,1.2522
1.196,1.2559
1.198,1.2625
1.2,1.2662
1.202,1.2728
1.204,1.2764
1.206,1.2831
1.208,1.2897
1.21,1.2994
1.212,1.306
1.214,1.3125
1.216,1.3222
1.218,1.3318
1.22,1.3414
1.222,1.351
1.224,1.3636
1.226,1.3731
1.228,1.3857
1.23,1.3983
1.232,1.4077
1.234,1.4233
1.236,1.4358
1.238,1.4483
1.24,1.4638
1.242,1.4792
1.244,1.4947
1.246,1.5101
1.248,1.5254
1.25,1.5438
1.252,1.5591
1.254,1.5775
1.256,1.5927
1.258,1.6141
1.26,1.6323
1.262,1.6505
1.264,1.6717
1.266,1.6929
1.268,1.7109
1.27,1.7351
1.272,1.7562
1.274,1.7772
1.276,1.8012
1.278,1.8252
1.28,1.8491
1.282,1.873
1.284,1.8999
1.286,1.9237
1.288,1.9505
1.29,1.9773
1.292,2.007
1.294,2.0337
1.296,2.0633
1.298,2.0929
1.3,2.1255
1.302,2.155
1.304,2.1875
1.306,2.2199
1.308,2.2553
1.31,2.2906
1.312,2.3259
1.314,2.3611
1.316,2.3993
1.318,2.4374
1.32,2.4785
1.322,2.5164
1.324,2.5604
1.326,2.6013
1.328,2.6451
1.33,2.6889
1.332,2.7356
1.334,2.7792
1.336,-3.4542
1.338,-3.3952
1.34,-3.3394
1.342,-3.2806
1.344,-3.225
1.346,-3.1695
1.348,-3.1142
1.35,-3.062
1.352,-3.0099
1.354,-2.9579
1.356,-2.906
1.358,-2.8573
1.36,-2.8087
1.362,-2.7602
1.364,-2.7148
1.366,-2.6695
1.368,-2.6244
1.37,-2.5823
1.372,-2.5373
1.374,-2.4955
1.376,-2.4537
1.378,-2.4151
1.38,-2.3766
1.382,-2.335
1.384,-2.2997
1.386,-2.2614
1.388,-2.2232
1.39,-2.1881
1.392,-2.1531
1.394,-2.1181
1.396,-2.0863
1.398,-2.0515
1.4,-2.0198
1.402,-1.9851
1.404,-1.9566
1.406,-1.9251
1.408,-1.8937
1.41,-1.8654
1.412,-1.8341
1.414,-1.8059
1.416,-1.7778
1.418,-1.7497
1.42,-1.7217
1.422,-1.6968
1.424,-1.672
1.426,-1.6472
1.428,-1.6224
1.43,-1.5977
1.432,-1.5731
1.434,-1.5515
1.436,-1.527
1.438,-1.5055
1.44,-1.4842
1.442,-1.4628
1.444,-1.4415
1.446,-1.4233
1.448,-1.402
1.45,-1.3839
1.452,-1.3658
1.454,-1.3478
1.456,-1.3298
1.458,-1.3118
1.46,-1.2938
1.462,-1.279
1.464,-1.2611
1.466,-1.2463
1.468,-1.2316
1.47,-1.2169
1.472,-1.2052
1.474,-1.1906
1.476,-1.179
1.478,-1.1644
1.48,-1.1529
1.482,-1.1414
1.484,-1.1299
1.486,-1.1184
1.488,-1.1101
1.49,-1.0987
1.492,-1.0903
1.494,-1.082
1.496,-1.0737
1.498,-1.0655
1.5,-1.0572
1.502,-1.052
1.504,-1.0438
1.506,-1.0386
1.508,-1.0335
1.51,-1.0284
1.512,-1.0232
1.514,-1.0181
1.516,-1.0161
1.518,-1.011
1.52,-1.009
1.522,-1.007
1.524,-1.005
1.526,-1.003
1.528,-1.0009
1.53,-0.99895
1.532,-1
1.534,-1.0011
1.536,-0.99908
1.538,-1.0002
1.54,-1.0043
1.542,-1.0053
1.544,-1.0095
1.546,-1.0105
1.548,-1.0146
1.55,-1.0187
1.552,-1.0228
1.554,-1.0269
1.556,-1.034
1.558,-1.0381
1.56,-1.0452
1.562,-1.0493
1.564,-1.0564
1.566,-1.0665
1.568,-1.0736
1.57,-1.0806
1.572,-1.0907
1.574,-1.1008
1.576,-1.1078
1.578,-1.1179
1.58,-1.1279
1.582,-1.141
1.584,-1.1509
1.586,-1.164
1.588,-1.177
1.59,-1.1899
1.592,-1.2029
1.594,-1.2158
1.596,-1.2287
1.598,-1.2446
1.6,-1.2575
1.602,-1.2733
1.604,-1.2892
1.606,-1.305
1.608,-1.3208
1.61,-1.3396
1.612,-1.3553
1.614,-1.3741
1.616,-1.3928
1.618,-1.4114
1.62,-1.4301
1.622,-1.4517
1.624,-1.4703
1.626,-1.4919
1.628,-1.5134
1.63,-1.5318
1.632,-1.5564
1.634,-1.5778
1.636,-1.6022
1.638,-1.6235
1.64,-1.6479
1.642,-1.6722
1.644,-1.6964
1.646,-1.7237
1.648,-1.7478
1.65,-1.775
1.652,-1.8021
1.654,-1.8291
1.656,-1.8561
1.658,-1.8861
1.66,-1.916
1.662,-1.9459
1.664,-1.9758
1.666,-2.0086
1.668,-2.0383
1.67,-2.071
1.672,-2.1036
1.674,-2.1393
1.676,-2.1749
1.678,-2.2103
1.68,-2.2488
1.682,-2.2842
1.684,-2.3256
1.686,-2.3639
1.688,-2.4051
1.69,-2.4463
1.692,-2.4904
1.694,-2.5345
1.696,-2.5785
1.698,-2.6254
1.7,-2.6723
1.702,-2.719
1.704,-2.7688
1.706,-2.8153
1.708,3.412
1.71,3.35
1.712,3.2912
1.714,3.2295
1.716,3.1709
1.718,3.1156
1.72,3.0572
1.722,3.0021
1.724,2.947
1.726,2.8921
1.728,2.8404
1.73,2.7887
1.732,2.7372
1.734,2.6888
1.736,2.6405
1.738,2.5954
1.74,2.5504
1.742,2.5024
1.744,2.4606
1.746,2.4158
1.748,2.3742
1.75,2.3327
1.752,2.2913
1.754,2.2499
1.756,2.2117
1.758,2.1736
1.76,2.1355
1.762,2.0975
1.764,2.0596
1.766,2.0249
1.768,1.9902
1.77,1.9555
1.772,1.921
1.774,1.8865
1.776,1.8551
1.778,1.8208
1.78,1.7896
1.782,1.7584
1.784,1.7273
1.786,1.6993
1.788,1.6684
1.79,1.6405
1.792,1.6127
1.794,1.585
1.796,1.5573
1.798,1.5296
1.8,1.5051
1.802,1.4776
1.804,1.4532
1.806,1.4288
1.808,1.4045
1.81,1.3803
1.812,1.3561
1.814,1.3319
1.816,1.3109
1.818,1.2898
1.82,1.2689
1.822,1.2449
1.824,1.2271
1.826,1.2062
1.828,1.1854
1.83,1.1677
1.832,1.147
1.834,1.1294
1.836,1.1118
1.838,1.0943
1.84,1.0768
1.842,1.0624
1.844,1.0449
1.846,1.0306
1.848,1.0162
1.85,0.99889
1.852,0.98463
1.854,0.9704
1.856,0.95927
1.858,0.94509
1.86,0.93401
1.862,0.91988
1.864,0.90885
1.866,0.89784
1.868,0.88685
1.87,0.87589
1.872,0.86801
1.874,0.85708
1.876,0.84924
1.878,0.84141
1.88,0.83053
1.882,0.82581
1.884,0.81803
1.886,0.81026
1.888,0.80252
1.89,0.79785
1.892,0.79319
1.894,0.78547
1.896,0.78084
1.898,0.77621
1.9,0.77466
1.902,0.77005
1.904,0.76545
1.906,0.76392
1.908,0.76239
1.91,0.76087
1.912,0.75628
1.914,0.75477
1.916,0.75633
1.918,0.75482
1.92,0.75331
1.922,0.75487
1.924,0.75643
1.926,0.75798
1.928,0.75953
1.93,0.76108
1.932,0.76262
1.934,0.76723
1.936,0.76876
1.938,0.77335
1.94,0.77794
1.942,0.78251
1.944,0.78708
1.946,0.79164
1.948,0.79925
1.95,0.80378
1.952,0.81137
1.954,0.81895
1.956,0.8265
1.958,0.83405
1.96,0.84158
1.962,0.84909
1.964,0.85965
1.966,0.87019
1.968,0.87765
1.97,0.88816
1.972,0.89864
1.974,0.91217
1.976,0.92261
1.978,0.93302
1.98,0.94648
1.982,0.95992
1.984,0.97026
1.986,0.98671
1.988,1.0001
1.99,1.0134
1.992,1.0267
1.994,1.043
1.996,1.0563
1.998,1.0756
2,1.0888
2.002,1.1081
2.004,1.1242
2.006,1.1404
2.008,1.1596
2.01,1.1787
2.012,1.1947
2.014,1.2138
2.016,1.2328
2.018,1.2549
2.02,1.2738
2.022,1.2958
2.024,1.3147
2.026,1.3396
2.028,1.3584
2.03,1.3802
2.032,1.405
2.034,1.4267
2.036,1.4515
2.038,1.4762
2.04,1.5008
2.042,1.5254
2.044,1.5499
2.046,1.5775
2.048,1.6019
2.05,1.6294
2.052,1.6567
2.054,1.6841
2.056,1.7114
2.058,1.7417
2.06,1.7719
2.062,1.8021
2.064,1.8322
2.066,1.8622
2.068,1.8953
2.07,1.9283
2.072,1.9612
2.074,1.9941
2.076,2.0299
2.078,2.0657
2.08,2.1014
2.082,2.1402
2.084,2.1788
2.086,2.2173
2.088,2.2558
2.09,2.2973
2.092,2.3387
2.094,2.383
2.096,2.4273
2.098,2.4715
2.1,2.5187
2.102,2.5657
2.104,2.6158
2.106,2.6657
2.108,2.7156
2.11,2.7653
2.112,2.818
2.114,-3.4063
2.116,-3.3443
2.118,-3.2794
2.12,-3.2177
2.122,-3.1561
2.124,-3.0977
2.126,-3.0394
2.128,-2.9812
2.13,-2.9232
2.132,-2.8683
2.134,-2.8135
2.136,-2.7588
2.138,-2.7074
2.14,-2.656
2.142,-2.6078
2.144,-2.5596
2.146,-2.5116
2.148,-2.4637
2.15,-2.4189
2.152,-2.3742
2.154,-2.3297
2.156,-2.2852
2.158,-2.2438
2.16,-2.2026
2.162,-2.1614
2.164,-2.1203
2.166,-2.0823
2.168,-2.0414
2.17,-2.0036
2.172,-1.9659
2.174,-1.9313
2.176,-1.8937
2.178,-1.8593
2.18,-1.8219
2.182,-1.7876
2.184,-1.7534
2.186,-1.7223
2.188,-1.6882
2.19,-1.6572
2.192,-1.6263
2.194,-1.5955
2.196,-1.5647
2.198,-1.534
2.2,-1.5034
2.202,-1.4758
2.204,-1.4453
2.206,-1.4179
2.208,-1.3906
2.21,-1.3633
2.212,-1.336
2.214,-1.3119
2.216,-1.2847
2.218,-1.2607
2.22,-1.2337
2.222,-1.2098
2.224,-1.1859
2.226,-1.1621
2.228,-1.1383
2.23,-1.1176
2.232,-1.0939
2.234,-1.0734
2.236,-1.0498
2.238,-1.0293
2.24,-1.0088
2.242,-0.98844
2.244,-0.97114
2.246,-0.95081
2.248,-0.93052
2.25,-0.91333
2.252,-0.89312
2.254,-0.87601
2.256,-0.85894
2.258,-0.8419
2.26,-0.82489
2.262,-0.81098
2.264,-0.79404
2.266,-0.78019
2.268,-0.76331
2.27,-0.74952
2.272,-0.73576
2.274,-0.72204
2.276,-0.70833
2.278,-0.69466
2.28,-0.68101
2.282,-0.67046
2.284,-0.65686
2.286,-0.64635
2.288,-0.63586
2.29,-0.6254
2.292,-0.61495
2.294,-0.60453
2.296,-0.59413
2.298,-0.58681
2.3,-0.57644
2.302,-0.56916
2.304,-0.5619
2.306,-0.55464
2.308,-0.5474
2.31,-0.54018
2.312,-0.53297
2.314,-0.52578
2.316,-0.52166
2.318,-0.51449
2.32,-0.5104
2.322,-0.50631
2.324,-0.50224
2.326,-0.4951
2.328,-0.49411
2.33,-0.49006
2.332,-0.48602
2.334,-0.48505
2.336,-0.48101
2.338,-0.48005
2.34,-0.47909
2.342,-0.47813
2.344,-0.47718
2.346,-0.47623
2.348,-0.47527
2.35,-0.47432
2.352,-0.47338
2.354,-0.4755
2.356,-0.47761
2.358,-0.47972
2.36,-0.47876
2.362,-0.48087
2.364,-0.48298
2.366,-0.48814
2.368,-0.49023
2.37,-0.49538
2.372,-0.49746
2.374,-0.50259
2.376,-0.50772
2.378,-0.51283
2.38,-0.51794
2.382,-0.52303
2.384,-0.52812
2.386,-0.53319
2.388,-0.54132
2.39,-0.54637
2.392,-0.55447
2.394,-0.56256
2.396,-0.57063
2.398,-0.57868
2.4,-0.58672
2.402,-0.59475
2.404,-0.60582
2.406,-0.6138
2.408,-0.62483
2.41,-0.63585
2.412,-0.64377
2.414,-0.65474
2.416,-0.66569
2.418,-0.67969
2.42,-0.69059
2.422,-0.70147
2.424,-0.71539
2.426,-0.72929
2.428,-0.74009
2.43,-0.75394
2.432,-0.76775
2.434,-0.78155
2.436,-0.79837
2.438,-0.8121
2.44,-0.8258
2.442,-0.84254
2.444,-0.85925
2.446,-0.87592
2.448,-0.89256
2.45,-0.90917
2.452,-0.92574
2.454,-0.94228
2.456,-0.96185
2.458,-0.97832
2.46,-0.99782
2.462,-1.0173
2.464,-1.0367
2.466,-1.0561
2.468,-1.0754
2.47,-1.0978
2.472,-1.1171
2.474,-1.1393
2.476,-1.1616
2.478,-1.1838
2.48,-1.2059
2.482,-1.2281
2.484,-1.2501
2.486,-1.2752
2.488,-1.2972
2.49,-1.3222
2.492,-1.3471
2.494,-1.372
2.496,-1.3968
2.498,-1.4216
2.5,-1.4494
2.502,-1.4772
2.504,-1.5049
2.506,-1.5325
2.508,-1.5601
2.51,-1.5877
2.512,-1.6182
2.514,-1.6456
2.516,-1.676
2.518,-1.7064
2.52,-1.7367
2.522,-1.77
2.524,-1.8033
2.526,-1.8364
2.528,-1.8695
2.53,-1.9026
2.532,-1.9356
2.534,-1.9715
2.536,-2.0105
2.538,-2.0463
2.54,-2.0852
2.542,-2.1239
2.544,-2.1626
2.546,-2.2042
2.548,-2.2427
2.55,-2.2873
2.552,-2.3318
2.554,-2.3761
2.556,-2.4204
2.558,-2.4677
2.56,-2.5179
2.562,-2.5681
2.564,-2.6181
2.566,-2.668
2.568,-2.7209
2.57,-2.7737
2.572,-2.8295
2.574,3.3948
2.576,3.3298
2.578,3.2649
2.58,3.2002
2.582,3.1356
2.584,3.0741
2.586,3.0128
2.588,2.9516
2.59,2.8936
2.592,2.8357
2.594,2.778
2.596,2.7234
2.598,2.672
2.6,2.6206
2.602,2.5694
2.604,2.5183
2.606,2.4704
2.608,2.4225
2.61,2.3748
2.612,2.3271
2.614,2.2827
2.616,2.2382
2.618,2.197
2.62,2.1528
2.622,2.1117
2.624,2.0676
2.626,2.0267
2.628,1.9859
2.63,1.9482
2.632,1.9075
2.634,1.8731
2.636,1.8356
2.638,1.7982
2.64,1.7609
2.642,1.7237
2.644,1.6896
2.646,1.6556
2.648,1.6216
2.65,1.5908
2.652,1.557
2.654,1.5232
2.656,1.4926
2.658,1.4589
2.66,1.4285
2.662,1.4011
2.664,1.3707
2.666,1.3404
2.668,1.3101
2.67,1.2799
2.672,1.2528
2.674,1.2258
2.676,1.1988
2.678,1.1719
2.68,1.1451
2.682,1.1183
2.684,1.0915
2.686,1.0679
2.688,1.0443
2.69,1.0207
2.692,0.99418
2.694,0.97074
2.696,0.94735
2.698,0.924
2.7,0.90377
2.702,0.88051
2.704,0.86036
2.706,0.83718
2.708,0.81712
2.71,0.7971
2.712,0.77405
2.714,0.75412
2.716,0.73729
2.718,0.71742
2.72,0.6976
2.722,0.67782
2.724,0.66114
2.726,0.64449
2.728,0.62482
2.73,0.60824
2.732,0.5917
2.734,0.5752
2.736,0.55872
2.738,0.54228
2.74,0.52894
2.742,0.51256
2.744,0.49927
2.746,0.48295
2.748,0.46973
2.75,0.45346
2.752,0.4403
2.754,0.42716
2.756,0.41405
2.758,0.40096
2.76,0.39096
2.762,0.37792
2.764,0.36491
2.766,0.35498
2.768,0.34202
2.77,0.33214
2.772,0.32228
2.774,0.31244
2.776,0.30569
2.778,0.29588
2.78,0.28916
2.782,0.28245
2.784,0.27882
2.786,0.2752
2.788,0.26852
2.79,0.26798
2.792,0.26438
2.794,0.26079
2.796,0.26027
2.798,0.25975
2.8,0.25923
2.802,0.25871
2.804,0.2582
2.806,0.25768
2.808,0.25717
2.81,0.25665
2.812,0.25614
2.814,0.25563
2.816,0.25512
2.818,0.25461
2.82,0.2541
2.822,0.25359
2.824,0.25308
2.826,0.25258
2.828,0.25207
2.83,0.25157
2.832,0.248
2.834,0.24444
2.836,0.24089
2.838,0.24041
2.84,0.23686
2.842,0.23026
2.844,0.22673
2.846,0.22322
2.848,0.21664
2.85,0.21314
2.852,0.20659
2.854,0.20004
2.856,0.19352
2.858,0.187
2.86,0.18356
2.862,0.17706
2.864,0.17058
2.866,0.16411
2.868,0.15765
2.87,0.15121
2.872,0.14477
2.874,0.13836
2.876,0.13195
2.878,0.12862
2.88,0.12223
2.882,0.11586
2.884,0.11256
2.886,0.10621
2.888,0.099867
2.89,0.096603
2.892,0.093345
2.894,0.087029
2.896,0.08379
2.898,0.080558
2.9,0.077332
2.902,0.074112
2.904,0.070899
2.906,0.067693
2.908,0.067558
2.91,0.064358
2.912,0.061164
2.914,0.057977
2.916,0.057861
2.918,0.054681
2.92,0.051507
2.922,0.051404
2.924,0.048236
2.926,0.045075
2.928,0.044985
2.93,0.04183
2.932,0.041746
2.934,0.038598
2.936,0.035456
2.938,0.035385
2.94,0.03225
2.942,0.032185
2.944,0.029056
2.946,0.028998
2.948,0.025875
2.95,0.022758
2.952,0.022713
2.954,0.019603
2.956,0.016499
2.958,0.016466
2.96,0.013368
2.962,0.010276
2.964,0.010256
2.966,0.0071704
2.968,0.0071561
2.97,0.0040769
2.972,0.0010038
2.974,0.0010018
2.976,-0.0020651
2.978,-0.0051259
2.98,-0.0051156
2.982,-0.0081703
2.984,-0.008154
2.986,-0.011203
2.988,-0.01118
2.99,-0.014223
2.992,-0.014194
2.994,-0.017231
2.996,-0.017196
2.998,-0.020227
3,-0.020187
3.002,-0.023211
3.004,-0.02623
3.006,-0.026177
3.008,-0.026125
3.01,-0.029138
3.012,-0.029079
3.014,-0.032086
3.016,-0.032022
3.018,-0.031958
3.02,-0.034959
3.022,-0.034889
3.024,-0.037885
3.026,-0.037809
3.028,-0.037733
3.03,-0.040723
3.032,-0.040641
3.034,-0.04056
3.036,-0.043544
3.038,-0.043457
3.04,-0.04337
3.042,-0.043284
3.044,-0.043197
3.046,-0.046176
3.048,-0.046083
3.05,-0.045991
3.052,-0.045899
3.054,-0.045808
3.056,-0.048781
3.058,-0.048684
3.06,-0.048586
3.062,-0.048489
3.064,-0.048392
3.066,-0.048296
3.068,-0.048199
3.07,-0.051168
3.072,-0.051066
3.074,-0.050964
3.076,-0.050862
3.078,-0.05076
3.08,-0.050659
3.082,-0.050558
3.084,-0.050456
3.086,-0.053421
3.088,-0.053314
3.09,-0.053207
3.092,-0.053101
3.094,-0.052995
3.096,-0.052889
3.098,-0.052783
3.1,-0.052678
3.102,-0.052573
3.104,-0.052468
3.106,-0.055428
3.108,-0.055317
3.11,-0.055206
3.112,-0.055096
3.114,-0.054986
3.116,-0.054876
3.118,-0.054767
3.12,-0.054657
3.122,-0.054548
3.124,-0.054439
3.126,-0.05433
3.128,-0.054222
3.13,-0.054113
3.132,-0.054005
3.134,-0.053897
3.136,-0.05379
3.138,-0.053682
3.14,-0.053575
3.142,-0.053468
3.144,-0.053361
3.146,-0.053254
3.148,-0.053148
3.15,-0.053042
3.152,-0.052936
3.154,-0.05283
3.156,-0.052724
3.158,-0.052619
3.16,-0.052514
3.162,-0.052409
3.164,-0.052304
3.166,-0.0522
3.168,-0.052096
3.17,-0.051991
3.172,-0.051888
3.174,-0.051784
3.176,-0.05168
3.178,-0.051577
3.18,-0.051474
3.182,-0.051371
3.184,-0.051269
3.186,-0.051166
3.188,-0.051064
3.19,-0.050962
3.192,-0.05086
3.194,-0.050758
3.196,-0.050657
3.198,-0.050556
3.2,-0.050455
3.202,-0.050354
3.204,-0.050253
3.206,-0.047088
3.208,-0.046994
3.21,-0.0469
3.212,-0.046806
3.214,-0.046713
3.216,-0.04662
3.218,-0.043462
3.22,-0.043375
3.222,-0.043288
3.224,-0.043202
3.226,-0.043115
3.228,-0.039964
3.23,-0.039884
3.232,-0.039805
3.234,-0.039725
3.236,-0.039646
3.238,-0.039567
3.24,-0.039488
3.242,-0.036344
3.244,-0.036271
3.246,-0.036199
3.248,-0.036126
3.25,-0.036054
3.252,-0.035982
3.254,-0.03591
3.256,-0.035838
3.258,-0.035767
3.26,-0.035695
3.262,-0.032559
3.264,-0.032494
3.266,-0.032429
3.268,-0.032364
3.27,-0.0323
3.272,-0.032235
3.274,-0.032171
3.276,-0.032107
3.278,-0.032042
3.28,-0.031978
3.282,-0.031914
3.284,-0.031851
3.286,-0.031787
3.288,-0.031724
3.29,-0.03166
3.292,-0.031597
3.294,-0.031534
3.296,-0.031471
3.298,-0.028343
3.3,-0.028286
3.302,-0.02823
3.304,-0.028173
3.306,-0.028117
3.308,-0.028061
3.31,-0.028005
3.312,-0.027949
3.314,-0.027893
3.316,-0.027837
3.318,-0.027782
3.32,-0.027726
3.322,-0.027671
3.324,-0.027616
3.326,-0.02756
3.328,-0.027505
3.33,-0.02745
3.332,-0.024331
3.334,-0.024282
3.336,-0.024233
3.338,-0.024185
3.34,-0.024137
3.342,-0.024089
3.344,-0.02404
3.346,-0.023992
3.348,-0.023944
3.35,-0.023897
3.352,-0.023849
3.354,-0.023801
3.356,-0.023754
3.358,-0.023706
3.36,-0.023659
3.362,-0.023612
3.364,-0.023564
3.366,-0.023517
3.368,-0.02347
3.37,-0.023423
3.372,-0.023377
3.374,-0.02333
3.376,-0.023283
3.378,-0.023237
3.38,-0.02319
3.382,-0.023144
3.384,-0.023098
3.386,-0.019987
3.388,-0.019947
3.39,-0.019907
3.392,-0.019867
3.394,-0.019827
3.396,-0.019788
3.398,-0.019748
3.4,-0.019709
3.402,-0.019669
3.404,-0.01963
3.406,-0.019591
3.408,-0.019552
3.41,-0.019513
3.412,-0.019474
3.414,-0.019435
3.416,-0.019396
3.418,-0.019357
3.42,-0.019319
3.422,-0.01928
3.424,-0.019241
3.426,-0.019203
3.428,-0.019165
3.43,-0.019126
3.432,-0.019088
3.434,-0.01905
3.436,-0.019012
3.438,-0.018974
3.44,-0.018936
3.442,-0.018898
3.444,-0.01886
3.446,-0.018823
3.448,-0.018785
3.45,-0.018748
3.452,-0.01871
3.454,-0.018673
3.456,-0.018635
3.458,-0.018598
3.46,-0.018561
3.462,-0.018524
3.464,-0.018487
3.466,-0.01845
3.468,-0.018413
3.47,-0.018376
3.472,-0.01834
3.474,-0.018303
3.476,-0.018266
3.478,-0.01823
3.48,-0.018194
3.482,-0.018157
3.484,-0.018121
3.486,-0.018085
3.488,-0.018049
3.49,-0.018013
3.492,-0.017977
3.494,-0.017941
3.496,-0.017905
3.498,-0.017869
3.5,-0.017833
3.502,-0.017798
3.504,-0.017762
3.506,-0.020792
3.508,-0.02075
3.51,-0.020709
3.512,-0.020667
3.514,-0.020626
3.516,-0.020585
3.518,-0.020544
3.52,-0.017438
3.522,-0.017403
3.524,-0.017368
3.526,-0.017333
3.528,-0.017299
3.53,-0.014199
3.532,-0.014171
3.534,-0.014142
3.536,-0.014114
3.538,-0.014086
3.54,-0.014058
3.542,-0.010965
3.544,-0.010943
3.546,-0.010921
3.548,-0.010899
3.55,-0.010878
3.552,-0.010856
3.554,-0.0077692
3.556,-0.0077537
3.558,-0.0077382
3.56,-0.0077227
3.562,-0.0077073
3.564,-0.0076919
3.566,-0.0076765
3.568,-0.0076612
3.57,-0.0076459
3.572,-0.0076306
3.574,-0.0076154
3.576,-0.0076002
3.578,-0.007585
3.58,-0.0075698
3.582,-0.0075547
3.584,-0.0075396
3.586,-0.0075245
3.588,-0.0075095
3.59,-0.0074945
3.592,-0.0074795
3.594,-0.0074646
3.596,-0.0074497
3.598,-0.0074348
3.6,-0.010485
3.602,-0.010464
3.604,-0.010443
3.606,-0.010422
3.608,-0.010401
3.61,-0.01038
3.612,-0.01036
3.614,-0.010339
3.616,-0.010318
3.618,-0.010298
3.62,-0.010277
3.622,-0.010257
3.624,-0.010236
3.626,-0.010216
3.628,-0.010195
3.63,-0.010175
3.632,-0.010155
3.634,-0.010134
3.636,-0.010114
3.638,-0.010094
3.64,-0.010074
3.642,-0.010054
3.644,-0.010033
3.646,-0.010013
3.648,-0.0099934
3.65,-0.0099735
3.652,-0.0099535
3.654,-0.0099337
3.656,-0.0099138
3.658,-0.009894
3.66,-0.0098742
3.662,-0.0098545
3.664,-0.0098348
3.666,-0.01288
3.668,-0.012854
3.67,-0.012829
3.672,-0.012803
3.674,-0.012777
3.676,-0.012752
3.678,-0.012726
3.68,-0.012701
3.682,-0.012676
3.684,-0.01265
3.686,-0.012625
3.688,-0.0095349
3.69,-0.0095158
3.692,-0.0094968
3.694,-0.0094779
3.696,-0.0094589
3.698,-0.00944
3.7,-0.0063563
3.702,-0.0063436
3.704,-0.0063309
3.706,-0.0063182
3.708,-0.0063056
3.71,-0.006293
3.712,-0.0062804
3.714,-0.0062679
3.716,-0.0062554
3.718,-0.0062429
3.72,-0.0031655
3.722,-0.0031592
3.724,-0.0031529
3.726,-0.0031466
3.728,-0.0031403
3.73,-0.003134
3.732,-0.0031277
3.734,-0.0031215
3.736,-0.0031153
3.738,-0.003109
3.74,-0.0031028
3.742,-0.0030966
3.744,-0.0030904
3.746,-0.0030843
3.748,-0.0030781
3.75,-0.0061368
3.752,-0.0061246
3.754,-0.0061124
3.756,-0.0061001
3.758,-0.006088
3.76,-0.0060758
3.762,-0.0060636
3.764,-0.0060515
3.766,-0.0060394
3.768,-0.0060274
3.77,-0.0060153
3.772,-0.0060033
3.774,-0.0059913
3.776,-0.0059793
3.778,-0.0059674
3.78,-0.0059555
3.782,-0.0059436
3.784,-0.0059317
3.786,-0.0059199
3.788,-0.005908
3.79,-0.0089611
3.792,-0.0089432
3.794,-0.0089253
3.796,-0.0089075
3.798,-0.0088897
3.8,-0.008872
3.802,-0.0088542
3.804,-0.0088365
3.806,-0.0088189
3.808,-0.0088013
3.81,-0.0087837
3.812,-0.0087661
3.814,-0.0087486
3.816,-0.0056662
3.818,-0.0056549
3.82,-0.0056436
3.822,-0.0056323
3.824,-0.0056211
3.826,-0.0056099
3.828,-0.0055986
3.83,-0.0055875
3.832,-0.0055763
3.834,-0.0055652
3.836,-0.005554
3.838,-0.0055429
3.84,-0.0055319
3.842,-0.0055208
3.844,-0.0055098
3.846,-0.0054988
3.848,-0.0054878
3.85,-0.0054768
3.852,-0.0054659
3.854,-0.005455
3.856,-0.0054441
3.858,-0.0054332
3.86,-0.0054223
3.862,-0.0054115
3.864,-0.0054007
3.866,-0.0053899
3.868,-0.0053791
3.87,-0.0053684
3.872,-0.0053576
3.874,-0.0053469
3.876,-0.0053363
3.878,-0.0053256
3.88,-0.005315
3.882,-0.0053043
3.884,-0.0052937
3.886,-0.0052832
3.888,-0.0052726
3.89,-0.0052621
3.892,-0.0052516
3.894,-0.0052411
3.896,-0.0052306
3.898,-0.0052201
3.9,-0.0052097
3.902,-0.0051993
3.904,-0.0051889
3.906,-0.0051785
3.908,-0.0051682
3.91,-0.0051579
3.912,-0.0051476
3.914,-0.0051373
3.916,-0.005127
3.918,-0.0051168
3.92,-0.0051066
3.922,-0.0050964
3.924,-0.0050862
3.926,-0.005076
3.928,-0.0050659
3.93,-0.0050557
3.932,-0.0081105
3.934,-0.0080943
3.936,-0.0080782
3.938,-0.008062
3.94,-0.0080459
3.942,-0.0080298
3.944,-0.0080138
3.946,-0.0079978
3.948,-0.0079818
3.95,-0.0079659
3.952,-0.0079499
3.954,-0.0048692
3.956,-0.0048594
3.958,-0.0048497
3.96,-0.00484
3.962,-0.0048304
3.964,-0.0048207
3.966,-0.0048111
3.968,-0.0048015
3.97,-0.0047919
3.972,-0.0047823
3.974,-0.0047727
3.976,-0.0047632
3.978,-0.0047537
3.98,-0.0047442
3.982,-0.0047347
3.984,-0.0047253
3.986,-0.0047158
3.988,-0.0047064
3.99,-0.004697
3.992,-0.0046876
3.994,-0.0046782
3.996,-0.0077338
3.998,-0.0077183
4,-0.0077029
4.002,-0.0076875
4.004,-0.0076722
4.006,-0.0076568
4.008,-0.0076415
4.01,-0.0076263
4.012,-0.007611
4.014,-0.0075958
4.016,-0.0075806
4.018,-0.0075655
4.02,-0.0075504
4.022,-0.0075353
4.024,-0.0075202
4.026,-0.0075052
4.028,-0.0074902
4.03,-0.0074753
4.032,-0.0074603
4.034,-0.0074454
4.036,-0.0074305
4.038,-0.0074157
4.04,-0.010466
4.042,-0.010445
4.044,-0.010424
4.046,-0.010403
4.048,-0.010382
4.05,-0.010362
4.052,-0.010341
4.054,-0.01032
4.056,-0.0103
4.058,-0.010279
4.06,-0.010259
4.062,-0.010238
4.064,-0.010218
4.066,-0.010197
4.068,-0.010177
4.07,-0.010156
4.072,-0.0070713
4.074,-0.0070571
4.076,-0.007043
4.078,-0.007029
4.08,-0.0070149
4.082,-0.0070009
4.084,-0.0069869
4.086,-0.006973
4.088,-0.006959
4.09,-0.0069451
4.092,-0.0069313
4.094,-0.0069174
4.096,-0.0038387
4.098,-0.003831
4.1,-0.0038234
4.102,-0.0038157
4.104,-0.0038081
4.106,-0.0038005
4.108,-0.0037929
4.11,-0.0037853
4.112,-0.0037778
4.114,-0.0037702
4.116,-0.0037627
4.118,-0.0037552
4.12,-0.0037477
4.122,-0.0037402
4.124,-0.0037327
4.126,-0.0037252
4.128,-0.0067827
4.13,-0.0067691
4.132,-0.0067556
4.134,-0.0067421
4.136,-0.0067286
4.138,-0.0067152
4.14,-0.0067018
4.142,-0.0066884
4.144,-0.006675
4.146,-0.0066617
4.148,-0.0066484
4.15,-0.0066351
4.152,-0.0096867
4.154,-0.0096674
4.156,-0.0096481
4.158,-0.0096288
4.16,-0.0096096
4.162,-0.0095904
4.164,-0.0095712
4.166,-0.0095521
4.168,-0.009533
4.17,-0.0095139
4.172,-0.0094949
4.174,-0.009476
4.176,-0.009457
4.178,-0.0094381
4.18,-0.0094193
4.182,-0.0094005
4.184,-0.0093817
4.186,-0.006298
4.188,-0.0062854
4.19,-0.0062729
4.192,-0.0062604
4.194,-0.0062478
4.196,-0.0062354
4.198,-0.0062229
4.2,-0.0062105
4.202,-0.0061981
4.204,-0.0061857
4.206,-0.0061733
4.208,-0.006161
4.21,-0.0061487
4.212,-0.0061364
4.214,-0.0061241
4.216,-0.0061119
4.218,-0.0060997
4.22,-0.0060875
4.222,-0.0030104
4.224,-0.0030044
4.226,-0.0029984
4.228,-0.0029924
4.23,-0.0029864
4.232,-0.0029805
4.234,-0.0029745
4.236,-0.0029686
4.238,-0.0029627
4.24,-0.0029567
4.242,-0.0060157
4.244,-0.0060037
4.246,-0.0059917
4.248,-0.0059797
4.25,-0.0059678
4.252,-0.0059559
4.254,-0.005944
4.256,-0.0059321
4.258,-0.0059202
4.26,-0.0059084
4.262,-0.0058966
4.264,-0.0089497
4.266,-0.0089318
4.268,-0.008914
4.27,-0.0088962
4.272,-0.0088784
4.274,-0.0088607
4.276,-0.008843
4.278,-0.0088253
4.28,-0.0088077
4.282,-0.0087901
4.284,-0.0087725
4.286,-0.008755
4.288,-0.0087375
4.29,-0.00872
4.292,-0.0087026
4.294,-0.0086852
4.296,-0.0086679
4.298,-0.0086505
4.3,-0.0086333
4.302,-0.008616
4.304,-0.0085988
4.306,-0.0085816
4.308,-0.0085645
4.31,-0.0085474
4.312,-0.0085303
4.314,-0.0085132
4.316,-0.0084962
4.318,-0.0054144
4.32,-0.0054035
4.322,-0.0053927
4.324,-0.005382
4.326,-0.0053712
4.328,-0.0053605
4.33,-0.0053498
4.332,-0.0053391
4.334,-0.0053284
4.336,-0.0053178
4.338,-0.0053071
4.34,-0.0052965
4.342,-0.005286
4.344,-0.0052754
4.346,-0.0052649
4.348,-0.0052543
4.35,-0.0052438
4.352,-0.0052334
4.354,-0.0052229
4.356,-0.0052125
4.358,-0.0052021
4.36,-0.0051917
4.362,-0.0051813
4.364,-0.0051709
4.366,-0.0051606
4.368,-0.0051503
4.37,-0.00514
4.372,-0.0051297
4.374,-0.0051195
4.376,-0.0051093
4.378,-0.005099
4.38,-0.0050889
4.382,-0.0050787
4.384,-0.0050685
4.386,-0.0050584
4.388,-0.0050483
4.39,-0.0050382
4.392,-0.0050282
4.394,-0.0050181
4.396,-0.0050081
4.398,-0.0049981
4.4,-0.0049881
4.402,-0.0049781
4.404,-0.0049682
4.406,-0.0049583
4.408,-0.0049483
4.41,-0.0049385
4.412,-0.0049286
4.414,-0.0049187
4.416,-0.0049089
4.418,-0.0048991
4.42,-0.0048893
4.422,-0.0048796
4.424,-0.0048698
4.426,-0.0048601
4.428,-0.0048504
4.43,-0.0048407
4.432,-0.004831
4.434,-0.0048213
4.436,-0.0048117
4.438,-0.0048021
4.44,-0.0047925
4.442,-0.0047829
4.444,-0.0047734
4.446,-0.0047638
4.448,-0.0047543
4.45,-0.0047448
4.452,-0.0047353
4.454,-0.0047259
4.456,-0.0047164
4.458,-0.004707
4.46,-0.0046976
4.462,-0.0046882
4.464,-0.0046789
4.466,-0.0046695
4.468,-0.0046602
4.47,-0.0046509
4.472,-0.0046416
4.474,-0.0046323
4.476,-0.004623
4.478,-0.0046138
4.48,-0.0046046
4.482,-0.0045954
4.484,-0.0045862
4.486,-0.004577
4.488,-0.0045679
4.49,-0.0045588
4.492,-0.0045497
4.494,-0.0045406
4.496,-0.0045315
4.498,-0.0045224
4.5,-0.0045134
4.502,-0.0045044
4.504,-0.0044954
4.506,-0.0044864
4.508,-0.0044774
4.51,-0.0044685
4.512,-0.0044596
4.514,-0.0044507
4.516,-0.0044418
4.518,-0.0044329
4.52,-0.004424
4.522,-0.0044152
4.524,-0.0044064
4.526,-0.0043976
4.528,-0.0043888
4.53,-0.00438
4.532,-0.0043713
4.534,-0.0043625
4.536,-0.0043538
4.538,-0.0043451
4.54,-0.0043364
4.542,-0.0043278
4.544,-0.0043191
4.546,-0.0043105
4.548,-0.0043019
4.55,-0.0042933
4.552,-0.0042847
4.554,-0.0042762
4.556,-0.0042676
4.558,-0.0042591
4.56,-0.0042506
4.562,-0.0042421
4.564,-0.0042336
4.566,-0.0042251
4.568,-0.0042167
4.57,-0.0042083
4.572,-0.0041999
4.574,-0.0041915
4.576,-0.0041831
4.578,-0.0041747
4.58,-0.0041664
4.582,-0.0041581
4.584,-0.0041498
4.586,-0.0041415
4.588,-0.0041332
4.59,-0.0041249
4.592,-0.0041167
4.594,-0.0041085
4.596,-0.0041003
4.598,-0.0040921
4.6,-0.0040839
4.602,-0.0040757
4.604,-0.0040676
4.606,-0.0040595
4.608,-0.0040514
4.61,-0.0040433
4.612,-0.0040352
4.614,-0.0040271
4.616,-0.0040191
4.618,-0.0040111
4.62,-0.004003
4.622,-0.003995
4.624,-0.0039871
4.626,-0.0039791
4.628,-0.0039711
4.63,-0.0039632
4.632,-0.0039553
4.634,-0.0039474
4.636,-0.0039395
4.638,-0.0039316
4.64,-0.0039238
4.642,-0.0039159
4.644,-0.0039081
4.646,-0.0039003
4.648,-0.0038925
4.65,-0.0038847
4.652,-0.003877
4.654,-0.0038692
4.656,-0.0038615
4.658,-0.00078888
4.66,-0.0007873
4.662,-0.00078573
4.664,-0.00078416
4.666,-0.00078259
4.668,-0.00078103
4.67,-0.00077947
4.672,-0.00077791
4.674,-0.00077636
4.676,-0.0038397
4.678,-0.003832
4.68,-0.0038244
4.682,-0.0038167
4.684,-0.0038091
4.686,-0.0038015
4.688,-0.0037939
4.69,-0.0068512
4.692,-0.0068375
4.694,-0.0068239
4.696,-0.0068102
4.698,-0.0067966
4.7,-0.006783
4.702,-0.0067695
4.704,-0.006756
4.706,-0.0067425
4.708,-0.006729
4.71,-0.0067156
4.712,-0.0067021
4.714,-0.0066887
4.716,-0.0097403
4.718,-0.0097208
4.72,-0.0097014
4.722,-0.009682
4.724,-0.0096627
4.726,-0.0096434
4.728,-0.0096241
4.73,-0.0096049
4.732,-0.0095857
4.734,-0.0095665
4.736,-0.0095474
4.738,-0.0064634
4.74,-0.0064505
4.742,-0.0064376
4.744,-0.0064248
4.746,-0.0064119
4.748,-0.0063991
4.75,-0.0063863
4.752,-0.0063736
4.754,-0.0063608
4.756,-0.0063481
4.758,-0.0032706
4.76,-0.003264
4.762,-0.0032575
4.764,-0.003251
4.766,-0.0032445
4.768,-0.003238
4.77,-0.0032315
4.772,-0.0032251
4.774,-0.0032186
4.776,-0.0032122
4.778,-0.0032058
4.78,-0.0031994
4.782,-0.003193
4.784,-0.0031866
4.786,-0.0031802
4.788,-0.0031739
4.79,-0.0031676
4.792,-0.0031612
4.794,-0.0031549
4.796,-0.0031486
4.798,-0.0031423
4.8,-0.003136
4.802,-0.0061947
4.804,-0.0061823
4.806,-0.0061699
4.808,-0.0061576
4.81,-0.0061453
4.812,-0.006133
4.814,-0.0061208
4.816,-0.0061085
4.818,-0.0060963
4.82,-0.0060842
4.822,-0.006072
4.824,-0.0060599
4.826,-0.0060478
4.828,-0.0060357
4.83,-0.0060236
4.832,-0.0029467
4.834,-0.0029408
4.836,-0.0029349
4.838,-0.0029291
4.84,-0.0029232
4.842,-0.0029174
4.844,-0.0029115
4.846,-0.0029057
4.848,-0.0028999
4.85,-0.0028941
4.852,-0.0028883
4.854,-0.0028826
4.856,-0.0028768
4.858,-0.0028711
4.86,-0.0028653
4.862,-0.0028596
4.864,-0.0028539
4.866,-0.0028482
4.868,-0.0028425
4.87,-0.0028368
4.872,-0.0028311
4.874,-0.0028255
4.876,-0.0028198
4.878,-0.0028142
4.88,-0.0028086
4.882,-0.002803
4.884,-0.0027974
4.886,-0.0027918
4.888,-0.0027862
4.89,-0.0027806
4.892,-0.0027751
4.894,-0.0027695
4.896,-0.002764
4.898,-0.0027585
4.9,-0.002753
4.902,-0.0027475
4.904,-0.002742
4.906,-0.0027365
4.908,-0.002731
4.91,-0.0027256
4.912,-0.0027201
4.914,-0.0027147
4.916,-0.0027093
4.918,-0.0027039
4.92,-0.0026985
4.922,-0.0026931
4.924,-0.0026877
4.926,-0.0026823
4.928,-0.002677
4.93,-0.0026716
4.932,-0.0026663
4.934,-0.0026609
4.936,-0.0026556
4.938,-0.0026503
4.94,-0.002645
4.942,-0.0026397
4.944,-0.0026345
4.946,-0.0026292
4.948,-0.002624
4.95,-0.0026187
4.952,-0.0026135
4.954,-0.0026083
4.956,-0.002603
4.958,-0.0025978
4.96,-0.0025927
4.962,-0.0025875
4.964,-0.0025823
4.966,-0.0025771
4.968,-0.002572
4.97,-0.0025669
4.972,-0.0025617
4.974,-0.0025566
4.976,-0.0025515
4.978,-0.0025464
4.98,-0.0025413
4.982,-0.0025362
4.984,-0.0025312
4.986,-0.0025261
4.988,-0.0025211
4.99,-0.002516
4.992,-0.002511
4.994,-0.002506
4.996,-0.002501
4.998,-0.002496
5,-0.002491
5.002,-0.002486
5.004,-0.0024811
5.006,-0.0024761
5.008,-0.0024711
5.01,-0.0024662
5.012,-0.0024613
5.014,-0.0024564
5.016,-0.0024515
5.018,-0.0024466
5.02,-0.0024417
5.022,-0.0024368
5.024,-0.0024319
5.026,-0.0024271
5.028,-0.0024222
5.03,-0.0024174
5.032,-0.0024125
5.034,-0.0024077
5.036,-0.0024029
5.038,-0.0023981
5.04,0.00067157
5.042,0.00067023
5.044,0.00066889
5.046,0.00066756
5.048,0.00066622
5.05,0.00066489
5.052,0.00066356
5.054,0.00066224
5.056,0.00066091
5.058,-0.0024053
5.06,-0.0024005
5.062,-0.0023957
5.064,-0.0023909
5.066,-0.0023861
5.068,-0.0023814
5.07,-0.0023766
5.072,-0.0023719
5.074,-0.0023671
5.076,-0.0023624
5.078,-0.0054226
5.08,-0.0054117
5.082,-0.0054009
5.084,-0.0053901
5.086,-0.0053794
5.088,-0.0053686
5.09,-0.0053579
5.092,-0.0053472
5.094,-0.0053365
5.096,-0.0053258
5.098,-0.0053152
5.1,-0.0053046
5.102,-0.005294
5.104,-0.0052834
5.106,-0.0052728
5.108,-0.0052623
5.11,-0.0052518
5.112,-0.0052413
5.114,-0.0052308
5.116,-0.0052204
5.118,-0.0052099
5.12,-0.0051995
5.122,-0.0051892
5.124,-0.0051788
5.126,-0.0051684
5.128,-0.0051581
5.13,-0.0051478
5.132,-0.0051375
5.134,-0.0051273
5.136,-0.005117
5.138,-0.0051068
5.14,-0.0050966
5.142,-0.0050864
5.144,-0.0050762
5.146,-0.0050661
5.148,-0.005056
5.15,-0.0050459
5.152,-0.0050358
5.154,-0.0050257
5.156,-0.0050157
5.158,-0.0050057
5.16,-0.0049957
5.162,-0.0049857
5.164,-0.0049757
5.166,-0.0019009
5.168,-0.0018971
5.17,-0.0018933
5.172,-0.0018895
5.174,-0.0018857
5.176,-0.001882
5.178,-0.0018782
5.18,-0.0018745
5.182,-0.0018707
5.184,-0.001867
5.186,-0.0018632
5.188,-0.0049244
5.19,-0.0049146
5.192,-0.0049048
5.194,-0.004895
5.196,-0.0048852
5.198,-0.0048754
5.2,-0.0048657
5.202,-0.004856
5.204,-0.0048463
5.206,-0.0048366
5.208,-0.0048269
5.21,-0.0048173
5.212,-0.0078725
5.214,-0.0078568
5.216,-0.0078411
5.218,-0.0078254
5.22,-0.0078098
5.222,-0.0077942
5.224,-0.0077786
5.226,-0.0077631
5.228,-0.0077476
5.23,-0.0077321
5.232,-0.0077166
5.234,-0.0077012
5.236,-0.0076858
5.238,-0.0076705
5.24,-0.0076552
5.242,-0.0076399
5.244,-0.0076246
5.246,-0.0076094
5.248,-0.0045293
5.25,-0.0045202
5.252,-0.0045112
5.254,-0.0045022
5.256,-0.0044932
5.258,-0.0044842
5.26,-0.0044752
5.262,-0.0044663
5.264,-0.0044574
5.266,-0.0044485
5.268,-0.0013747
5.27,-0.0013719
5.272,-0.0013692
5.274,-0.0013665
5.276,-0.0013637
5.278,-0.001361
5.28,-0.0013583
5.282,-0.0013556
5.284,-0.0013529
5.286,-0.0013502
5.288,-0.0013475
5.29,-0.0013448
5.292,-0.0013421
5.294,-0.0013394
5.296,-0.0013367
5.298,-0.0013341
5.3,-0.0013314
5.302,-0.0013287
5.304,-0.0013261
5.306,-0.0013234
5.308,-0.0013208
5.31,-0.0013181
5.312,-0.0013155
5.314,-0.0013129
5.316,-0.0013103
5.318,-0.0013076
5.32,-0.001305
5.322,-0.0013024
5.324,-0.0012998
5.326,-0.0012972
5.328,-0.0012946
5.33,-0.001292
5.332,-0.0012895
5.334,-0.0012869
5.336,-0.0012843
5.338,-0.0012817
5.34,-0.0012792
5.342,-0.0012766
5.344,-0.0012741
5.346,-0.0012715
5.348,-0.001269
5.35,-0.0012665
5.352,-0.0012639
5.354,-0.0012614
5.356,-0.0012589
5.358,-0.0012564
5.36,-0.0012539
5.362,-0.0012514
5.364,-0.0012489
5.366,-0.0012464
5.368,-0.0012439
5.37,-0.0012414
5.372,-0.0012389
5.374,-0.0012364
5.376,-0.001234
5.378,-0.0012315
5.38,-0.0042939
5.382,-0.0042853
5.384,-0.0042768
5.386,-0.0042682
5.388,-0.0042597
5.39,-0.0042512
5.392,-0.0042427
5.394,-0.0042342
5.396,-0.0042258
5.398,-0.0042173
5.4,-0.001144
5.402,-0.0011417
5.404,-0.0011394
5.406,-0.0011372
5.408,-0.0011349
5.41,-0.0011326
5.412,-0.0011304
5.414,-0.0011281
5.416,-0.0011258
5.418,-0.0011236
5.42,-0.0011213
5.422,-0.0011191
5.424,-0.0011169
5.426,-0.0011146
5.428,0.0019525
5.43,0.0019486
5.432,0.0019447
5.434,0.0019408
5.436,0.0019369
5.438,0.0019331
5.44,0.0019292
5.442,0.0019253
5.444,0.0019215
5.446,0.0019177
5.448,0.0019138
5.45,0.00191
5.452,0.0019062
5.454,0.0019024
5.456,0.0018986
5.458,0.0018948
5.46,0.001891
5.462,-0.0011777
5.464,-0.0011753
5.466,-0.001173
5.468,-0.0011706
5.47,-0.0011683
5.472,-0.001166
5.474,-0.0011636
5.476,-0.0011613
5.478,-0.001159
5.48,-0.0011567
5.482,-0.0011544
5.484,-0.0011521
5.486,-0.0011498
5.488,-0.0011475
5.49,-0.0011452
5.492,-0.0042078
5.494,-0.0041994
5.496,-0.004191
5.498,-0.0041826
5.5,-0.0041742
5.502,-0.0041659
5.504,-0.0041576
5.506,-0.0041493
5.508,-0.004141
5.51,-0.0041327
5.512,-0.0041245
5.514,-0.0041162
5.516,-0.004108
5.518,-0.0040998
5.52,-0.0040916
5.522,-0.0040834
5.524,-0.0040753
5.526,-0.0040671
5.528,-0.004059
5.53,-0.0040509
5.532,-0.0040428
5.534,-0.00096981
5.536,-0.00096787
5.538,-0.00096594
5.54,-0.00096401
5.542,-0.00096208
5.544,-0.00096016
5.546,-0.00095824
5.548,-0.00095633
5.55,-0.00095442
5.552,-0.00095251
5.554,-0.00095061
5.556,-0.00094871
5.558,-0.00094681
5.56,-0.00094492
5.562,-0.00094303
5.564,-0.00094115
5.566,-0.00093927
5.568,-0.00093739
5.57,-0.00093552
5.572,-0.00093365
5.574,-0.00093178
5.576,-0.00092992
5.578,-0.00092806
5.58,-0.00092621
5.582,-0.00092436
5.584,-0.00092251
5.586,-0.00092067
5.588,-0.00091883
5.59,-0.00091699
5.592,-0.00091516
5.594,-0.00091333
5.596,-0.00091151
5.598,-0.00090969
5.6,-0.00090787
5.602,-0.00090606
5.604,-0.00090425
5.606,-0.00090244
5.608,-0.00090064
5.61,-0.00089884
5.612,-0.00089704
5.614,-0.00089525
5.616,-0.00089346
5.618,-0.00089167
5.62,-0.00088989
5.622,-0.00088811
5.624,-0.00088634
5.626,-0.00088457
5.628,-0.0008828
5.63,-0.00088104
5.632,-0.00087928
5.634,-0.00087752
5.636,-0.00087577
5.638,-0.00087402
5.64,-0.00087227
5.642,-0.00087053
5.644,-0.00086879
5.646,-0.00086705
5.648,-0.00086532
5.65,-0.00086359
5.652,-0.00086187
5.654,-0.00086014
5.656,-0.00085843
5.658,-0.00085671
5.66,-0.000855
5.662,-0.00085329
5.664,-0.00085159
5.666,-0.00084988
5.668,-0.00084819
5.67,-0.00084649
5.672,-0.0008448
5.674,-0.00084311
5.676,-0.00084143
5.678,-0.00083975
5.68,-0.00083807
5.682,-0.00083639
5.684,-0.00083472
5.686,-0.00083306
5.688,-0.00083139
5.69,-0.00082973
5.692,-0.00082807
5.694,-0.00082642
5.696,-0.00082477
5.698,-0.00082312
5.7,-0.00082147
5.702,-0.00081983
5.704,-0.0008182
5.706,-0.00081656
5.708,-0.00081493
5.71,-0.0008133
5.712,-0.00081168
5.714,-0.00081005
5.716,-0.00080844
5.718,-0.00080682
5.72,-0.00080521
5.722,-0.0008036
5.724,-0.00080199
5.726,-0.00080039
5.728,-0.00079879
5.73,-0.0007972
5.732,-0.0007956
5.734,-0.00079401
5.736,-0.00079243
5.738,-0.00079084
5.74,-0.00078926
5.742,-0.00078769
5.744,-0.00078611
5.746,-0.00078454
5.748,-0.00078297
5.75,-0.00078141
5.752,-0.00077985
5.754,-0.00077829
5.756,-0.00077674
5.758,-0.00077518
5.76,-0.00077364
5.762,-0.00077209
5.764,-0.00077055
5.766,-0.00076901
5.768,-0.00076747
5.77,-0.00076594
5.772,-0.00076441
5.774,0.002302
5.776,0.0022974
5.778,0.0022928
5.78,0.0022882
5.782,0.0022837
5.784,0.0022791
5.786,0.0022746
5.788,0.00227
5.79,0.0022655
5.792,-0.00080395
5.794,-0.00080234
5.796,-0.00080074
5.798,-0.00079914
5.8,-0.00079754
5.802,-0.00079595
5.804,-0.00079436
5.806,-0.00079277
5.808,-0.0038561
5.81,-0.0038484
5.812,-0.0038407
5.814,-0.003833
5.816,-0.0038254
5.818,-0.0038177
5.82,-0.0038101
5.822,-0.0038025
5.824,-0.0037949
5.826,-0.0037873
5.828,-0.0037797
5.83,-0.0037722
5.832,-0.0037646
5.834,-0.0037571
5.836,-0.0037496
5.838,-0.0037421
5.84,-0.0037346
5.842,-0.0037272
5.844,-0.0037197
5.846,-0.0037123
5.848,-0.0037049
5.85,-0.0036975
5.852,-0.0036901
5.854,-0.0036827
5.856,-0.0036754
5.858,-0.003668
5.86,-0.0036607
5.862,-0.0036534
5.864,-0.0036461
5.866,-0.0036388
5.868,-0.0036315
5.87,-0.0036243
5.872,-0.003617
5.874,-0.0036098
5.876,-0.0036026
5.878,-0.0035954
5.88,-0.0035882
5.882,-0.003581
5.884,-0.0035739
5.886,-0.0035667
5.888,-0.0035596
5.89,-0.0035525
5.892,-0.0035454
5.894,-0.0035383
5.896,-0.0035312
5.898,-0.0035242
5.9,-0.0035172
5.902,-0.0035101
5.904,-0.0035031
5.906,-0.0034961
5.908,-0.0034891
5.91,-0.0034822
5.912,-0.0034752
5.914,-0.0034683
5.916,-0.0034613
5.918,-0.0034544
5.92,-0.0034475
5.922,-0.0034406
5.924,-0.0034337
5.926,-0.0034269
5.928,-0.00342
5.93,-0.0034132
5.932,-0.0034064
5.934,-0.0033996
5.936,-0.0033928
5.938,-0.003386
5.94,-0.0033792
5.942,-0.0033725
5.944,-0.0033658
5.946,-0.003359
5.948,-0.0033523
5.95,-0.0033456
5.952,-0.0033389
5.954,-0.0033323
5.956,-0.0033256
5.958,-0.003319
5.96,-0.0033123
5.962,-0.0033057
5.964,-0.0032991
5.966,-0.0032925
5.968,-0.0032859
5.97,-0.0032794
5.972,-0.0032728
5.974,-0.0032663
5.976,-0.0032598
5.978,-0.0032532
5.98,-0.0032467
5.982,-0.0032403
5.984,-0.0032338
5.986,-0.0032273
5.988,-0.0032209
5.99,-0.0032144
5.992,-0.003208
5.994,-0.0032016
5.996,-0.0031952
5.998,-0.0031888
6,-0.0031825
6.002,-0.0031761
6.004,-0.0031697
6.006,-0.0031634
6.008,-0.0031571
6.01,-0.0031508
6.012,-0.0031445
6.014,-0.0031382
6.016,-0.0031319
6.018,-0.0031257
6.02,-0.0031194
6.022,-0.0031132
6.024,-0.003107
6.026,-0.0031008
6.028,-0.0030946
6.03,-0.0030884
6.032,-0.0030822
6.034,-0.0030761
6.036,-0.0030699
6.038,-0.0030638
6.04,-0.0030577
6.042,-0.0030516
6.044,-0.0030455
6.046,-0.0030394
6.048,-0.0030333
6.05,-0.0030272
6.052,-0.0030212
6.054,-0.0030152
6.056,-0.0030091
6.058,-0.0030031
6.06,-0.0029971
6.062,-0.0029911
6.064,-0.0029852
6.066,-0.0029792
6.068,-0.0029732
6.07,-0.0029673
6.072,-0.0029614
6.074,-0.0029555
6.076,-0.0029495
6.078,-0.0029437
6.08,-0.0029378
6.082,-0.0029319
6.084,-0.002926
6.086,-0.0029202
6.088,-0.0029144
6.09,-0.0029085
6.092,-0.0029027
6.094,-0.0028969
6.096,-0.0028911
6.098,-0.0028854
6.1,-0.0028796
6.102,-0.0028738
6.104,-0.0028681
6.106,-0.0028624
6.108,-0.0028567
6.11,-0.0028509
6.112,-0.0028453
6.114,-0.0028396
6.116,-0.0028339
6.118,-0.0028282
6.12,-0.0028226
6.122,-0.0028169
6.124,-0.0028113
6.126,-0.0028057
6.128,-0.0028001
6.13,-0.0027945
6.132,-0.0027889
6.134,-0.0027833
6.136,-0.0027778
6.138,-0.0027722
6.14,-0.0027667
6.142,-0.0027612
6.144,-0.0027556
6.146,-0.0027501
6.148,-0.0027446
6.15,-0.0027392
6.152,-0.0027337
6.154,-0.0027282
6.156,-0.0027228
6.158,-0.0027173
6.16,-0.0027119
6.162,-0.0027065
6.164,-0.0027011
6.166,-0.0026957
6.168,-0.0026903
6.17,-0.0026849
6.172,-0.0026796
6.174,-0.0026742
6.176,-0.0026689
6.178,-0.0026635
6.18,-0.0026582
6.182,-0.0026529
6.184,-0.0026476
6.186,-0.0026423
6.188,-0.002637
6.19,-0.0026318
6.192,-0.0026265
6.194,-0.0026213
6.196,-0.002616
6.198,-0.0026108
6.2,-0.0026056
6.202,-0.0026004
6.204,-0.0025952
6.206,-0.00259
6.208,-0.0025848
6.21,-0.0025796
6.212,-0.0025745
6.214,-0.0025693
6.216,-0.0025642
6.218,-0.0025591
6.22,-0.002554
6.222,-0.0025489
6.224,-0.0025438
6.226,-0.0025387
6.228,-0.0025336
6.23,-0.0025286
6.232,-0.0025235
6.234,-0.0025185
6.236,-0.0025134
6.238,-0.0025084
6.24,-0.0025034
6.242,-0.0024984
6.244,-0.0024934
6.246,-0.0024884
6.248,-0.0024835
6.25,-0.0024785
6.252,-0.0024735
6.254,-0.0024686
6.256,-0.0024637
6.258,-0.0024587
6.26,-0.0024538
6.262,-0.0024489
6.264,-0.002444
6.266,-0.0024392
6.268,-0.0024343
6.27,-0.0024294
6.272,-0.0024246
6.274,-0.0024197
6.276,-0.0024149
6.278,-0.0024101
6.28,-0.0024052
6.282,-0.0024004
6.284,-0.0023956
6.286,-0.0023909
6.288,-0.0023861
6.29,-0.0023813
6.292,-0.0023766
6.294,-0.0023718
6.296,-0.0023671
6.298,-0.0023623
6.3,-0.0023576
6.302,-0.0023529
6.304,-0.0023482
6.306,-0.0023435
6.308,-0.0023388
6.31,-0.0023342
6.312,-0.0023295
6.314,-0.0023248
6.316,-0.0023202
6.318,-0.0023156
6.32,-0.0023109
6.322,-0.0023063
6.324,-0.0023017
6.326,-0.0022971
6.328,-0.0022925
6.33,-0.0022879
6.332,-0.0022834
6.334,-0.0022788
6.336,-0.0022743
6.338,-0.0022697
6.34,-0.0022652
6.342,-0.0022606
6.344,-0.0022561
6.346,-0.0022516
6.348,-0.0022471
6.35,-0.0022426
6.352,-0.0022382
6.354,-0.0052986
6.356,-0.005288
6.358,-0.0052774
6.36,-0.0052669
6.362,-0.0052564
6.364,-0.0052459
6.366,-0.0052354
6.368,-0.0052249
6.37,-0.0052145
6.372,-0.0052041
6.374,-0.0051937
6.376,-0.0021184
6.378,-0.0021142
6.38,-0.0021099
6.382,-0.0021057
6.384,-0.0021015
6.386,-0.0020973
6.388,-0.0020931
6.39,-0.0020889
6.392,0.00098014
6.394,0.00097818
6.396,0.00097622
6.398,0.00097427
6.4,0.00097233
6.402,0.00097038
6.404,0.00096844
6.406,0.00096651
6.408,0.00096458
6.41,0.0040275
6.412,0.0040195
6.414,0.0040115
6.416,0.0040035
6.418,0.0039955
6.42,0.0039875
6.422,0.0039795
6.424,0.0039716
6.426,0.0039636
6.428,0.0039557
6.43,0.0039478
6.432,0.0039399
6.434,0.003932
6.436,0.0039242
6.438,0.00085144
6.44,0.00084974
6.442,0.00084804
6.444,0.00084635
6.446,0.00084466
6.448,0.00084297
6.45,0.00084129
6.452,0.00083961
6.454,0.00083793
6.456,0.00083625
6.458,0.00083458
6.46,0.00083292
6.462,-0.0022336
6.464,-0.0022292
6.466,-0.0022247
6.468,-0.0022203
6.47,-0.0022158
6.472,-0.0022114
6.474,-0.002207
6.476,-0.0022026
6.478,-0.0021982
6.48,-0.0021938
6.482,-0.0021894
6.484,-0.002185
6.486,0.00088422
6.488,0.00088245
6.49,0.00088069
6.492,0.00087893
6.494,0.00087718
6.496,0.00087542
6.498,0.00087367
6.5,0.00087193
6.502,0.00087019
6.504,0.0039333
6.506,0.0039255
6.508,0.0039176
6.51,0.0039098
6.512,0.003902
6.514,0.0038942
6.516,0.0038864
6.518,0.0038787
6.52,0.0038709
6.522,0.0038632
6.524,0.0038555
6.526,0.0038478
6.528,0.0038401
6.53,0.0038324
6.532,0.0038247
6.534,0.0007522
6.536,0.0007507
6.538,0.0007492
6.54,0.0007477
6.542,0.00074621
6.544,0.00074472
6.546,0.00074323
6.548,0.00074174
6.55,0.00074026
6.552,0.00073878
6.554,0.00073731
6.556,0.00073583
6.558,0.00073436
6.56,0.00073289
6.562,0.00073143
6.564,0.00072997
6.566,-0.0023364
6.568,-0.0023317
6.57,-0.0023271
6.572,-0.0023224
6.574,-0.0023178
6.576,-0.0023131
6.578,-0.0023085
6.58,-0.0023039
6.582,-0.0022993
6.584,-0.0022947
6.586,0.00077477
6.588,0.00077323
6.59,0.00077168
6.592,0.00077014
6.594,0.0007686
6.596,0.00076706
6.598,0.00076553
6.6,0.000764
6.602,0.00076248
6.604,0.00076095
6.606,0.00075943
6.608,0.00075791
6.61,0.0007564
6.612,0.0038198
6.614,0.0038122
6.616,0.0038045
6.618,0.0037969
6.62,0.0037893
6.622,0.0037818
6.624,0.0037742
6.626,0.0037667
6.628,0.0037592
6.63,0.0037516
6.632,0.0037441
6.634,0.0037367
6.636,0.00066431
6.638,0.00066298
6.64,0.00066165
6.642,0.00066033
6.644,0.00065901
6.646,0.0006577
6.648,0.00065638
6.65,0.00065507
6.652,0.00065376
6.654,0.00065246
6.656,0.00065115
6.658,0.00064985
6.66,0.00064855
6.662,0.00064726
6.664,0.00064596
6.666,-0.0024202
6.668,-0.0024154
6.67,-0.0024106
6.672,-0.0024057
6.674,-0.0024009
6.676,-0.0023961
6.678,-0.0023914
6.68,-0.0023866
6.682,-0.0023818
6.684,-0.002377
6.686,-0.0023723
6.688,-0.0023676
6.69,0.00070207
6.692,0.00070066
6.694,0.00069926
6.696,0.00069787
6.698,0.00069647
6.7,0.00069508
6.702,0.00069369
6.704,0.00069231
6.706,0.00069092
6.708,0.00068954
6.71,0.0037531
6.712,0.0037456
6.714,0.0037381
6.716,0.0037306
6.718,0.0037232
6.72,0.0037157
6.722,0.0037083
6.724,0.0037009
6.726,0.0036935
6.728,0.0036861
6.73,0.0036787
6.732,0.0036714
6.734,0.0036641
6.736,0.0036567
6.738,0.0036494
6.74,0.0036421
6.742,0.0036349
6.744,0.0036276
6.746,0.0036204
6.748,0.0036131
6.75,0.000541
6.752,0.00053992
6.754,0.00053885
6.756,0.00053777
6.758,0.00053669
6.76,0.00053562
6.762,0.00053455
6.764,0.00053348
6.766,0.00053242
6.768,0.00053135
6.77,0.00053029
6.772,0.00052923
6.774,0.00052818
6.776,0.00052712
6.778,0.00052607
6.78,-0.0025399
6.782,-0.0025348
6.784,-0.0025297
6.786,-0.0025247
6.788,-0.0025196
6.79,-0.0025146
6.792,-0.0025096
6.794,-0.0025046
6.796,-0.0024996
6.798,-0.0024946
6.8,-0.0024896
6.802,-0.0024846
6.804,-0.0024796
6.806,-0.0024747
6.808,-0.0024698
6.81,-0.0024648
6.812,0.00060501
6.814,0.0006038
6.816,0.00060259
6.818,0.00060139
6.82,0.00060018
6.822,0.00059899
6.824,0.00059779
6.826,0.00059659
6.828,0.0005954
6.83,0.00059421
6.832,0.00059303
6.834,0.00059184
6.836,0.00059066
6.838,0.00058948
6.84,0.0005883
6.842,0.00058712
6.844,0.00058595
6.846,0.00058478
6.848,0.00058361
6.85,0.00058245
6.852,0.00058128
6.854,0.00058012
6.856,0.00057896
6.858,0.00057781
6.86,0.00057665
6.862,0.0005755
6.864,0.00057435
6.866,0.0005732
6.868,0.00057206
6.87,0.00057091
6.872,0.00056977
6.874,0.0036335
6.876,0.0036263
6.878,0.003619
6.88,0.0036118
6.882,0.0036046
6.884,0.0035974
6.886,0.0035902
6.888,0.003583
6.89,0.0035759
6.892,0.00050382
6.894,0.00050281
6.896,0.0005018
6.898,0.0005008
6.9,0.0004998
6.902,0.0004988
6.904,0.00049781
6.906,0.00049681
6.908,0.00049582
6.91,-0.0025701
6.912,-0.0025649
6.914,-0.0025598
6.916,-0.0025547
6.918,-0.0025496
6.92,-0.0025445
6.922,-0.0025394
6.924,-0.0025343
6.926,-0.0025293
6.928,-0.0025242
6.93,-0.0025192
6.932,-0.0025141
6.934,-0.0025091
6.936,-0.0025041
6.938,-0.0024991
6.94,-0.0024941
6.942,-0.0024891
6.944,-0.0024842
6.946,-0.0024792
6.948,-0.0024742
6.95,-0.0024693
6.952,-0.0024644
6.954,-0.0024594
6.956,-0.0024545
6.958,-0.0024496
6.96,-0.0024447
6.962,-0.0024398
6.964,-0.002435
6.966,-0.0024301
6.968,-0.0024252
6.97,-0.0024204
6.972,-0.0024156
6.974,-0.0024107
6.976,-0.0024059
6.978,-0.0024011
6.98,-0.0023963
6.982,-0.0023915
6.984,-0.0023867
6.986,-0.002382
6.988,-0.0023772
6.99,-0.0023725
6.992,-0.0023677
6.994,-0.002363
6.996,-0.0023583
6.998,-0.0023536
7,-0.0023489
7.002,-0.0023442
7.004,-0.0023395
7.006,-0.0023348
7.008,-0.0023301
7.01,-0.0023255
7.012,-0.0023208
7.014,-0.0023162
7.016,-0.0023116
7.018,-0.002307
7.02,-0.0023024
7.022,-0.0022978
7.024,-0.0022932
7.026,-0.0022886
7.028,-0.002284
7.03,-0.0022794
7.032,-0.0022749
7.034,-0.0022703
7.036,-0.0022658
7.038,-0.0022613
7.04,-0.0022568
7.042,-0.0022523
7.044,-0.0022478
7.046,-0.0022433
7.048,-0.0022388
7.05,-0.0022343
7.052,-0.0022298
7.054,-0.0022254
7.056,-0.0022209
7.058,-0.0022165
7.06,-0.0022121
7.062,-0.0022077
7.064,-0.0022032
7.066,-0.0021988
7.068,-0.0021945
7.07,-0.0021901
7.072,-0.0021857
7.074,-0.0021813
7.076,-0.002177
7.078,-0.0021726
7.08,-0.0021683
7.082,-0.0021639
7.084,-0.0021596
7.086,-0.0021553
7.088,-0.002151
7.09,-0.0021467
7.092,-0.0021424
7.094,-0.0021381
7.096,-0.0021339
7.098,-0.0021296
7.1,-0.0021253
7.102,-0.0021211
7.104,-0.0021169
7.106,-0.0021126
7.108,-0.0021084
7.11,-0.0021042
7.112,-0.0021
7.114,-0.0020958
7.116,-0.0020916
7.118,-0.0020874
7.12,-0.0020833
7.122,-0.0020791
7.124,-0.0020749
7.126,-0.0020708
7.128,-0.0020667
7.13,-0.0020625
7.132,-0.0020584
7.134,-0.0020543
7.136,-0.0020502
7.138,-0.0020461
7.14,-0.002042
7.142,-0.0020379
7.144,-0.0020339
7.146,-0.0020298
7.148,-0.0020257
7.15,-0.0020217
7.152,-0.0020176
7.154,-0.0020136
7.156,-0.0020096
7.158,-0.0020056
7.16,-0.0020016
7.162,-0.0019976
7.164,-0.0019936
7.166,-0.0019896
7.168,-0.0019856
7.17,-0.0019817
7.172,-0.0019777
7.174,-0.0019737
7.176,-0.0019698
7.178,-0.0019659
7.18,-0.0019619
7.182,-0.001958
7.184,-0.0019541
7.186,-0.0019502
7.188,-0.0019463
7.19,-0.0019424
7.192,-0.0019385
7.194,-0.0019347
7.196,-0.0019308
7.198,-0.0019269
7.2,-0.0019231
7.202,-0.0019192
7.204,-0.0019154
7.206,-0.0019116
7.208,-0.0019078
7.21,-0.001904
7.212,-0.0019001
7.214,-0.0018964
7.216,-0.0018926
7.218,-0.0018888
7.22,-0.001885
7.222,-0.0018812
7.224,-0.0018775
7.226,-0.0018737
7.228,-0.00187
7.23,-0.0018663
7.232,-0.0018625
7.234,-0.0018588
7.236,-0.0018551
7.238,-0.0018514
7.24,-0.0018477
7.242,-0.001844
7.244,-0.0018403
7.246,-0.0018366
7.248,-0.001833
7.25,-0.0018293
7.252,-0.0018256
7.254,-0.001822
7.256,-0.0018184
7.258,-0.0018147
7.26,-0.0018111
7.262,-0.0018075
7.264,-0.0018039
7.266,-0.0018003
7.268,-0.0017967
7.27,-0.0017931
7.272,-0.0017895
7.274,-0.0017859
7.276,-0.0017823
7.278,-0.0017788
7.28,-0.0017752
7.282,-0.0017717
7.284,-0.0017681
7.286,-0.0017646
7.288,-0.0017611
7.29,-0.0017576
7.292,-0.0017541
7.294,-0.0017506
7.296,-0.0017471
7.298,-0.0017436
7.3,-0.0017401
7.302,-0.0017366
7.304,-0.0017331
7.306,-0.0017297
7.308,-0.0017262
7.31,-0.0017228
7.312,-0.0017193
7.314,-0.0017159
7.316,-0.0017125
7.318,-0.001709
7.32,-0.0017056
7.322,-0.0017022
7.324,-0.0016988
7.326,-0.0016954
7.328,-0.001692
7.33,-0.0016887
7.332,-0.0016853
7.334,-0.0016819
7.336,-0.0016786
7.338,-0.0016752
7.34,-0.0016719
7.342,-0.0016685
7.344,-0.0016652
7.346,-0.0016619
7.348,-0.0016585
7.35,-0.0016552
7.352,-0.0016519
7.354,-0.0016486
7.356,-0.0016453
7.358,-0.001642
7.36,-0.0016387
7.362,-0.0016355
7.364,-0.0016322
7.366,-0.0016289
7.368,-0.0016257
7.37,-0.0016224
7.372,-0.0016192
7.374,-0.001616
7.376,-0.0016127
7.378,-0.0016095
7.38,-0.0016063
7.382,-0.0016031
7.384,-0.0015999
7.386,-0.0015967
7.388,-0.0015935
7.39,-0.0015903
7.392,-0.0015871
7.394,-0.001584
7.396,-0.0015808
7.398,-0.0015776
7.4,-0.0015745
7.402,-0.0015713
7.404,-0.0015682
7.406,-0.0015651
7.408,-0.0015619
7.41,-0.0015588
7.412,-0.0015557
7.414,-0.0015526
7.416,-0.0015495
7.418,-0.0015464
7.42,-0.0015433
7.422,-0.0015402
7.424,-0.0015372
7.426,-0.0015341
7.428,-0.001531
7.43,-0.001528
7.432,-0.0015249
7.434,-0.0015219
7.436,-0.0015188
7.438,-0.0015158
7.44,-0.0015128
7.442,-0.0015097
7.444,-0.0015067
7.446,-0.0015037
7.448,-0.0015007
7.45,-0.0014977
7.452,-0.0014947
7.454,-0.0014917
7.456,-0.0014887
7.458,-0.0014858
7.46,-0.0014828
7.462,-0.0014798
7.464,-0.0014769
7.466,-0.0014739
7.468,-0.001471
7.47,-0.001468
7.472,-0.0014651
7.474,-0.0014622
7.476,-0.0014593
7.478,-0.0014563
7.48,-0.0014534
7.482,-0.0014505
7.484,-0.0014476
7.486,-0.0014447
7.488,-0.0014419
7.49,-0.001439
7.492,-0.0014361
7.494,-0.0014332
7.496,-0.0014304
7.498,-0.0014275
7.5,-0.0014247
7.502,-0.0014218
7.504,-0.001419
7.506,-0.0014161
7.508,-0.0014133
7.51,-0.0014105
7.512,-0.0014077
7.514,-0.0014049
7.516,-0.001402
7.518,-0.0013992
7.52,-0.0013964
7.522,-0.0013937
7.524,-0.0013909
7.526,-0.0013881
7.528,-0.0013853
7.53,-0.0013826
7.532,-0.0013798
7.534,-0.001377
7.536,-0.0013743
7.538,-0.0013715
7.54,-0.0013688
7.542,-0.0013661
7.544,-0.0013633
7.546,-0.0013606
7.548,-0.0013579
7.55,-0.0013552
7.552,-0.0013525
7.554,-0.0013498
7.556,-0.0013471
7.558,-0.0013444
7.56,-0.0013417
7.562,-0.001339
7.564,-0.0013363
7.566,-0.0013337
7.568,-0.001331
7.57,-0.0013283
7.572,-0.0013257
7.574,-0.001323
7.576,-0.0013204
7.578,-0.0013178
7.58,-0.0013151
7.582,-0.0013125
7.584,-0.0013099
7.586,-0.0013073
7.588,-0.0013046
7.59,-0.001302
7.592,-0.0012994
7.594,-0.0012968
7.596,-0.0012943
7.598,-0.0012917
7.6,-0.0012891
7.602,-0.0012865
7.604,-0.0012839
7.606,-0.0012814
7.608,-0.0012788
7.61,-0.0012763
7.612,-0.0012737
7.614,-0.0012712
7.616,-0.0012686
7.618,-0.0012661
7.62,-0.0012636
7.622,-0.001261
7.624,-0.0012585
7.626,-0.001256
7.628,-0.0012535
7.63,-0.001251
7.632,-0.0012485
7.634,-0.001246
7.636,-0.0012435
7.638,-0.001241
7.64,-0.0012385
7.642,-0.0012361
7.644,-0.0012336
7.646,-0.0012311
7.648,-0.0012287
7.65,-0.0012262
7.652,-0.0012238
7.654,-0.0012213
7.656,-0.0012189
7.658,-0.0012164
7.66,-0.001214
7.662,-0.0012116
7.664,-0.0012092
7.666,-0.0012068
7.668,-0.0012043
7.67,-0.0012019
7.672,-0.0011995
7.674,-0.0011971
7.676,-0.0011947
7.678,-0.0011924
7.68,-0.00119
7.682,-0.0011876
7.684,-0.0011852
7.686,-0.0011829
7.688,-0.0011805
7.69,-0.0011781
7.692,-0.0011758
7.694,-0.0011734
7.696,-0.0011711
7.698,-0.0011687
7.7,-0.0011664
7.702,-0.0011641
7.704,-0.0011618
7.706,-0.0011594
7.708,-0.0011571
7.71,-0.0011548
7.712,-0.0011525
7.714,-0.0011502
7.716,-0.0011479
7.718,-0.0011456
7.72,-0.0011433
7.722,-0.001141
7.724,-0.0011388
7.726,-0.0011365
7.728,-0.0011342
7.73,-0.0011319
7.732,-0.0011297
7.734,-0.0011274
7.736,-0.0011252
7.738,-0.0011229
7.74,-0.0011207
7.742,-0.0011184
7.744,-0.0011162
7.746,-0.001114
7.748,-0.0011117
7.75,-0.0011095
7.752,-0.0011073
7.754,-0.0011051
7.756,-0.0011029
7.758,-0.0011007
7.76,-0.0010985
7.762,-0.0010963
7.764,-0.0010941
7.766,-0.0010919
7.768,-0.0010897
7.77,-0.0010876
7.772,-0.0010854
7.774,-0.0010832
7.776,-0.001081
7.778,-0.0010789
7.78,-0.0010767
7.782,-0.0010746
7.784,-0.0010724
7.786,-0.0010703
7.788,-0.0010682
7.79,-0.001066
7.792,-0.0010639
7.794,-0.0010618
7.796,-0.0010596
7.798,-0.0010575
7.8,-0.0010554
7.802,-0.0010533
7.804,-0.0010512
7.806,-0.0010491
7.808,-0.001047
7.81,-0.0010449
7.812,-0.0010428
7.814,-0.0010407
7.816,-0.0010387
7.818,-0.0010366
7.82,-0.0010345
7.822,-0.0010324
7.824,-0.0010304
7.826,-0.0010283
7.828,-0.0010263
7.83,-0.0010242
7.832,-0.0010222
7.834,-0.0010201
7.836,-0.0010181
7.838,-0.0010161
7.84,-0.001014
7.842,-0.001012
7.844,-0.00101
7.846,-0.001008
7.848,-0.0010059
7.85,-0.0010039
7.852,-0.0010019
7.854,-0.00099993
7.856,-0.00099793
7.858,-0.00099594
7.86,-0.00099395
7.862,-0.00099196
7.864,-0.00098998
7.866,-0.000988
7.868,-0.00098603
7.87,-0.00098406
7.872,-0.00098209
7.874,-0.00098013
7.876,-0.00097817
7.878,-0.00097622
7.88,-0.00097427
7.882,-0.00097232
7.884,-0.00097038
7.886,-0.00096844
7.888,-0.00096651
7.89,-0.00096457
7.892,-0.00096265
7.894,-0.00096072
7.896,-0.0009588
7.898,-0.00095689
7.9,-0.00095498
7.902,-0.00095307
7.904,-0.00095116
7.906,-0.00094926
7.908,-0.00094737
7.91,-0.00094548
7.912,-0.00094359
7.914,-0.0009417
7.916,-0.00093982
7.918,-0.00093794
7.92,-0.00093607
7.922,-0.0009342
7.924,-0.00093233
7.926,-0.00093047
7.928,-0.00092861
7.93,-0.00092675
7.932,-0.0009249
7.934,-0.00092305
7.936,-0.00092121
7.938,-0.00091937
7.94,-0.00091753
7.942,-0.0009157
7.944,-0.00091387
7.946,-0.00091204
7.948,-0.00091022
7.95,-0.0009084
7.952,-0.00090659
7.954,-0.00090478
7.956,-0.00090297
7.958,-0.00090116
7.96,-0.00089936
7.962,-0.00089757
7.964,-0.00089577
7.966,-0.00089398
7.968,-0.0008922
7.97,-0.00089041
7.972,-0.00088864
7.974,-0.00088686
7.976,-0.00088509
7.978,-0.00088332
7.98,-0.00088156
7.982,-0.00087979
7.984,-0.00087804
7.986,-0.00087628
7.988,-0.00087453
7.99,-0.00087278
7.992,-0.00087104
7.994,-0.0008693
7.996,-0.00086756
7.998,-0.00086583
8,-0.0008641
8.002,-0.00086237
8.004,-0.00086065
8.006,-0.00085893
8.008,-0.00085721
8.01,-0.0008555
8.012,-0.00085379
8.014,-0.00085209
8.016,-0.00085038
8.018,-0.00084868
8.02,-0.00084699
8.022,-0.0008453
8.024,-0.00084361
8.026,-0.00084192
8.028,-0.00084024
8.03,-0.00083856
8.032,-0.00083689
8.034,-0.00083521
8.036,-0.00083354
8.038,-0.00083188
8.04,-0.00083022
8.042,-0.00082856
8.044,-0.0008269
8.046,-0.00082525
8.048,-0.0008236
8.05,-0.00082196
8.052,-0.00082031
8.054,-0.00081868
8.056,-0.00081704
8.058,-0.00081541
8.06,-0.00081378
8.062,-0.00081215
8.064,-0.00081053
8.066,-0.00080891
8.068,-0.00080729
8.07,-0.00080568
8.072,-0.00080407
8.074,-0.00080246
8.076,-0.00080086
8.078,-0.00079926
8.08,-0.00079766
8.082,-0.00079607
8.084,-0.00079448
8.086,-0.00079289
8.088,-0.00079131
8.09,-0.00078973
8.092,-0.00078815
8.094,-0.00078657
8.096,-0.000785
8.098,-0.00078343
8.1,-0.00078187
8.102,-0.00078031
8.104,-0.00077875
8.106,-0.00077719
8.108,-0.00077564
8.11,-0.00077409
8.112,-0.00077254
8.114,-0.000771
8.116,-0.00076946
8.118,-0.00076792
8.12,-0.00076639
8.122,-0.00076486
8.124,-0.00076333
8.126,-0.0007618
8.128,-0.00076028
8.13,-0.00075876
8.132,-0.00075725
8.134,-0.00075573
8.136,-0.00075422
8.138,-0.00075272
8.14,-0.00075121
8.142,-0.00074971
8.144,-0.00074821
8.146,-0.00074672
8.148,-0.00074523
8.15,-0.00074374
8.152,-0.00074225
8.154,-0.00074077
8.156,-0.00073929
8.158,-0.00073781
8.16,-0.00073634
8.162,-0.00073487
8.164,-0.0007334
8.166,-0.00073193
8.168,-0.0037954
8.17,-0.0037878
8.172,-0.0037802
8.174,-0.0037727
8.176,-0.0037651
8.178,-0.0037576
8.18,-0.0037501
8.182,-0.0037426
8.184,-0.0037351
8.186,-0.0037277
8.188,-0.00065532
8.19,-0.00065401
8.192,-0.0006527
8.194,-0.0006514
8.196,-0.00065009
8.198,-0.0006488
8.2,-0.0006475
8.202,0.0024187
8.204,0.0024139
8.206,0.002409
8.208,0.0024042
8.21,0.0023994
8.212,0.0023946
8.214,0.0054547
8.216,0.0054438
8.218,0.005433
8.22,0.0054221
8.222,0.0054113
8.224,0.0054005
8.226,0.0053897
8.228,0.0053789
8.23,0.0053682
8.232,0.0053574
8.234,0.0053467
8.236,0.005336
8.238,0.0053254
8.24,0.0053147
8.242,0.0053041
8.244,0.0052935
8.246,0.0052829
8.248,0.0052724
8.25,0.0052619
8.252,0.0052513
8.254,0.0052409
8.256,0.0052304
8.258,0.0052199
8.26,0.0052095
8.262,0.0051991
8.264,0.0051887
8.266,0.0051783
8.268,0.005168
8.27,0.0051577
8.272,0.0051474
8.274,0.0051371
8.276,0.0051268
8.278,0.0051166
8.28,0.0020415
8.282,0.0020374
8.284,0.0020333
8.286,0.0020292
8.288,0.0020252
8.29,0.0020211
8.292,0.0020171
8.294,0.0020131
8.296,0.002009
8.298,0.002005
8.3,0.002001
8.302,0.001997
8.304,0.001993
8.306,0.0019891
8.308,0.0019851
8.31,0.0019811
8.312,0.0019772
8.314,0.0019732
8.316,0.0019693
8.318,0.0019653
8.32,0.0019614
8.322,0.0019575
8.324,0.0050185
8.326,0.0050084
8.328,0.0049984
8.33,0.0049885
8.332,0.0049785
8.334,0.0049685
8.336,0.0049586
8.338,0.0049487
8.34,0.0049388
8.342,0.0049289
8.344,0.0049191
8.346,0.0018444
8.348,0.0018407
8.35,0.001837
8.352,0.0018333
8.354,0.0018297
8.356,0.001826
8.358,0.0018224
8.36,0.0018187
8.362,0.0018151
8.364,0.0018115
8.366,0.0018079
8.368,0.0018042
8.37,0.0018006
8.372,0.001797
8.374,0.0017934
8.376,0.0017899
8.378,0.0017863
8.38,0.0017827
8.382,0.0017792
8.384,0.0017756
8.386,0.0017721
8.388,0.0017685
8.39,0.001765
8.392,0.0017615
8.394,0.0017579
8.396,0.0017544
8.398,0.0017509
8.4,0.0017474
8.402,0.0017439
8.404,0.0017404
8.406,0.001737
8.408,0.0017335
8.41,0.00173
8.412,0.0017266
8.414,0.0017231
8.416,0.0017197
8.418,0.0017162
8.42,0.0017128
8.422,0.0017094
8.424,0.001706
8.426,0.0017026
8.428,0.0016992
8.43,0.0016958
8.432,0.0016924
8.434,0.001689
8.436,0.0016856
8.438,0.0016823
8.44,0.0016789
8.442,0.0016755
8.444,0.0016722
8.446,0.0016689
8.448,0.0016655
8.45,0.0016622
8.452,0.0016589
8.454,0.0016556
8.456,0.0016523
8.458,0.001649
8.46,0.0016457
8.462,0.0016424
8.464,0.0016391
8.466,0.0016358
8.468,0.0016325
8.47,0.0016293
8.472,0.001626
8.474,0.0016228
8.476,0.0016195
8.478,0.0016163
8.48,0.0016131
8.482,0.0016098
8.484,0.0016066
8.486,0.0016034
8.488,0.0016002
8.49,0.001597
8.492,0.0015938
8.494,0.0015906
8.496,0.0015875
8.498,0.0015843
8.5,0.0015811
8.502,0.001578
8.504,0.0015748
8.506,0.0015717
8.508,0.0015685
8.51,0.0015654
8.512,0.0015623
8.514,0.0015591
8.516,0.001556
8.518,0.0015529
8.52,0.0015498
8.522,0.0015467
8.524,0.0015436
8.526,0.0015406
8.528,0.0015375
8.53,0.0015344
8.532,0.0015313
8.534,0.0015283
8.536,0.0015252
8.538,0.0015222
8.54,0.0015191
8.542,0.0015161
8.544,0.0015131
8.546,0.00151
8.548,0.001507
8.55,0.001504
8.552,0.001501
8.554,0.001498
8.556,0.001495
8.558,0.001492
8.56,0.0014891
8.562,0.0014861
8.564,0.0014831
8.566,0.0014801
8.568,0.0014772
8.57,0.0014742
8.572,0.0014713
8.574,0.0014684
8.576,0.0014654
8.578,0.0014625
8.58,0.0014596
8.582,0.0014567
8.584,0.0014537
8.586,0.0014508
8.588,0.0014479
8.59,0.001445
8.592,0.0014422
8.594,0.0014393
8.596,0.0014364
8.598,0.0014335
8.6,0.0014307
8.602,0.0014278
8.604,0.001425
8.606,0.0014221
8.608,0.0014193
8.61,0.0014164
8.612,0.0014136
8.614,0.0014108
8.616,0.001408
8.618,0.0014051
8.62,0.0014023
8.622,0.0013995
8.624,0.0013967
8.626,0.0013939
8.628,0.0013912
8.63,0.0013884
8.632,0.0013856
8.634,0.0013828
8.636,0.0013801
8.638,0.0013773
8.64,0.0013746
8.642,0.0013718
8.644,0.0013691
8.646,0.0013663
8.648,0.0013636
8.65,0.0013609
8.652,0.0013582
8.654,0.0013555
8.656,0.0013528
8.658,0.00135
8.66,0.0013473
8.662,0.0013447
8.664,0.001342
8.666,0.0013393
8.668,0.0013366
8.67,0.0013339
8.672,0.0013313
8.674,0.0013286
8.676,0.001326
8.678,0.0013233
8.68,0.0013207
8.682,0.001318
8.684,0.0013154
8.686,0.0013128
8.688,0.0013101
8.69,0.0013075
8.692,0.0013049
8.694,0.0013023
8.696,0.0012997
8.698,0.0012971
8.7,0.0012945
8.702,0.0012919
8.704,0.0012894
8.706,0.0012868
8.708,0.0012842
8.71,0.0012816
8.712,0.0012791
8.714,0.0012765
8.716,0.001274
8.718,0.0012714
8.72,0.0012689
8.722,0.0012664
8.724,0.0012638
8.726,0.0012613
8.728,0.0012588
8.73,0.0012563
8.732,0.0012538
8.734,0.0012512
8.736,0.0012487
8.738,0.0043111
8.74,0.0043025
8.742,0.0042939
8.744,0.0042854
8.746,0.0042768
8.748,0.0042683
8.75,0.0042597
8.752,0.0042512
8.754,0.0042427
8.756,0.0042342
8.758,0.0011609
8.76,0.0011586
8.762,0.0011562
8.764,0.0011539
8.766,0.0011516
8.768,0.0011493
8.77,0.001147
8.772,0.0011447
8.774,-0.0019224
8.776,-0.0019186
8.778,-0.0019148
8.78,-0.0019109
8.782,-0.0019071
8.784,-0.0019033
8.786,-0.0018995
8.788,-0.0018957
8.79,-0.0018919
8.792,-0.0018881
8.794,-0.0018844
8.796,-0.0018806
8.798,-0.0018768
8.8,-0.0018731
8.802,-0.0018694
8.804,-0.0018656
8.806,-0.0018619
8.808,-0.0018582
8.81,-0.0018545
8.812,-0.0018508
8.814,-0.0018471
8.816,-0.0018434
8.818,-0.0018397
8.82,-0.001836
8.822,-0.0018323
8.824,-0.0018287
8.826,-0.001825
8.828,-0.0018214
8.83,-0.0018177
8.832,-0.0018141
8.834,-0.0018105
8.836,-0.0018069
8.838,-0.0018033
8.84,-0.0017997
8.842,-0.0017961
8.844,-0.0017925
8.846,-0.0017889
8.848,-0.0017853
8.85,-0.0017817
8.852,-0.0017782
8.854,-0.0017746
8.856,-0.0017711
8.858,-0.0017676
8.86,-0.001764
8.862,-0.0017605
8.864,-0.001757
8.866,-0.0017535
8.868,-0.00175
8.87,-0.0017465
8.872,-0.001743
8.874,-0.0017395
8.876,-0.001736
8.878,-0.0017326
8.88,-0.0017291
8.882,-0.0017256
8.884,-0.0017222
8.886,-0.0017187
8.888,-0.0017153
8.89,-0.0017119
8.892,-0.0017085
8.894,-0.0017051
8.896,-0.0017016
8.898,-0.0016982
8.9,-0.0016949
8.902,-0.0016915
8.904,-0.0016881
8.906,-0.0016847
8.908,-0.0016813
8.91,-0.001678
8.912,-0.0016746
8.914,-0.0016713
8.916,-0.0016679
8.918,-0.0016646
8.92,-0.0016613
8.922,-0.001658
8.924,-0.0016547
8.926,-0.0016514
8.928,-0.0016481
8.93,-0.0016448
8.932,-0.0016415
8.934,-0.0016382
8.936,-0.0016349
8.938,-0.0016317
8.94,-0.0016284
8.942,-0.0016251
8.944,-0.0016219
8.946,-0.0016187
8.948,-0.0016154
8.95,-0.0016122
8.952,-0.001609
8.954,-0.0016058
8.956,-0.0016025
8.958,-0.0015993
8.96,-0.0015962
8.962,-0.001593
8.964,-0.0015898
8.966,-0.0015866
8.968,-0.0015834
8.97,-0.0015803
8.972,-0.0015771
8.974,-0.001574
8.976,-0.0015708
8.978,-0.0015677
8.98,-0.0015645
8.982,-0.0015614
8.984,-0.0015583
8.986,-0.0015552
8.988,-0.0015521
8.99,-0.001549
8.992,-0.0015459
8.994,-0.0015428
8.996,-0.0015397
8.998,-0.0015366
9,-0.0015336
9.002,-0.0015305
9.004,-0.0015274
9.006,-0.0015244
9.008,-0.0015213
9.01,-0.0015183
9.012,-0.0015153
9.014,-0.0015122
9.016,-0.0015092
9.018,-0.0015062
9.02,-0.0015032
9.022,-0.0015002
9.024,-0.0014972
9.026,-0.0014942
9.028,-0.0014912
9.03,-0.0014882
9.032,-0.0014853
9.034,-0.0014823
9.036,-0.0014793
9.038,-0.0014764
9.04,-0.0014734
9.042,-0.0014705
9.044,-0.0014676
9.046,-0.0014646
9.048,-0.0014617
9.05,-0.0014588
9.052,-0.0014559
9.054,-0.0045178
9.056,-0.0045088
9.058,-0.0044998
9.06,-0.0044908
9.062,-0.0044818
9.064,-0.0044729
9.066,-0.004464
9.068,-0.004455
9.07,-0.0044461
9.072,-0.0044373
9.074,-0.0013635
9.076,-0.0013608
9.078,-0.001358
9.08,-0.0013553
9.082,-0.0013526
9.084,-0.0013499
9.086,-0.0013472
9.088,0.0017204
9.09,0.0017169
9.092,0.0017135
9.094,0.0017101
9.096,0.0017067
9.098,0.0017032
9.1,0.0047647
9.102,0.0047552
9.104,0.0047457
9.106,0.0047362
9.108,0.0047268
9.11,0.0047173
9.112,0.0047079
9.114,0.0046985
9.116,0.0046891
9.118,0.0046797
9.12,0.0046704
9.122,0.0046611
9.124,0.0046517
9.126,0.0046425
9.128,0.0046332
9.13,0.0046239
9.132,0.0046147
9.134,0.0046055
9.136,0.0045963
9.138,0.0045871
9.14,0.0045779
9.142,0.0045688
9.144,0.0045596
9.146,0.0045505
9.148,0.0045414
9.15,0.0045324
9.152,0.0045233
9.154,0.0045143
9.156,0.0045052
9.158,0.0044962
9.16,0.0044873
9.162,0.0044783
9.164,0.0044693
9.166,0.0044604
9.168,0.0044515
9.17,0.0044426
9.172,0.0044337
9.174,0.00136
9.176,0.0013573
9.178,0.0013546
9.18,0.0013518
9.182,0.0013491
9.184,0.0013465
9.186,0.0013438
9.188,0.0013411
9.19,0.0013384
9.192,0.0013357
9.194,0.0013331
9.196,0.0013304
9.198,0.0013277
9.2,0.0013251
9.202,0.0013224
9.204,0.0013198
9.206,0.0013172
9.208,0.0013145
9.21,0.0013119
9.212,0.0043742
9.214,0.0043654
9.216,0.0043567
9.218,0.004348
9.22,0.0043393
9.222,0.0043306
9.224,0.004322
9.226,0.0043134
9.228,0.0043047
9.23,0.0042961
9.232,0.0042876
9.234,0.004279
9.236,0.0012055
9.238,0.0012031
9.24,0.0012007
9.242,0.0011983
9.244,0.0011959
9.246,0.0011935
9.248,0.0011912
9.25,0.0011888
9.252,0.0011864
9.254,0.001184
9.256,0.0011817
9.258,0.0011793
9.26,0.001177
9.262,0.0011746
9.264,0.0011723
9.266,0.0011699
9.268,0.0011676
9.27,0.0011652
9.272,0.0011629
9.274,0.0011606
9.276,0.0011583
9.278,0.001156
9.28,0.0011536
9.282,0.0011513
9.284,0.001149
9.286,0.0011467
9.288,0.0011445
9.29,0.0011422
9.292,0.0011399
9.294,0.0011376
9.296,0.0011353
9.298,0.0011331
9.3,0.0011308
9.302,0.0011285
9.304,0.0011263
9.306,0.001124
9.308,0.0011218
9.31,0.0011196
9.312,0.0011173
9.314,0.0011151
9.316,0.0011129
9.318,0.0011106
9.32,0.0011084
9.322,0.0011062
9.324,0.001104
9.326,0.0011018
9.328,0.0010996
9.33,0.0010974
9.332,0.0010952
9.334,0.001093
9.336,0.0010908
9.338,0.0010886
9.34,0.0010865
9.342,0.0010843
9.344,0.0010821
9.346,0.00108
9.348,0.0010778
9.35,0.0010757
9.352,0.0010735
9.354,0.0010714
9.356,0.0010692
9.358,0.0010671
9.36,0.001065
9.362,0.0010628
9.364,0.0010607
9.366,0.0010586
9.368,0.0010565
9.37,0.0010544
9.372,0.0010522
9.374,0.0010501
9.376,0.001048
9.378,0.001046
9.38,0.0010439
9.382,0.0010418
9.384,0.0010397
9.386,0.0010376
9.388,0.0010355
9.39,0.0010335
9.392,0.0010314
9.394,0.0010294
9.396,0.0010273
9.398,0.0010252
9.4,0.0010232
9.402,0.0010211
9.404,0.0010191
9.406,0.0010171
9.408,0.001015
9.41,0.001013
9.412,0.001011
9.414,0.001009
9.416,0.001007
9.418,0.0010049
9.42,0.0010029
9.422,0.0010009
9.424,0.00099893
9.426,0.00099693
9.428,0.00099494
9.43,0.00099295
9.432,0.00099097
9.434,0.00098899
9.436,0.00098701
9.438,0.00098504
9.44,0.00098307
9.442,0.00098111
9.444,0.00097915
9.446,0.00097719
9.448,0.00097524
9.45,0.00097329
9.452,0.00097135
9.454,0.00096941
9.456,0.0040324
9.458,0.0040243
9.46,0.0040163
9.462,0.0040082
9.464,0.0040002
9.466,0.0039922
9.468,0.0039843
9.47,0.0039763
9.472,0.0039684
9.474,0.00089554
9.476,0.00089375
9.478,0.00089196
9.48,0.00089018
9.482,0.0008884
9.484,0.00088663
9.486,0.00088485
9.488,-0.0021818
9.49,-0.0021775
9.492,-0.0021731
9.494,-0.0021688
9.496,-0.0021644
9.498,-0.0021601
9.5,-0.0021558
9.502,-0.0021515
9.504,-0.0021472
9.506,-0.0021429
9.508,-0.0021386
9.51,-0.0021343
9.512,-0.0021301
9.514,-0.0021258
9.516,-0.0021216
9.518,-0.0021173
9.52,-0.005178
9.522,-0.0051676
9.524,-0.0051573
9.526,-0.005147
9.528,-0.0051367
9.53,-0.0051265
9.532,-0.0051162
9.534,-0.005106
9.536,-0.0050958
9.538,-0.0050856
9.54,-0.0020106
9.542,-0.0020065
9.544,-0.0020025
9.546,-0.0019985
9.548,-0.0019945
9.55,-0.0019906
9.552,-0.0019866
9.554,-0.0019826
9.556,-0.0019787
9.558,-0.0019747
9.56,0.0010941
9.562,0.001092
9.564,0.0010898
9.566,0.0010876
9.568,0.0010854
9.57,0.0010833
9.572,0.0010811
9.574,0.0010789
9.576,0.0010768
9.578,0.0010746
9.58,0.0010725
9.582,0.0010703
9.584,0.0010682
9.586,0.0010661
9.588,0.0010639
9.59,0.0010618
9.592,0.0010597
9.594,0.0010576
9.596,0.0010555
9.598,0.0010533
9.6,0.0010512
9.602,0.0010491
9.604,0.001047
9.606,0.001045
9.608,0.0010429
9.61,0.0010408
9.612,0.0010387
9.614,0.0010366
9.616,0.0010346
9.618,0.0010325
9.62,0.0010304
9.622,0.0010284
9.624,0.0010263
9.626,0.0010243
9.628,0.0010222
9.63,0.0010202
9.632,0.0010181
9.634,0.0010161
9.636,0.0010141
9.638,0.001012
9.64,0.00101
9.642,0.001008
9.644,0.001006
9.646,0.001004
9.648,0.001002
9.65,0.00099997
9.652,0.00099797
9.654,0.00099598
9.656,0.00099399
9.658,0.000992
9.66,0.00099002
9.662,0.00098804
9.664,0.00098607
9.666,0.0009841
9.668,0.00098213
9.67,0.00098017
9.672,0.00097821
9.674,0.00097626
9.676,0.00097431
9.678,0.0040373
9.68,0.0040292
9.682,0.0040211
9.684,0.0040131
9.686,0.0040051
9.688,0.0039971
9.69,0.0039891
9.692,0.0039811
9.694,0.0039732
9.696,0.00090034
9.698,0.00089854
9.7,0.00089675
9.702,0.00089495
9.704,0.00089317
9.706,0.00089138
9.708,0.0008896
9.71,0.00088782
9.712,-0.0021788
9.714,-0.0021745
9.716,-0.0021702
9.718,-0.0021658
9.72,-0.0021615
9.722,-0.0021572
9.724,-0.0021529
9.726,-0.0021486
9.728,-0.0021443
9.73,-0.00214
9.732,-0.0052006
9.734,-0.0051902
9.736,-0.0051798
9.738,-0.0051695
9.74,-0.0051592
9.742,-0.0051489
9.744,-0.0051386
9.746,-0.0051283
9.748,-0.0051181
9.75,-0.0051078
9.752,-0.0050976
9.754,-0.0050874
9.756,-0.0050773
9.758,-0.0050671
9.76,-0.005057
9.762,-0.0050469
9.764,-0.0050368
9.766,-0.0050268
9.768,-0.0050167
9.77,-0.0050067
9.772,-0.0019318
9.774,-0.0019279
9.776,-0.0019241
9.778,-0.0019202
9.78,-0.0019164
9.782,-0.0019126
9.784,-0.0019087
9.786,-0.0019049
9.788,-0.0019011
9.79,-0.0018973
9.792,-0.0018935
9.794,-0.0018898
9.796,-0.001886
9.798,0.0011827
9.8,0.0011803
9.802,0.001178
9.804,0.0011756
9.806,0.0011733
9.808,0.0011709
9.81,0.0011686
9.812,0.0011662
9.814,0.0011639
9.816,0.0011616
9.818,0.0011593
9.82,0.001157
9.822,0.0011546
9.824,0.0011523
9.826,0.00115
9.828,-0.0019172
9.83,-0.0019133
9.832,-0.0019095
9.834,-0.0019057
9.836,-0.0019019
9.838,-0.0018981
9.84,-0.0018943
9.842,-0.0018905
9.844,-0.0018867
9.846,-0.001883
9.848,-0.0018792
9.85,-0.0018754
9.852,-0.0018717
9.854,-0.001868
9.856,-0.0018642
9.858,-0.0018605
9.86,-0.0018568
9.862,-0.0018531
9.864,-0.0018494
9.866,-0.0018457
9.868,-0.001842
9.87,-0.0018383
9.872,-0.0018346
9.874,-0.001831
9.876,-0.0018273
9.878,-0.0018237
9.88,-0.00182
9.882,-0.0018164
9.884,-0.0018127
9.886,-0.0018091
9.888,-0.0018055
9.89,-0.0018019
9.892,-0.0017983
9.894,-0.0017947
9.896,-0.0017911
9.898,-0.0017875
9.9,-0.001784
9.902,-0.0017804
9.904,-0.0017769
9.906,-0.0017733
9.908,-0.0017698
9.91,-0.0017662
9.912,-0.0017627
9.914,-0.0017592
9.916,-0.0017557
9.918,-0.0017522
9.92,-0.0017487
9.922,-0.0017452
9.924,-0.0017417
9.926,-0.0017382
9.928,-0.0017347
9.93,-0.0017313
9.932,-0.0017278
9.934,-0.0017243
9.936,-0.0017209
9.938,-0.0017175
9.94,-0.001714
9.942,-0.0017106
9.944,-0.0017072
9.946,-0.0017038
9.948,-0.0017004
9.95,-0.001697
9.952,-0.0016936
9.954,-0.0016902
9.956,-0.0016868
9.958,-0.0016834
9.96,-0.0016801
9.962,-0.0016767
9.964,-0.0016734
9.966,-0.00167
9.968,-0.0016667
9.97,-0.0016634
9.972,-0.00166
9.974,-0.0016567
9.976,-0.0016534
9.978,-0.0016501
9.98,-0.0016468
9.982,-0.0016435
9.984,-0.0016402
9.986,-0.001637
9.988,-0.0016337
9.99,-0.0016304
9.992,-0.0016272
9.994,-0.0016239
9.996,-0.0016207
9.998,-0.0016174
10,-0.0016142
