0,2.6323
0.002,2.6292
0.004,2.6262
0.006,2.6262
0.008,2.6231
0.01,2.6231
0.012,2.6231
0.014,2.6231
0.016,2.6231
0.018,2.6231
0.02,2.6231
0.022,2.6231
0.024,2.6231
0.026,2.6231
0.028,2.6231
0.03,2.6231
0.032,2.6262
0.034,2.6262
0.036,2.6292
0.038,2.6323
0.04,2.6323
0.042,2.6354
0.044,2.6384
0.046,2.6415
0.048,2.6446
0.05,2.6477
0.052,2.6507
0.054,2.6538
0.056,2.6569
0.058,2.663
0.06,2.6661
0.062,2.6722
0.064,2.6783
0.066,2.6845
0.068,2.6906
0.07,2.6967
0.072,2.7029
0.074,2.7121
0.076,2.7182
0.078,2.7274
0.08,2.7366
0.082,2.7458
0.084,2.7581
0.086,2.7673
0.088,2.7796
0.09,2.7918
0.092,2.8041
0.094,2.8164
0.096,2.8317
0.098,2.8471
0.1,2.8593
0.102,2.8747
0.104,2.8931
0.106,2.9084
0.108,2.9238
0.11,2.9422
0.112,2.9575
0.114,2.9759
0.116,2.9943
0.118,3.0127
0.12,3.0342
0.122,3.0526
0.124,3.0741
0.126,3.0925
0.128,3.114
0.13,3.1355
0.132,-3.1293
0.134,-3.1048
0.136,-3.0864
0.138,-3.0649
0.14,-3.0434
0.142,-3.0219
0.144,-3.0005
0.146,-2.9759
0.148,-2.9544
0.15,-2.933
0.152,-2.9115
0.154,-2.89
0.156,-2.8716
0.158,-2.8501
0.16,-2.8287
0.162,-2.8103
0.164,-2.7888
0.166,-2.7673
0.168,-2.7489
0.17,-2.7305
0.172,-2.709
0.174,-2.6906
0.176,-2.6722
0.178,-2.6538
0.18,-2.6384
0.182,-2.62
0.184,-2.6016
0.186,-2.5863
0.188,-2.5679
0.19,-2.5525
0.192,-2.5372
0.194,-2.5219
0.196,-2.5065
0.198,-2.4912
0.2,-2.4789
0.202,-2.4636
0.204,-2.4513
0.206,-2.436
0.208,-2.4237
0.21,-2.4114
0.212,-2.3991
0.214,-2.3869
0.216,-2.3777
0.218,-2.3654
0.22,-2.3562
0.222,-2.3439
0.224,-2.3347
0.226,-2.3255
0.228,-2.3163
0.23,-2.3071
0.232,-2.301
0.234,-2.2918
0.236,-2.2856
0.238,-2.2764
0.24,-2.2703
0.242,-2.2642
0.244,-2.258
0.246,-2.255
0.248,-2.2488
0.25,-2.2427
0.252,-2.2396
0.254,-2.2365
0.256,-2.2335
0.258,-2.2273
0.26,-2.2273
0.262,-2.2243
0.264,-2.2212
0.266,-2.2212
0.268,-2.2181
0.27,-2.2181
0.272,-2.2181
0.274,-2.2181
0.276,-2.2181
0.278,-2.2181
0.28,-2.2181
0.282,-2.2181
0.284,-2.2212
0.286,-2.2243
0.288,-2.2273
0.29,-2.2273
0.292,-2.2335
0.294,-2.2365
0.296,-2.2396
0.298,-2.2457
0.3,-2.2519
0.302,-2.258
0.304,-2.2642
0.306,-2.2703
0.308,-2.2764
0.31,-2.2856
0.312,-2.2918
0.314,-2.301
0.316,-2.3102
0.318,-2.3194
0.32,-2.3317
0.322,-2.3439
0.324,-2.3531
0.326,-2.3654
0.328,-2.3777
0.33,-2.393
0.332,-2.4053
0.334,-2.4206
0.336,-2.436
0.338,-2.4513
0.34,-2.4666
0.342,-2.485
0.344,-2.5004
0.346,-2.5188
0.348,-2.5372
0.35,-2.5587
0.352,-2.5771
0.354,-2.5986
0.356,-2.62
0.358,-2.6415
0.36,-2.663
0.362,-2.6875
0.364,-2.7121
0.366,-2.7366
0.368,-2.7612
0.37,-2.7888
0.372,-2.8133
0.374,-2.8409
0.376,-2.8685
0.378,-2.8992
0.38,-2.9299
0.382,-2.9575
0.384,-2.9882
0.386,-3.0219
0.388,-3.0526
0.39,-3.0833
0.392,-3.117
0.394,3.1324
0.396,3.1017
0.398,3.068
0.4,3.0342
0.402,3.0005
0.404,2.9698
0.406,2.936
0.408,2.9023
0.41,2.8685
0.412,2.8409
0.414,2.8072
0.416,2.7765
0.418,2.7458
0.42,2.7182
0.422,2.6875
0.424,2.6599
0.426,2.6292
0.428,2.6016
0.43,2.574
0.432,2.5464
0.434,2.5219
0.436,2.4943
0.438,2.4697
0.44,2.4452
0.442,2.4206
0.444,2.3961
0.446,2.3715
0.448,2.3501
0.45,2.3286
0.452,2.3071
0.454,2.2856
0.456,2.2642
0.458,2.2427
0.46,2.2243
0.462,2.2028
0.464,2.1844
0.466,2.166
0.468,2.1476
0.47,2.1322
0.472,2.1138
0.474,2.0985
0.476,2.0831
0.478,2.0647
0.48,2.0525
0.482,2.0371
0.484,2.0218
0.486,2.0095
0.488,1.9942
0.49,1.9819
0.492,1.9696
0.494,1.9604
0.496,1.9482
0.498,1.9359
0.5,1.9267
0.502,1.9175
0.504,1.9083
0.506,1.8991
0.508,1.8899
0.51,1.8807
0.512,1.8745
0.514,1.8653
0.516,1.8592
0.518,1.853
0.52,1.8469
0.522,1.8408
0.524,1.8377
0.526,1.8346
0.528,1.8285
0.53,1.8254
0.532,1.8224
0.534,1.8193
0.536,1.8193
0.538,1.8162
0.54,1.8162
0.542,1.8162
0.544,1.8132
0.546,1.8132
0.548,1.8132
0.55,1.8162
0.552,1.8162
0.554,1.8193
0.556,1.8224
0.558,1.8254
0.56,1.8285
0.562,1.8316
0.564,1.8377
0.566,1.8408
0.568,1.85
0.57,1.853
0.572,1.8623
0.574,1.8684
0.576,1.8745
0.578,1.8837
0.58,1.8899
0.582,1.9021
0.584,1.9113
0.586,1.9205
0.588,1.9297
0.59,1.942
0.592,1.9543
0.594,1.9635
0.596,1.9788
0.598,1.9911
0.6,2.0034
0.602,2.0187
0.604,2.0341
0.606,2.0494
0.608,2.0647
0.61,2.0801
0.612,2.0985
0.614,2.1138
0.616,2.1322
0.618,2.1506
0.62,2.169
0.622,2.1905
0.624,2.2089
0.626,2.2304
0.628,2.2519
0.63,2.2734
0.632,2.2948
0.634,2.3194
0.636,2.3439
0.638,2.3685
0.64,2.393
0.642,2.4176
0.644,2.4452
0.646,2.4728
0.648,2.5004
0.65,2.528
0.652,2.5587
0.654,2.5894
0.656,2.62
0.658,2.6538
0.66,2.6845
0.662,2.7182
0.664,2.755
0.666,2.7888
0.668,2.8256
0.67,2.8624
0.672,2.8992
0.674,2.9391
0.676,2.9759
0.678,3.0158
0.68,3.0557
0.682,3.0986
0.684,3.1385
0.686,-3.1048
0.688,-3.0649
0.69,-3.0219
0.692,-2.9821
0.694,-2.9422
0.696,-2.9023
0.698,-2.8624
0.7,-2.8256
0.702,-2.7857
0.704,-2.7489
0.706,-2.7121
0.708,-2.6753
0.71,-2.6415
0.712,-2.6047
0.714,-2.571
0.716,-2.5403
0.718,-2.5065
0.72,-2.4728
0.722,-2.4421
0.724,-2.4114
0.726,-2.3807
0.728,-2.3531
0.73,-2.3255
0.732,-2.2948
0.734,-2.2703
0.736,-2.2427
0.738,-2.2151
0.74,-2.1905
0.742,-2.166
0.744,-2.1414
0.746,-2.1169
0.748,-2.0923
0.75,-2.0709
0.752,-2.0463
0.754,-2.0249
0.756,-2.0034
0.758,-1.9819
0.76,-1.9635
0.762,-1.942
0.764,-1.9236
0.766,-1.9052
0.768,-1.8868
0.77,-1.8684
0.772,-1.853
0.774,-1.8346
0.776,-1.8193
0.778,-1.804
0.78,-1.7886
0.782,-1.7733
0.784,-1.7579
0.786,-1.7457
0.788,-1.7303
0.79,-1.7181
0.792,-1.7058
0.794,-1.6935
0.796,-1.6812
0.798,-1.672
0.8,-1.6598
0.802,-1.6506
0.804,-1.6414
0.806,-1.6322
0.808,-1.623
0.81,-1.6168
0.812,-1.6076
0.814,-1.6015
0.816,-1.5953
0.818,-1.5892
0.82,-1.5831
0.822,-1.58
0.824,-1.5739
0.826,-1.5708
0.828,-1.5677
0.83,-1.5647
0.832,-1.5616
0.834,-1.5585
0.836,-1.5585
0.838,-1.5555
0.84,-1.5555
0.842,-1.5555
0.844,-1.5555
0.846,-1.5555
0.848,-1.5555
0.85,-1.5585
0.852,-1.5585
0.854,-1.5616
0.856,-1.5647
0.858,-1.5708
0.86,-1.5739
0.862,-1.5769
0.864,-1.5831
0.866,-1.5892
0.868,-1.5953
0.87,-1.6015
0.872,-1.6076
0.874,-1.6168
0.876,-1.623
0.878,-1.6322
0.88,-1.6414
0.882,-1.6506
0.884,-1.6598
0.886,-1.672
0.888,-1.6812
0.89,-1.6935
0.892,-1.7058
0.894,-1.7181
0.896,-1.7303
0.898,-1.7426
0.9,-1.7579
0.902,-1.7733
0.904,-1.7886
0.906,-1.804
0.908,-1.8193
0.91,-1.8346
0.912,-1.853
0.914,-1.8684
0.916,-1.8868
0.918,-1.9052
0.92,-1.9267
0.922,-1.9451
0.924,-1.9666
0.926,-1.985
0.928,-2.0064
0.93,-2.0279
0.932,-2.0525
0.934,-2.0739
0.936,-2.0985
0.938,-2.123
0.94,-2.1476
0.942,-2.1721
0.944,-2.1997
0.946,-2.2273
0.948,-2.255
0.95,-2.2826
0.952,-2.3102
0.954,-2.3409
0.956,-2.3715
0.958,-2.4022
0.96,-2.4329
0.962,-2.4666
0.964,-2.5004
0.966,-2.5341
0.968,-2.571
0.97,-2.6047
0.972,-2.6446
0.974,-2.6814
0.976,-2.7182
0.978,-2.7581
0.98,-2.801
0.982,-2.8409
0.984,-2.8839
0.986,-2.9268
0.988,-2.9729
0.99,-3.0189
0.992,-3.0618
0.994,-3.1078
0.996,3.1293
0.998,3.0833
1,3.0373
1.002,2.9913
1.004,2.9452
1.006,2.9023
1.008,2.8563
1.01,2.8133
1.012,2.7704
1.014,2.7274
1.016,2.6845
1.018,2.6477
1.02,2.6078
1.022,2.5679
1.024,2.5311
1.026,2.4943
1.028,2.4574
1.03,2.4206
1.032,2.3869
1.034,2.3531
1.036,2.3194
1.038,2.2856
1.04,2.255
1.042,2.2212
1.044,2.1905
1.046,2.1629
1.048,2.1322
1.05,2.1016
1.052,2.0739
1.054,2.0463
1.056,2.0187
1.058,1.9911
1.06,1.9666
1.062,1.939
1.064,1.9144
1.066,1.8899
1.068,1.8653
1.07,1.8408
1.072,1.8193
1.074,1.7978
1.076,1.7733
1.078,1.7518
1.08,1.7334
1.082,1.7119
1.084,1.6904
1.086,1.672
1.088,1.6536
1.09,1.6352
1.092,1.6168
1.094,1.5984
1.096,1.58
1.098,1.5647
1.1,1.5493
1.102,1.534
1.104,1.5186
1.106,1.5033
1.108,1.491
1.11,1.4757
1.112,1.4634
1.114,1.4481
1.116,1.4358
1.118,1.4266
1.12,1.4143
1.122,1.4021
1.124,1.3929
1.126,1.3837
1.128,1.3744
1.13,1.3652
1.132,1.356
1.134,1.3468
1.136,1.3407
1.138,1.3346
1.14,1.3254
1.142,1.3192
1.144,1.3131
1.146,1.31
1.148,1.3039
1.15,1.3008
1.152,1.2977
1.154,1.2947
1.156,1.2916
1.158,1.2885
1.16,1.2855
1.162,1.2855
1.164,1.2824
1.166,1.2824
1.168,1.2824
1.17,1.2824
1.172,1.2824
1.174,1.2855
1.176,1.2855
1.178,1.2885
1.18,1.2916
1.182,1.2947
1.184,1.2977
1.186,1.3008
1.188,1.307
1.19,1.3131
1.192,1.3162
1.194,1.3223
1.196,1.3284
1.198,1.3376
1.2,1.3438
1.202,1.353
1.204,1.3591
1.206,1.3683
1.208,1.3775
1.21,1.3898
1.212,1.399
1.214,1.4082
1.216,1.4205
1.218,1.4327
1.22,1.445
1.222,1.4573
1.224,1.4726
1.226,1.4849
1.228,1.5002
1.23,1.5156
1.232,1.5278
1.234,1.5463
1.236,1.5616
1.238,1.5769
1.24,1.5953
1.242,1.6137
1.244,1.6322
1.246,1.6506
1.248,1.669
1.25,1.6904
1.252,1.7089
1.254,1.7303
1.256,1.7487
1.258,1.7733
1.26,1.7948
1.262,1.8162
1.264,1.8408
1.266,1.8653
1.268,1.8868
1.27,1.9144
1.272,1.939
1.274,1.9635
1.276,1.9911
1.278,2.0187
1.28,2.0463
1.282,2.0739
1.284,2.1046
1.286,2.1322
1.288,2.1629
1.29,2.1936
1.292,2.2273
1.294,2.258
1.296,2.2918
1.298,2.3255
1.3,2.3623
1.302,2.3961
1.304,2.4329
1.306,2.4697
1.308,2.5096
1.31,2.5495
1.312,2.5894
1.314,2.6292
1.316,2.6722
1.318,2.7151
1.32,2.7612
1.322,2.8041
1.324,2.8532
1.326,2.8992
1.328,2.9483
1.33,2.9974
1.332,3.0496
1.334,3.0986
1.336,-3.1355
1.338,-3.0833
1.34,-3.0342
1.342,-2.9821
1.344,-2.933
1.346,-2.8839
1.348,-2.8348
1.35,-2.7888
1.352,-2.7428
1.354,-2.6967
1.356,-2.6507
1.358,-2.6078
1.36,-2.5648
1.362,-2.5219
1.364,-2.482
1.366,-2.4421
1.368,-2.4022
1.37,-2.3654
1.372,-2.3255
1.374,-2.2887
1.376,-2.2519
1.378,-2.2181
1.38,-2.1844
1.382,-2.1476
1.384,-2.1169
1.386,-2.0831
1.388,-2.0494
1.39,-2.0187
1.392,-1.988
1.394,-1.9574
1.396,-1.9297
1.398,-1.8991
1.4,-1.8715
1.402,-1.8408
1.404,-1.8162
1.406,-1.7886
1.408,-1.761
1.41,-1.7365
1.412,-1.7089
1.414,-1.6843
1.416,-1.6598
1.418,-1.6352
1.42,-1.6107
1.422,-1.5892
1.424,-1.5677
1.426,-1.5463
1.428,-1.5248
1.43,-1.5033
1.432,-1.4818
1.434,-1.4634
1.436,-1.4419
1.438,-1.4235
1.44,-1.4051
1.442,-1.3867
1.444,-1.3683
1.446,-1.353
1.448,-1.3346
1.45,-1.3192
1.452,-1.3039
1.454,-1.2885
1.456,-1.2732
1.458,-1.2579
1.46,-1.2425
1.462,-1.2303
1.464,-1.2149
1.466,-1.2026
1.468,-1.1904
1.47,-1.1781
1.472,-1.1689
1.474,-1.1566
1.476,-1.1474
1.478,-1.1351
1.48,-1.1259
1.482,-1.1167
1.484,-1.1075
1.486,-1.0983
1.488,-1.0922
1.49,-1.083
1.492,-1.0769
1.494,-1.0707
1.496,-1.0646
1.498,-1.0584
1.5,-1.0523
1.502,-1.0492
1.504,-1.0431
1.506,-1.04
1.508,-1.037
1.51,-1.0339
1.512,-1.0308
1.514,-1.0278
1.516,-1.0278
1.518,-1.0247
1.52,-1.0247
1.522,-1.0247
1.524,-1.0247
1.526,-1.0247
1.528,-1.0247
1.53,-1.0247
1.532,-1.0278
1.534,-1.0308
1.536,-1.0308
1.538,-1.0339
1.54,-1.04
1.542,-1.0431
1.544,-1.0492
1.546,-1.0523
1.548,-1.0584
1.55,-1.0646
1.552,-1.0707
1.554,-1.0769
1.556,-1.0861
1.558,-1.0922
1.56,-1.1014
1.562,-1.1075
1.564,-1.1167
1.566,-1.129
1.568,-1.1382
1.57,-1.1474
1.572,-1.1597
1.574,-1.172
1.576,-1.1812
1.578,-1.1934
1.58,-1.2057
1.582,-1.221
1.584,-1.2333
1.586,-1.2487
1.588,-1.264
1.59,-1.2793
1.592,-1.2947
1.594,-1.31
1.596,-1.3254
1.598,-1.3438
1.6,-1.3591
1.602,-1.3775
1.604,-1.3959
1.606,-1.4143
1.608,-1.4327
1.61,-1.4542
1.612,-1.4726
1.614,-1.4941
1.616,-1.5156
1.618,-1.537
1.62,-1.5585
1.622,-1.5831
1.624,-1.6045
1.626,-1.6291
1.628,-1.6536
1.63,-1.6751
1.632,-1.7027
1.634,-1.7273
1.636,-1.7549
1.638,-1.7794
1.64,-1.807
1.642,-1.8346
1.644,-1.8623
1.646,-1.8929
1.648,-1.9205
1.65,-1.9512
1.652,-1.9819
1.654,-2.0126
1.656,-2.0433
1.658,-2.077
1.66,-2.1108
1.662,-2.1445
1.664,-2.1783
1.666,-2.2151
1.668,-2.2488
1.67,-2.2856
1.672,-2.3224
1.674,-2.3623
1.676,-2.4022
1.678,-2.4421
1.68,-2.485
1.682,-2.5249
1.684,-2.571
1.686,-2.6139
1.688,-2.6599
1.69,-2.7059
1.692,-2.755
1.694,-2.8041
1.696,-2.8532
1.698,-2.9054
1.7,-2.9575
1.702,-3.0097
1.704,-3.0649
1.706,-3.117
1.708,3.1109
1.71,3.0557
1.712,3.0035
1.714,2.9483
1.716,2.8962
1.718,2.8471
1.72,2.7949
1.722,2.7458
1.724,2.6967
1.726,2.6477
1.728,2.6016
1.73,2.5556
1.732,2.5096
1.734,2.4666
1.736,2.4237
1.738,2.3838
1.74,2.3439
1.742,2.301
1.744,2.2642
1.746,2.2243
1.748,2.1875
1.75,2.1506
1.752,2.1138
1.754,2.077
1.756,2.0433
1.758,2.0095
1.76,1.9758
1.762,1.942
1.764,1.9083
1.766,1.8776
1.768,1.8469
1.77,1.8162
1.772,1.7856
1.774,1.7549
1.776,1.7273
1.778,1.6966
1.78,1.669
1.782,1.6414
1.784,1.6137
1.786,1.5892
1.788,1.5616
1.79,1.537
1.792,1.5125
1.794,1.488
1.796,1.4634
1.798,1.4389
1.8,1.4174
1.802,1.3929
1.804,1.3714
1.806,1.3499
1.808,1.3284
1.81,1.307
1.812,1.2855
1.814,1.264
1.816,1.2456
1.818,1.2272
1.82,1.2088
1.822,1.1873
1.824,1.172
1.826,1.1536
1.828,1.1351
1.83,1.1198
1.832,1.1014
1.834,1.0861
1.836,1.0707
1.838,1.0554
1.84,1.04
1.842,1.0278
1.844,1.0124
1.846,1.0002
1.848,0.98788
1.85,0.97254
1.852,0.96027
1.854,0.948
1.856,0.9388
1.858,0.92652
1.86,0.91732
1.862,0.90505
1.864,0.89584
1.866,0.88664
1.868,0.87744
1.87,0.86823
1.872,0.8621
1.874,0.85289
1.876,0.84676
1.878,0.84062
1.88,0.83142
1.882,0.82835
1.884,0.82221
1.886,0.81608
1.888,0.80994
1.89,0.80687
1.892,0.80381
1.894,0.79767
1.896,0.7946
1.898,0.79153
1.9,0.79153
1.902,0.78847
1.904,0.7854
1.906,0.7854
1.908,0.7854
1.91,0.7854
1.912,0.78233
1.914,0.78233
1.916,0.7854
1.918,0.7854
1.92,0.7854
1.922,0.78847
1.924,0.79153
1.926,0.7946
1.928,0.79767
1.93,0.80074
1.932,0.80381
1.934,0.80994
1.936,0.81301
1.938,0.81915
1.94,0.82528
1.942,0.83142
1.944,0.83755
1.946,0.84369
1.948,0.85289
1.95,0.85903
1.952,0.86823
1.954,0.87744
1.956,0.88664
1.958,0.89584
1.96,0.90505
1.962,0.91425
1.964,0.92652
1.966,0.9388
1.968,0.948
1.97,0.96027
1.972,0.97254
1.974,0.98788
1.976,1.0002
1.978,1.0124
1.98,1.0278
1.982,1.0431
1.984,1.0554
1.986,1.0738
1.988,1.0891
1.99,1.1045
1.992,1.1198
1.994,1.1382
1.996,1.1536
1.998,1.175
2,1.1904
2.002,1.2118
2.004,1.2303
2.006,1.2487
2.008,1.2701
2.01,1.2916
2.012,1.31
2.014,1.3315
2.016,1.353
2.018,1.3775
2.02,1.399
2.022,1.4235
2.024,1.445
2.026,1.4726
2.028,1.4941
2.03,1.5186
2.032,1.5463
2.034,1.5708
2.036,1.5984
2.038,1.626
2.04,1.6536
2.042,1.6812
2.044,1.7089
2.046,1.7395
2.048,1.7671
2.05,1.7978
2.052,1.8285
2.054,1.8592
2.056,1.8899
2.058,1.9236
2.06,1.9574
2.062,1.9911
2.064,2.0249
2.066,2.0586
2.068,2.0954
2.07,2.1322
2.072,2.169
2.074,2.2059
2.076,2.2457
2.078,2.2856
2.08,2.3255
2.082,2.3685
2.084,2.4114
2.086,2.4544
2.088,2.4973
2.09,2.5433
2.092,2.5894
2.094,2.6384
2.096,2.6875
2.098,2.7366
2.1,2.7888
2.102,2.8409
2.104,2.8962
2.106,2.9514
2.108,3.0066
2.11,3.0618
2.112,3.1201
2.114,-3.1048
2.116,-3.0496
2.118,-2.9913
2.12,-2.936
2.122,-2.8808
2.124,-2.8287
2.126,-2.7765
2.128,-2.7243
2.13,-2.6722
2.132,-2.6231
2.134,-2.574
2.136,-2.5249
2.138,-2.4789
2.14,-2.4329
2.142,-2.3899
2.144,-2.347
2.146,-2.304
2.148,-2.2611
2.15,-2.2212
2.152,-2.1813
2.154,-2.1414
2.156,-2.1016
2.158,-2.0647
2.16,-2.0279
2.162,-1.9911
2.164,-1.9543
2.166,-1.9205
2.168,-1.8837
2.17,-1.85
2.172,-1.8162
2.174,-1.7856
2.176,-1.7518
2.178,-1.7211
2.18,-1.6874
2.182,-1.6567
2.184,-1.626
2.186,-1.5984
2.188,-1.5677
2.19,-1.5401
2.192,-1.5125
2.194,-1.4849
2.196,-1.4573
2.198,-1.4297
2.2,-1.4021
2.202,-1.3775
2.204,-1.3499
2.206,-1.3254
2.208,-1.3008
2.21,-1.2763
2.212,-1.2517
2.214,-1.2303
2.216,-1.2057
2.218,-1.1842
2.22,-1.1597
2.222,-1.1382
2.224,-1.1167
2.226,-1.0953
2.228,-1.0738
2.23,-1.0554
2.232,-1.0339
2.234,-1.0155
2.236,-0.99402
2.238,-0.97561
2.24,-0.9572
2.242,-0.9388
2.244,-0.92346
2.246,-0.90505
2.248,-0.88664
2.25,-0.8713
2.252,-0.85289
2.254,-0.83755
2.256,-0.82221
2.258,-0.80687
2.26,-0.79153
2.262,-0.77926
2.264,-0.76392
2.266,-0.75165
2.268,-0.73631
2.27,-0.72404
2.272,-0.71177
2.274,-0.6995
2.276,-0.68722
2.278,-0.67495
2.28,-0.66268
2.282,-0.65348
2.284,-0.6412
2.286,-0.632
2.288,-0.6228
2.29,-0.61359
2.292,-0.60439
2.294,-0.59518
2.296,-0.58598
2.298,-0.57984
2.3,-0.57064
2.302,-0.5645
2.304,-0.55837
2.306,-0.55223
2.308,-0.5461
2.31,-0.53996
2.312,-0.53383
2.314,-0.52769
2.316,-0.52462
2.318,-0.51849
2.32,-0.51542
2.322,-0.51235
2.324,-0.50928
2.326,-0.50315
2.328,-0.50315
2.33,-0.50008
2.332,-0.49701
2.334,-0.49701
2.336,-0.49394
2.338,-0.49394
2.34,-0.49394
2.342,-0.49394
2.344,-0.49394
2.346,-0.49394
2.348,-0.49394
2.35,-0.49394
2.352,-0.49394
2.354,-0.49701
2.356,-0.50008
2.358,-0.50315
2.36,-0.50315
2.362,-0.50621
2.364,-0.50928
2.366,-0.51542
2.368,-0.51849
2.37,-0.52462
2.372,-0.52769
2.374,-0.53383
2.376,-0.53996
2.378,-0.5461
2.38,-0.55223
2.382,-0.55837
2.384,-0.5645
2.386,-0.57064
2.388,-0.57984
2.39,-0.58598
2.392,-0.59518
2.394,-0.60439
2.396,-0.61359
2.398,-0.6228
2.4,-0.632
2.402,-0.6412
2.404,-0.65348
2.406,-0.66268
2.408,-0.67495
2.41,-0.68722
2.412,-0.69643
2.414,-0.7087
2.416,-0.72097
2.418,-0.73631
2.42,-0.74858
2.422,-0.76085
2.424,-0.77619
2.426,-0.79153
2.428,-0.80381
2.43,-0.81915
2.432,-0.83449
2.434,-0.84983
2.436,-0.86823
2.438,-0.88357
2.44,-0.89891
2.442,-0.91732
2.444,-0.93573
2.446,-0.95414
2.448,-0.97254
2.45,-0.99095
2.452,-1.0094
2.454,-1.0278
2.456,-1.0492
2.458,-1.0677
2.46,-1.0891
2.462,-1.1106
2.464,-1.1321
2.466,-1.1536
2.468,-1.175
2.47,-1.1996
2.472,-1.221
2.474,-1.2456
2.476,-1.2701
2.478,-1.2947
2.48,-1.3192
2.482,-1.3438
2.484,-1.3683
2.486,-1.3959
2.488,-1.4205
2.49,-1.4481
2.492,-1.4757
2.494,-1.5033
2.496,-1.5309
2.498,-1.5585
2.5,-1.5892
2.502,-1.6199
2.504,-1.6506
2.506,-1.6812
2.508,-1.7119
2.51,-1.7426
2.512,-1.7763
2.514,-1.807
2.516,-1.8408
2.518,-1.8745
2.52,-1.9083
2.522,-1.9451
2.524,-1.9819
2.526,-2.0187
2.528,-2.0555
2.53,-2.0923
2.532,-2.1292
2.534,-2.169
2.536,-2.212
2.538,-2.2519
2.54,-2.2948
2.542,-2.3378
2.544,-2.3807
2.546,-2.4268
2.548,-2.4697
2.55,-2.5188
2.552,-2.5679
2.554,-2.617
2.556,-2.6661
2.558,-2.7182
2.56,-2.7734
2.562,-2.8287
2.564,-2.8839
2.566,-2.9391
2.568,-2.9974
2.57,-3.0557
2.572,-3.117
2.574,3.1078
2.576,3.0496
2.578,2.9913
2.58,2.933
2.582,2.8747
2.584,2.8195
2.586,2.7642
2.588,2.709
2.59,2.6569
2.592,2.6047
2.594,2.5525
2.596,2.5035
2.598,2.4574
2.6,2.4114
2.602,2.3654
2.604,2.3194
2.606,2.2764
2.608,2.2335
2.61,2.1905
2.612,2.1476
2.614,2.1077
2.616,2.0678
2.618,2.031
2.62,1.9911
2.622,1.9543
2.624,1.9144
2.626,1.8776
2.628,1.8408
2.63,1.807
2.632,1.7702
2.634,1.7395
2.636,1.7058
2.638,1.672
2.64,1.6383
2.642,1.6045
2.644,1.5739
2.646,1.5432
2.648,1.5125
2.65,1.4849
2.652,1.4542
2.654,1.4235
2.656,1.3959
2.658,1.3652
2.66,1.3376
2.662,1.3131
2.664,1.2855
2.666,1.2579
2.668,1.2303
2.67,1.2026
2.672,1.1781
2.674,1.1536
2.676,1.129
2.678,1.1045
2.68,1.0799
2.682,1.0554
2.684,1.0308
2.686,1.0094
2.688,0.98788
2.69,0.96641
2.692,0.94186
2.694,0.92039
2.696,0.89891
2.698,0.87744
2.7,0.85903
2.702,0.83755
2.704,0.81915
2.706,0.79767
2.708,0.77926
2.71,0.76085
2.712,0.73938
2.714,0.72097
2.716,0.70563
2.718,0.68722
2.72,0.66882
2.722,0.65041
2.724,0.63507
2.726,0.61973
2.728,0.60132
2.73,0.58598
2.732,0.57064
2.734,0.5553
2.736,0.53996
2.738,0.52462
2.74,0.51235
2.742,0.49701
2.744,0.48474
2.746,0.4694
2.748,0.45713
2.75,0.44179
2.752,0.42951
2.754,0.41724
2.756,0.40497
2.758,0.3927
2.76,0.3835
2.762,0.37122
2.764,0.35895
2.766,0.34975
2.768,0.33748
2.77,0.32827
2.772,0.31907
2.774,0.30986
2.776,0.30373
2.778,0.29452
2.78,0.28839
2.782,0.28225
2.784,0.27918
2.786,0.27612
2.788,0.26998
2.79,0.26998
2.792,0.26691
2.794,0.26384
2.796,0.26384
2.798,0.26384
2.8,0.26384
2.802,0.26384
2.804,0.26384
2.806,0.26384
2.808,0.26384
2.81,0.26384
2.812,0.26384
2.814,0.26384
2.816,0.26384
2.818,0.26384
2.82,0.26384
2.822,0.26384
2.824,0.26384
2.826,0.26384
2.828,0.26384
2.83,0.26384
2.832,0.26078
2.834,0.25771
2.836,0.25464
2.838,0.25464
2.84,0.25157
2.842,0.24544
2.844,0.24237
2.846,0.2393
2.848,0.23317
2.85,0.2301
2.852,0.22396
2.854,0.21783
2.856,0.21169
2.858,0.20555
2.86,0.20249
2.862,0.19635
2.864,0.19021
2.866,0.18408
2.868,0.17794
2.87,0.17181
2.872,0.16567
2.874,0.15953
2.876,0.1534
2.878,0.15033
2.88,0.14419
2.882,0.13806
2.884,0.13499
2.886,0.12885
2.888,0.12272
2.89,0.11965
2.892,0.11658
2.894,0.11045
2.896,0.10738
2.898,0.10431
2.9,0.10124
2.902,0.098175
2.904,0.095107
2.906,0.092039
2.908,0.092039
2.91,0.088971
2.912,0.085903
2.914,0.082835
2.916,0.082835
2.918,0.079767
2.92,0.076699
2.922,0.076699
2.924,0.073631
2.926,0.070563
2.928,0.070563
2.93,0.067495
2.932,0.067495
2.934,0.064427
2.936,0.061359
2.938,0.061359
2.94,0.058291
2.942,0.058291
2.944,0.055223
2.946,0.055223
2.948,0.052155
2.95,0.049087
2.952,0.049087
2.954,0.046019
2.956,0.042951
2.958,0.042951
2.96,0.039884
2.962,0.036816
2.964,0.036816
2.966,0.033748
2.968,0.033748
2.97,0.03068
2.972,0.027612
2.974,0.027612
2.976,0.024544
2.978,0.021476
2.98,0.021476
2.982,0.018408
2.984,0.018408
2.986,0.01534
2.988,0.01534
2.99,0.012272
2.992,0.012272
2.994,0.0092039
2.996,0.0092039
2.998,0.0061359
3,0.0061359
3.002,0.003068
3.004,0
3.006,0
3.008,0
3.01,-0.003068
3.012,-0.003068
3.014,-0.0061359
3.016,-0.0061359
3.018,-0.0061359
3.02,-0.0092039
3.022,-0.0092039
3.024,-0.012272
3.026,-0.012272
3.028,-0.012272
3.03,-0.01534
3.032,-0.01534
3.034,-0.01534
3.036,-0.018408
3.038,-0.018408
3.04,-0.018408
3.042,-0.018408
3.044,-0.018408
3.046,-0.021476
3.048,-0.021476
3.05,-0.021476
3.052,-0.021476
3.054,-0.021476
3.056,-0.024544
3.058,-0.024544
3.06,-0.024544
3.062,-0.024544
3.064,-0.024544
3.066,-0.024544
3.068,-0.024544
3.07,-0.027612
3.072,-0.027612
3.074,-0.027612
3.076,-0.027612
3.078,-0.027612
3.08,-0.027612
3.082,-0.027612
3.084,-0.027612
3.086,-0.03068
3.088,-0.03068
3.09,-0.03068
3.092,-0.03068
3.094,-0.03068
3.096,-0.03068
3.098,-0.03068
3.1,-0.03068
3.102,-0.03068
3.104,-0.03068
3.106,-0.033748
3.108,-0.033748
3.11,-0.033748
3.112,-0.033748
3.114,-0.033748
3.116,-0.033748
3.118,-0.033748
3.12,-0.033748
3.122,-0.033748
3.124,-0.033748
3.126,-0.033748
3.128,-0.033748
3.13,-0.033748
3.132,-0.033748
3.134,-0.033748
3.136,-0.033748
3.138,-0.033748
3.14,-0.033748
3.142,-0.033748
3.144,-0.033748
3.146,-0.033748
3.148,-0.033748
3.15,-0.033748
3.152,-0.033748
3.154,-0.033748
3.156,-0.033748
3.158,-0.033748
3.16,-0.033748
3.162,-0.033748
3.164,-0.033748
3.166,-0.033748
3.168,-0.033748
3.17,-0.033748
3.172,-0.033748
3.174,-0.033748
3.176,-0.033748
3.178,-0.033748
3.18,-0.033748
3.182,-0.033748
3.184,-0.033748
3.186,-0.033748
3.188,-0.033748
3.19,-0.033748
3.192,-0.033748
3.194,-0.033748
3.196,-0.033748
3.198,-0.033748
3.2,-0.033748
3.202,-0.033748
3.204,-0.033748
3.206,-0.03068
3.208,-0.03068
3.21,-0.03068
3.212,-0.03068
3.214,-0.03068
3.216,-0.03068
3.218,-0.027612
3.22,-0.027612
3.222,-0.027612
3.224,-0.027612
3.226,-0.027612
3.228,-0.024544
3.23,-0.024544
3.232,-0.024544
3.234,-0.024544
3.236,-0.024544
3.238,-0.024544
3.24,-0.024544
3.242,-0.021476
3.244,-0.021476
3.246,-0.021476
3.248,-0.021476
3.25,-0.021476
3.252,-0.021476
3.254,-0.021476
3.256,-0.021476
3.258,-0.021476
3.26,-0.021476
3.262,-0.018408
3.264,-0.018408
3.266,-0.018408
3.268,-0.018408
3.27,-0.018408
3.272,-0.018408
3.274,-0.018408
3.276,-0.018408
3.278,-0.018408
3.28,-0.018408
3.282,-0.018408
3.284,-0.018408
3.286,-0.018408
3.288,-0.018408
3.29,-0.018408
3.292,-0.018408
3.294,-0.018408
3.296,-0.018408
3.298,-0.01534
3.3,-0.01534
3.302,-0.01534
3.304,-0.01534
3.306,-0.01534
3.308,-0.01534
3.31,-0.01534
3.312,-0.01534
3.314,-0.01534
3.316,-0.01534
3.318,-0.01534
3.32,-0.01534
3.322,-0.01534
3.324,-0.01534
3.326,-0.01534
3.328,-0.01534
3.33,-0.01534
3.332,-0.012272
3.334,-0.012272
3.336,-0.012272
3.338,-0.012272
3.34,-0.012272
3.342,-0.012272
3.344,-0.012272
3.346,-0.012272
3.348,-0.012272
3.35,-0.012272
3.352,-0.012272
3.354,-0.012272
3.356,-0.012272
3.358,-0.012272
3.36,-0.012272
3.362,-0.012272
3.364,-0.012272
3.366,-0.012272
3.368,-0.012272
3.37,-0.012272
3.372,-0.012272
3.374,-0.012272
3.376,-0.012272
3.378,-0.012272
3.38,-0.012272
3.382,-0.012272
3.384,-0.012272
3.386,-0.0092039
3.388,-0.0092039
3.39,-0.0092039
3.392,-0.0092039
3.394,-0.0092039
3.396,-0.0092039
3.398,-0.0092039
3.4,-0.0092039
3.402,-0.0092039
3.404,-0.0092039
3.406,-0.0092039
3.408,-0.0092039
3.41,-0.0092039
3.412,-0.0092039
3.414,-0.0092039
3.416,-0.0092039
3.418,-0.0092039
3.42,-0.0092039
3.422,-0.0092039
3.424,-0.0092039
3.426,-0.0092039
3.428,-0.0092039
3.43,-0.0092039
3.432,-0.0092039
3.434,-0.0092039
3.436,-0.0092039
3.438,-0.0092039
3.44,-0.0092039
3.442,-0.0092039
3.444,-0.0092039
3.446,-0.0092039
3.448,-0.0092039
3.45,-0.0092039
3.452,-0.0092039
3.454,-0.0092039
3.456,-0.0092039
3.458,-0.0092039
3.46,-0.0092039
3.462,-0.0092039
3.464,-0.0092039
3.466,-0.0092039
3.468,-0.0092039
3.47,-0.0092039
3.472,-0.0092039
3.474,-0.0092039
3.476,-0.0092039
3.478,-0.0092039
3.48,-0.0092039
3.482,-0.0092039
3.484,-0.0092039
3.486,-0.0092039
3.488,-0.0092039
3.49,-0.0092039
3.492,-0.0092039
3.494,-0.0092039
3.496,-0.0092039
3.498,-0.0092039
3.5,-0.0092039
3.502,-0.0092039
3.504,-0.0092039
3.506,-0.012272
3.508,-0.012272
3.51,-0.012272
3.512,-0.012272
3.514,-0.012272
3.516,-0.012272
3.518,-0.012272
3.52,-0.0092039
3.522,-0.0092039
3.524,-0.0092039
3.526,-0.0092039
3.528,-0.0092039
3.53,-0.0061359
3.532,-0.0061359
3.534,-0.0061359
3.536,-0.0061359
3.538,-0.0061359
3.54,-0.0061359
3.542,-0.003068
3.544,-0.003068
3.546,-0.003068
3.548,-0.003068
3.55,-0.003068
3.552,-0.003068
3.554,0
3.556,0
3.558,0
3.56,0
3.562,0
3.564,0
3.566,0
3.568,0
3.57,0
3.572,0
3.574,0
3.576,0
3.578,0
3.58,0
3.582,0
3.584,0
3.586,0
3.588,0
3.59,0
3.592,0
3.594,0
3.596,0
3.598,0
3.6,-0.003068
3.602,-0.003068
3.604,-0.003068
3.606,-0.003068
3.608,-0.003068
3.61,-0.003068
3.612,-0.003068
3.614,-0.003068
3.616,-0.003068
3.618,-0.003068
3.62,-0.003068
3.622,-0.003068
3.624,-0.003068
3.626,-0.003068
3.628,-0.003068
3.63,-0.003068
3.632,-0.003068
3.634,-0.003068
3.636,-0.003068
3.638,-0.003068
3.64,-0.003068
3.642,-0.003068
3.644,-0.003068
3.646,-0.003068
3.648,-0.003068
3.65,-0.003068
3.652,-0.003068
3.654,-0.003068
3.656,-0.003068
3.658,-0.003068
3.66,-0.003068
3.662,-0.003068
3.664,-0.003068
3.666,-0.0061359
3.668,-0.0061359
3.67,-0.0061359
3.672,-0.0061359
3.674,-0.0061359
3.676,-0.0061359
3.678,-0.0061359
3.68,-0.0061359
3.682,-0.0061359
3.684,-0.0061359
3.686,-0.0061359
3.688,-0.003068
3.69,-0.003068
3.692,-0.003068
3.694,-0.003068
3.696,-0.003068
3.698,-0.003068
3.7,0
3.702,0
3.704,0
3.706,0
3.708,0
3.71,0
3.712,0
3.714,0
3.716,0
3.718,0
3.72,0.003068
3.722,0.003068
3.724,0.003068
3.726,0.003068
3.728,0.003068
3.73,0.003068
3.732,0.003068
3.734,0.003068
3.736,0.003068
3.738,0.003068
3.74,0.003068
3.742,0.003068
3.744,0.003068
3.746,0.003068
3.748,0.003068
3.75,0
3.752,0
3.754,0
3.756,0
3.758,0
3.76,0
3.762,0
3.764,0
3.766,0
3.768,0
3.77,0
3.772,0
3.774,0
3.776,0
3.778,0
3.78,0
3.782,0
3.784,0
3.786,0
3.788,0
3.79,-0.003068
3.792,-0.003068
3.794,-0.003068
3.796,-0.003068
3.798,-0.003068
3.8,-0.003068
3.802,-0.003068
3.804,-0.003068
3.806,-0.003068
3.808,-0.003068
3.81,-0.003068
3.812,-0.003068
3.814,-0.003068
3.816,0
3.818,0
3.82,0
3.822,0
3.824,0
3.826,0
3.828,0
3.83,0
3.832,0
3.834,0
3.836,0
3.838,0
3.84,0
3.842,0
3.844,0
3.846,0
3.848,0
3.85,0
3.852,0
3.854,0
3.856,0
3.858,0
3.86,0
3.862,0
3.864,0
3.866,0
3.868,0
3.87,0
3.872,0
3.874,0
3.876,0
3.878,0
3.88,0
3.882,0
3.884,0
3.886,0
3.888,0
3.89,0
3.892,0
3.894,0
3.896,0
3.898,0
3.9,0
3.902,0
3.904,0
3.906,0
3.908,0
3.91,0
3.912,0
3.914,0
3.916,0
3.918,0
3.92,0
3.922,0
3.924,0
3.926,0
3.928,0
3.93,0
3.932,-0.003068
3.934,-0.003068
3.936,-0.003068
3.938,-0.003068
3.94,-0.003068
3.942,-0.003068
3.944,-0.003068
3.946,-0.003068
3.948,-0.003068
3.95,-0.003068
3.952,-0.003068
3.954,0
3.956,0
3.958,0
3.96,0
3.962,0
3.964,0
3.966,0
3.968,0
3.97,0
3.972,0
3.974,0
3.976,0
3.978,0
3.98,0
3.982,0
3.984,0
3.986,0
3.988,0
3.99,0
3.992,0
3.994,0
3.996,-0.003068
3.998,-0.003068
4,-0.003068
4.002,-0.003068
4.004,-0.003068
4.006,-0.003068
4.008,-0.003068
4.01,-0.003068
4.012,-0.003068
4.014,-0.003068
4.016,-0.003068
4.018,-0.003068
4.02,-0.003068
4.022,-0.003068
4.024,-0.003068
4.026,-0.003068
4.028,-0.003068
4.03,-0.003068
4.032,-0.003068
4.034,-0.003068
4.036,-0.003068
4.038,-0.003068
4.04,-0.0061359
4.042,-0.0061359
4.044,-0.0061359
4.046,-0.0061359
4.048,-0.0061359
4.05,-0.0061359
4.052,-0.0061359
4.054,-0.0061359
4.056,-0.0061359
4.058,-0.0061359
4.06,-0.0061359
4.062,-0.0061359
4.064,-0.0061359
4.066,-0.0061359
4.068,-0.0061359
4.07,-0.0061359
4.072,-0.003068
4.074,-0.003068
4.076,-0.003068
4.078,-0.003068
4.08,-0.003068
4.082,-0.003068
4.084,-0.003068
4.086,-0.003068
4.088,-0.003068
4.09,-0.003068
4.092,-0.003068
4.094,-0.003068
4.096,0
4.098,0
4.1,0
4.102,0
4.104,0
4.106,0
4.108,0
4.11,0
4.112,0
4.114,0
4.116,0
4.118,0
4.12,0
4.122,0
4.124,0
4.126,0
4.128,-0.003068
4.13,-0.003068
4.132,-0.003068
4.134,-0.003068
4.136,-0.003068
4.138,-0.003068
4.14,-0.003068
4.142,-0.003068
4.144,-0.003068
4.146,-0.003068
4.148,-0.003068
4.15,-0.003068
4.152,-0.0061359
4.154,-0.0061359
4.156,-0.0061359
4.158,-0.0061359
4.16,-0.0061359
4.162,-0.0061359
4.164,-0.0061359
4.166,-0.0061359
4.168,-0.0061359
4.17,-0.0061359
4.172,-0.0061359
4.174,-0.0061359
4.176,-0.0061359
4.178,-0.0061359
4.18,-0.0061359
4.182,-0.0061359
4.184,-0.0061359
4.186,-0.003068
4.188,-0.003068
4.19,-0.003068
4.192,-0.003068
4.194,-0.003068
4.196,-0.003068
4.198,-0.003068
4.2,-0.003068
4.202,-0.003068
4.204,-0.003068
4.206,-0.003068
4.208,-0.003068
4.21,-0.003068
4.212,-0.003068
4.214,-0.003068
4.216,-0.003068
4.218,-0.003068
4.22,-0.003068
4.222,0
4.224,0
4.226,0
4.228,0
4.23,0
4.232,0
4.234,0
4.236,0
4.238,0
4.24,0
4.242,-0.003068
4.244,-0.003068
4.246,-0.003068
4.248,-0.003068
4.25,-0.003068
4.252,-0.003068
4.254,-0.003068
4.256,-0.003068
4.258,-0.003068
4.26,-0.003068
4.262,-0.003068
4.264,-0.0061359
4.266,-0.0061359
4.268,-0.0061359
4.27,-0.0061359
4.272,-0.0061359
4.274,-0.0061359
4.276,-0.0061359
4.278,-0.0061359
4.28,-0.0061359
4.282,-0.0061359
4.284,-0.0061359
4.286,-0.0061359
4.288,-0.0061359
4.29,-0.0061359
4.292,-0.0061359
4.294,-0.0061359
4.296,-0.0061359
4.298,-0.0061359
4.3,-0.0061359
4.302,-0.0061359
4.304,-0.0061359
4.306,-0.0061359
4.308,-0.0061359
4.31,-0.0061359
4.312,-0.0061359
4.314,-0.0061359
4.316,-0.0061359
4.318,-0.003068
4.32,-0.003068
4.322,-0.003068
4.324,-0.003068
4.326,-0.003068
4.328,-0.003068
4.33,-0.003068
4.332,-0.003068
4.334,-0.003068
4.336,-0.003068
4.338,-0.003068
4.34,-0.003068
4.342,-0.003068
4.344,-0.003068
4.346,-0.003068
4.348,-0.003068
4.35,-0.003068
4.352,-0.003068
4.354,-0.003068
4.356,-0.003068
4.358,-0.003068
4.36,-0.003068
4.362,-0.003068
4.364,-0.003068
4.366,-0.003068
4.368,-0.003068
4.37,-0.003068
4.372,-0.003068
4.374,-0.003068
4.376,-0.003068
4.378,-0.003068
4.38,-0.003068
4.382,-0.003068
4.384,-0.003068
4.386,-0.003068
4.388,-0.003068
4.39,-0.003068
4.392,-0.003068
4.394,-0.003068
4.396,-0.003068
4.398,-0.003068
4.4,-0.003068
4.402,-0.003068
4.404,-0.003068
4.406,-0.003068
4.408,-0.003068
4.41,-0.003068
4.412,-0.003068
4.414,-0.003068
4.416,-0.003068
4.418,-0.003068
4.42,-0.003068
4.422,-0.003068
4.424,-0.003068
4.426,-0.003068
4.428,-0.003068
4.43,-0.003068
4.432,-0.003068
4.434,-0.003068
4.436,-0.003068
4.438,-0.003068
4.44,-0.003068
4.442,-0.003068
4.444,-0.003068
4.446,-0.003068
4.448,-0.003068
4.45,-0.003068
4.452,-0.003068
4.454,-0.003068
4.456,-0.003068
4.458,-0.003068
4.46,-0.003068
4.462,-0.003068
4.464,-0.003068
4.466,-0.003068
4.468,-0.003068
4.47,-0.003068
4.472,-0.003068
4.474,-0.003068
4.476,-0.003068
4.478,-0.003068
4.48,-0.003068
4.482,-0.003068
4.484,-0.003068
4.486,-0.003068
4.488,-0.003068
4.49,-0.003068
4.492,-0.003068
4.494,-0.003068
4.496,-0.003068
4.498,-0.003068
4.5,-0.003068
4.502,-0.003068
4.504,-0.003068
4.506,-0.003068
4.508,-0.003068
4.51,-0.003068
4.512,-0.003068
4.514,-0.003068
4.516,-0.003068
4.518,-0.003068
4.52,-0.003068
4.522,-0.003068
4.524,-0.003068
4.526,-0.003068
4.528,-0.003068
4.53,-0.003068
4.532,-0.003068
4.534,-0.003068
4.536,-0.003068
4.538,-0.003068
4.54,-0.003068
4.542,-0.003068
4.544,-0.003068
4.546,-0.003068
4.548,-0.003068
4.55,-0.003068
4.552,-0.003068
4.554,-0.003068
4.556,-0.003068
4.558,-0.003068
4.56,-0.003068
4.562,-0.003068
4.564,-0.003068
4.566,-0.003068
4.568,-0.003068
4.57,-0.003068
4.572,-0.003068
4.574,-0.003068
4.576,-0.003068
4.578,-0.003068
4.58,-0.003068
4.582,-0.003068
4.584,-0.003068
4.586,-0.003068
4.588,-0.003068
4.59,-0.003068
4.592,-0.003068
4.594,-0.003068
4.596,-0.003068
4.598,-0.003068
4.6,-0.003068
4.602,-0.003068
4.604,-0.003068
4.606,-0.003068
4.608,-0.003068
4.61,-0.003068
4.612,-0.003068
4.614,-0.003068
4.616,-0.003068
4.618,-0.003068
4.62,-0.003068
4.622,-0.003068
4.624,-0.003068
4.626,-0.003068
4.628,-0.003068
4.63,-0.003068
4.632,-0.003068
4.634,-0.003068
4.636,-0.003068
4.638,-0.003068
4.64,-0.003068
4.642,-0.003068
4.644,-0.003068
4.646,-0.003068
4.648,-0.003068
4.65,-0.003068
4.652,-0.003068
4.654,-0.003068
4.656,-0.003068
4.658,0
4.66,0
4.662,0
4.664,0
4.666,0
4.668,0
4.67,0
4.672,0
4.674,0
4.676,-0.003068
4.678,-0.003068
4.68,-0.003068
4.682,-0.003068
4.684,-0.003068
4.686,-0.003068
4.688,-0.003068
4.69,-0.0061359
4.692,-0.0061359
4.694,-0.0061359
4.696,-0.0061359
4.698,-0.0061359
4.7,-0.0061359
4.702,-0.0061359
4.704,-0.0061359
4.706,-0.0061359
4.708,-0.0061359
4.71,-0.0061359
4.712,-0.0061359
4.714,-0.0061359
4.716,-0.0092039
4.718,-0.0092039
4.72,-0.0092039
4.722,-0.0092039
4.724,-0.0092039
4.726,-0.0092039
4.728,-0.0092039
4.73,-0.0092039
4.732,-0.0092039
4.734,-0.0092039
4.736,-0.0092039
4.738,-0.0061359
4.74,-0.0061359
4.742,-0.0061359
4.744,-0.0061359
4.746,-0.0061359
4.748,-0.0061359
4.75,-0.0061359
4.752,-0.0061359
4.754,-0.0061359
4.756,-0.0061359
4.758,-0.003068
4.76,-0.003068
4.762,-0.003068
4.764,-0.003068
4.766,-0.003068
4.768,-0.003068
4.77,-0.003068
4.772,-0.003068
4.774,-0.003068
4.776,-0.003068
4.778,-0.003068
4.78,-0.003068
4.782,-0.003068
4.784,-0.003068
4.786,-0.003068
4.788,-0.003068
4.79,-0.003068
4.792,-0.003068
4.794,-0.003068
4.796,-0.003068
4.798,-0.003068
4.8,-0.003068
4.802,-0.0061359
4.804,-0.0061359
4.806,-0.0061359
4.808,-0.0061359
4.81,-0.0061359
4.812,-0.0061359
4.814,-0.0061359
4.816,-0.0061359
4.818,-0.0061359
4.82,-0.0061359
4.822,-0.0061359
4.824,-0.0061359
4.826,-0.0061359
4.828,-0.0061359
4.83,-0.0061359
4.832,-0.003068
4.834,-0.003068
4.836,-0.003068
4.838,-0.003068
4.84,-0.003068
4.842,-0.003068
4.844,-0.003068
4.846,-0.003068
4.848,-0.003068
4.85,-0.003068
4.852,-0.003068
4.854,-0.003068
4.856,-0.003068
4.858,-0.003068
4.86,-0.003068
4.862,-0.003068
4.864,-0.003068
4.866,-0.003068
4.868,-0.003068
4.87,-0.003068
4.872,-0.003068
4.874,-0.003068
4.876,-0.003068
4.878,-0.003068
4.88,-0.003068
4.882,-0.003068
4.884,-0.003068
4.886,-0.003068
4.888,-0.003068
4.89,-0.003068
4.892,-0.003068
4.894,-0.003068
4.896,-0.003068
4.898,-0.003068
4.9,-0.003068
4.902,-0.003068
4.904,-0.003068
4.906,-0.003068
4.908,-0.003068
4.91,-0.003068
4.912,-0.003068
4.914,-0.003068
4.916,-0.003068
4.918,-0.003068
4.92,-0.003068
4.922,-0.003068
4.924,-0.003068
4.926,-0.003068
4.928,-0.003068
4.93,-0.003068
4.932,-0.003068
4.934,-0.003068
4.936,-0.003068
4.938,-0.003068
4.94,-0.003068
4.942,-0.003068
4.944,-0.003068
4.946,-0.003068
4.948,-0.003068
4.95,-0.003068
4.952,-0.003068
4.954,-0.003068
4.956,-0.003068
4.958,-0.003068
4.96,-0.003068
4.962,-0.003068
4.964,-0.003068
4.966,-0.003068
4.968,-0.003068
4.97,-0.003068
4.972,-0.003068
4.974,-0.003068
4.976,-0.003068
4.978,-0.003068
4.98,-0.003068
4.982,-0.003068
4.984,-0.003068
4.986,-0.003068
4.988,-0.003068
4.99,-0.003068
4.992,-0.003068
4.994,-0.003068
4.996,-0.003068
4.998,-0.003068
5,-0.003068
5.002,-0.003068
5.004,-0.003068
5.006,-0.003068
5.008,-0.003068
5.01,-0.003068
5.012,-0.003068
5.014,-0.003068
5.016,-0.003068
5.018,-0.003068
5.02,-0.003068
5.022,-0.003068
5.024,-0.003068
5.026,-0.003068
5.028,-0.003068
5.03,-0.003068
5.032,-0.003068
5.034,-0.003068
5.036,-0.003068
5.038,-0.003068
5.04,0
5.042,0
5.044,0
5.046,0
5.048,0
5.05,0
5.052,0
5.054,0
5.056,0
5.058,-0.003068
5.06,-0.003068
5.062,-0.003068
5.064,-0.003068
5.066,-0.003068
5.068,-0.003068
5.07,-0.003068
5.072,-0.003068
5.074,-0.003068
5.076,-0.003068
5.078,-0.0061359
5.08,-0.0061359
5.082,-0.0061359
5.084,-0.0061359
5.086,-0.0061359
5.088,-0.0061359
5.09,-0.0061359
5.092,-0.0061359
5.094,-0.0061359
5.096,-0.0061359
5.098,-0.0061359
5.1,-0.0061359
5.102,-0.0061359
5.104,-0.0061359
5.106,-0.0061359
5.108,-0.0061359
5.11,-0.0061359
5.112,-0.0061359
5.114,-0.0061359
5.116,-0.0061359
5.118,-0.0061359
5.12,-0.0061359
5.122,-0.0061359
5.124,-0.0061359
5.126,-0.0061359
5.128,-0.0061359
5.13,-0.0061359
5.132,-0.0061359
5.134,-0.0061359
5.136,-0.0061359
5.138,-0.0061359
5.14,-0.0061359
5.142,-0.0061359
5.144,-0.0061359
5.146,-0.0061359
5.148,-0.0061359
5.15,-0.0061359
5.152,-0.0061359
5.154,-0.0061359
5.156,-0.0061359
5.158,-0.0061359
5.16,-0.0061359
5.162,-0.0061359
5.164,-0.0061359
5.166,-0.003068
5.168,-0.003068
5.17,-0.003068
5.172,-0.003068
5.174,-0.003068
5.176,-0.003068
5.178,-0.003068
5.18,-0.003068
5.182,-0.003068
5.184,-0.003068
5.186,-0.003068
5.188,-0.0061359
5.19,-0.0061359
5.192,-0.0061359
5.194,-0.0061359
5.196,-0.0061359
5.198,-0.0061359
5.2,-0.0061359
5.202,-0.0061359
5.204,-0.0061359
5.206,-0.0061359
5.208,-0.0061359
5.21,-0.0061359
5.212,-0.0092039
5.214,-0.0092039
5.216,-0.0092039
5.218,-0.0092039
5.22,-0.0092039
5.222,-0.0092039
5.224,-0.0092039
5.226,-0.0092039
5.228,-0.0092039
5.23,-0.0092039
5.232,-0.0092039
5.234,-0.0092039
5.236,-0.0092039
5.238,-0.0092039
5.24,-0.0092039
5.242,-0.0092039
5.244,-0.0092039
5.246,-0.0092039
5.248,-0.0061359
5.25,-0.0061359
5.252,-0.0061359
5.254,-0.0061359
5.256,-0.0061359
5.258,-0.0061359
5.26,-0.0061359
5.262,-0.0061359
5.264,-0.0061359
5.266,-0.0061359
5.268,-0.003068
5.27,-0.003068
5.272,-0.003068
5.274,-0.003068
5.276,-0.003068
5.278,-0.003068
5.28,-0.003068
5.282,-0.003068
5.284,-0.003068
5.286,-0.003068
5.288,-0.003068
5.29,-0.003068
5.292,-0.003068
5.294,-0.003068
5.296,-0.003068
5.298,-0.003068
5.3,-0.003068
5.302,-0.003068
5.304,-0.003068
5.306,-0.003068
5.308,-0.003068
5.31,-0.003068
5.312,-0.003068
5.314,-0.003068
5.316,-0.003068
5.318,-0.003068
5.32,-0.003068
5.322,-0.003068
5.324,-0.003068
5.326,-0.003068
5.328,-0.003068
5.33,-0.003068
5.332,-0.003068
5.334,-0.003068
5.336,-0.003068
5.338,-0.003068
5.34,-0.003068
5.342,-0.003068
5.344,-0.003068
5.346,-0.003068
5.348,-0.003068
5.35,-0.003068
5.352,-0.003068
5.354,-0.003068
5.356,-0.003068
5.358,-0.003068
5.36,-0.003068
5.362,-0.003068
5.364,-0.003068
5.366,-0.003068
5.368,-0.003068
5.37,-0.003068
5.372,-0.003068
5.374,-0.003068
5.376,-0.003068
5.378,-0.003068
5.38,-0.0061359
5.382,-0.0061359
5.384,-0.0061359
5.386,-0.0061359
5.388,-0.0061359
5.39,-0.0061359
5.392,-0.0061359
5.394,-0.0061359
5.396,-0.0061359
5.398,-0.0061359
5.4,-0.003068
5.402,-0.003068
5.404,-0.003068
5.406,-0.003068
5.408,-0.003068
5.41,-0.003068
5.412,-0.003068
5.414,-0.003068
5.416,-0.003068
5.418,-0.003068
5.42,-0.003068
5.422,-0.003068
5.424,-0.003068
5.426,-0.003068
5.428,0
5.43,0
5.432,0
5.434,0
5.436,0
5.438,0
5.44,0
5.442,0
5.444,0
5.446,0
5.448,0
5.45,0
5.452,0
5.454,0
5.456,0
5.458,0
5.46,0
5.462,-0.003068
5.464,-0.003068
5.466,-0.003068
5.468,-0.003068
5.47,-0.003068
5.472,-0.003068
5.474,-0.003068
5.476,-0.003068
5.478,-0.003068
5.48,-0.003068
5.482,-0.003068
5.484,-0.003068
5.486,-0.003068
5.488,-0.003068
5.49,-0.003068
5.492,-0.0061359
5.494,-0.0061359
5.496,-0.0061359
5.498,-0.0061359
5.5,-0.0061359
5.502,-0.0061359
5.504,-0.0061359
5.506,-0.0061359
5.508,-0.0061359
5.51,-0.0061359
5.512,-0.0061359
5.514,-0.0061359
5.516,-0.0061359
5.518,-0.0061359
5.52,-0.0061359
5.522,-0.0061359
5.524,-0.0061359
5.526,-0.0061359
5.528,-0.0061359
5.53,-0.0061359
5.532,-0.0061359
5.534,-0.003068
5.536,-0.003068
5.538,-0.003068
5.54,-0.003068
5.542,-0.003068
5.544,-0.003068
5.546,-0.003068
5.548,-0.003068
5.55,-0.003068
5.552,-0.003068
5.554,-0.003068
5.556,-0.003068
5.558,-0.003068
5.56,-0.003068
5.562,-0.003068
5.564,-0.003068
5.566,-0.003068
5.568,-0.003068
5.57,-0.003068
5.572,-0.003068
5.574,-0.003068
5.576,-0.003068
5.578,-0.003068
5.58,-0.003068
5.582,-0.003068
5.584,-0.003068
5.586,-0.003068
5.588,-0.003068
5.59,-0.003068
5.592,-0.003068
5.594,-0.003068
5.596,-0.003068
5.598,-0.003068
5.6,-0.003068
5.602,-0.003068
5.604,-0.003068
5.606,-0.003068
5.608,-0.003068
5.61,-0.003068
5.612,-0.003068
5.614,-0.003068
5.616,-0.003068
5.618,-0.003068
5.62,-0.003068
5.622,-0.003068
5.624,-0.003068
5.626,-0.003068
5.628,-0.003068
5.63,-0.003068
5.632,-0.003068
5.634,-0.003068
5.636,-0.003068
5.638,-0.003068
5.64,-0.003068
5.642,-0.003068
5.644,-0.003068
5.646,-0.003068
5.648,-0.003068
5.65,-0.003068
5.652,-0.003068
5.654,-0.003068
5.656,-0.003068
5.658,-0.003068
5.66,-0.003068
5.662,-0.003068
5.664,-0.003068
5.666,-0.003068
5.668,-0.003068
5.67,-0.003068
5.672,-0.003068
5.674,-0.003068
5.676,-0.003068
5.678,-0.003068
5.68,-0.003068
5.682,-0.003068
5.684,-0.003068
5.686,-0.003068
5.688,-0.003068
5.69,-0.003068
5.692,-0.003068
5.694,-0.003068
5.696,-0.003068
5.698,-0.003068
5.7,-0.003068
5.702,-0.003068
5.704,-0.003068
5.706,-0.003068
5.708,-0.003068
5.71,-0.003068
5.712,-0.003068
5.714,-0.003068
5.716,-0.003068
5.718,-0.003068
5.72,-0.003068
5.722,-0.003068
5.724,-0.003068
5.726,-0.003068
5.728,-0.003068
5.73,-0.003068
5.732,-0.003068
5.734,-0.003068
5.736,-0.003068
5.738,-0.003068
5.74,-0.003068
5.742,-0.003068
5.744,-0.003068
5.746,-0.003068
5.748,-0.003068
5.75,-0.003068
5.752,-0.003068
5.754,-0.003068
5.756,-0.003068
5.758,-0.003068
5.76,-0.003068
5.762,-0.003068
5.764,-0.003068
5.766,-0.003068
5.768,-0.003068
5.77,-0.003068
5.772,-0.003068
5.774,0
5.776,0
5.778,0
5.78,0
5.782,0
5.784,0
5.786,0
5.788,0
5.79,0
5.792,-0.003068
5.794,-0.003068
5.796,-0.003068
5.798,-0.003068
5.8,-0.003068
5.802,-0.003068
5.804,-0.003068
5.806,-0.003068
5.808,-0.0061359
5.81,-0.0061359
5.812,-0.0061359
5.814,-0.0061359
5.816,-0.0061359
5.818,-0.0061359
5.82,-0.0061359
5.822,-0.0061359
5.824,-0.0061359
5.826,-0.0061359
5.828,-0.0061359
5.83,-0.0061359
5.832,-0.0061359
5.834,-0.0061359
5.836,-0.0061359
5.838,-0.0061359
5.84,-0.0061359
5.842,-0.0061359
5.844,-0.0061359
5.846,-0.0061359
5.848,-0.0061359
5.85,-0.0061359
5.852,-0.0061359
5.854,-0.0061359
5.856,-0.0061359
5.858,-0.0061359
5.86,-0.0061359
5.862,-0.0061359
5.864,-0.0061359
5.866,-0.0061359
5.868,-0.0061359
5.87,-0.0061359
5.872,-0.0061359
5.874,-0.0061359
5.876,-0.0061359
5.878,-0.0061359
5.88,-0.0061359
5.882,-0.0061359
5.884,-0.0061359
5.886,-0.0061359
5.888,-0.0061359
5.89,-0.0061359
5.892,-0.0061359
5.894,-0.0061359
5.896,-0.0061359
5.898,-0.0061359
5.9,-0.0061359
5.902,-0.0061359
5.904,-0.0061359
5.906,-0.0061359
5.908,-0.0061359
5.91,-0.0061359
5.912,-0.0061359
5.914,-0.0061359
5.916,-0.0061359
5.918,-0.0061359
5.92,-0.0061359
5.922,-0.0061359
5.924,-0.0061359
5.926,-0.0061359
5.928,-0.0061359
5.93,-0.0061359
5.932,-0.0061359
5.934,-0.0061359
5.936,-0.0061359
5.938,-0.0061359
5.94,-0.0061359
5.942,-0.0061359
5.944,-0.0061359
5.946,-0.0061359
5.948,-0.0061359
5.95,-0.0061359
5.952,-0.0061359
5.954,-0.0061359
5.956,-0.0061359
5.958,-0.0061359
5.96,-0.0061359
5.962,-0.0061359
5.964,-0.0061359
5.966,-0.0061359
5.968,-0.0061359
5.97,-0.0061359
5.972,-0.0061359
5.974,-0.0061359
5.976,-0.0061359
5.978,-0.0061359
5.98,-0.0061359
5.982,-0.0061359
5.984,-0.0061359
5.986,-0.0061359
5.988,-0.0061359
5.99,-0.0061359
5.992,-0.0061359
5.994,-0.0061359
5.996,-0.0061359
5.998,-0.0061359
6,-0.0061359
6.002,-0.0061359
6.004,-0.0061359
6.006,-0.0061359
6.008,-0.0061359
6.01,-0.0061359
6.012,-0.0061359
6.014,-0.0061359
6.016,-0.0061359
6.018,-0.0061359
6.02,-0.0061359
6.022,-0.0061359
6.024,-0.0061359
6.026,-0.0061359
6.028,-0.0061359
6.03,-0.0061359
6.032,-0.0061359
6.034,-0.0061359
6.036,-0.0061359
6.038,-0.0061359
6.04,-0.0061359
6.042,-0.0061359
6.044,-0.0061359
6.046,-0.0061359
6.048,-0.0061359
6.05,-0.0061359
6.052,-0.0061359
6.054,-0.0061359
6.056,-0.0061359
6.058,-0.0061359
6.06,-0.0061359
6.062,-0.0061359
6.064,-0.0061359
6.066,-0.0061359
6.068,-0.0061359
6.07,-0.0061359
6.072,-0.0061359
6.074,-0.0061359
6.076,-0.0061359
6.078,-0.0061359
6.08,-0.0061359
6.082,-0.0061359
6.084,-0.0061359
6.086,-0.0061359
6.088,-0.0061359
6.09,-0.0061359
6.092,-0.0061359
6.094,-0.0061359
6.096,-0.0061359
6.098,-0.0061359
6.1,-0.0061359
6.102,-0.0061359
6.104,-0.0061359
6.106,-0.0061359
6.108,-0.0061359
6.11,-0.0061359
6.112,-0.0061359
6.114,-0.0061359
6.116,-0.0061359
6.118,-0.0061359
6.12,-0.0061359
6.122,-0.0061359
6.124,-0.0061359
6.126,-0.0061359
6.128,-0.0061359
6.13,-0.0061359
6.132,-0.0061359
6.134,-0.0061359
6.136,-0.0061359
6.138,-0.0061359
6.14,-0.0061359
6.142,-0.0061359
6.144,-0.0061359
6.146,-0.0061359
6.148,-0.0061359
6.15,-0.0061359
6.152,-0.0061359
6.154,-0.0061359
6.156,-0.0061359
6.158,-0.0061359
6.16,-0.0061359
6.162,-0.0061359
6.164,-0.0061359
6.166,-0.0061359
6.168,-0.0061359
6.17,-0.0061359
6.172,-0.0061359
6.174,-0.0061359
6.176,-0.0061359
6.178,-0.0061359
6.18,-0.0061359
6.182,-0.0061359
6.184,-0.0061359
6.186,-0.0061359
6.188,-0.0061359
6.19,-0.0061359
6.192,-0.0061359
6.194,-0.0061359
6.196,-0.0061359
6.198,-0.0061359
6.2,-0.0061359
6.202,-0.0061359
6.204,-0.0061359
6.206,-0.0061359
6.208,-0.0061359
6.21,-0.0061359
6.212,-0.0061359
6.214,-0.0061359
6.216,-0.0061359
6.218,-0.0061359
6.22,-0.0061359
6.222,-0.0061359
6.224,-0.0061359
6.226,-0.0061359
6.228,-0.0061359
6.23,-0.0061359
6.232,-0.0061359
6.234,-0.0061359
6.236,-0.0061359
6.238,-0.0061359
6.24,-0.0061359
6.242,-0.0061359
6.244,-0.0061359
6.246,-0.0061359
6.248,-0.0061359
6.25,-0.0061359
6.252,-0.0061359
6.254,-0.0061359
6.256,-0.0061359
6.258,-0.0061359
6.26,-0.0061359
6.262,-0.0061359
6.264,-0.0061359
6.266,-0.0061359
6.268,-0.0061359
6.27,-0.0061359
6.272,-0.0061359
6.274,-0.0061359
6.276,-0.0061359
6.278,-0.0061359
6.28,-0.0061359
6.282,-0.0061359
6.284,-0.0061359
6.286,-0.0061359
6.288,-0.0061359
6.29,-0.0061359
6.292,-0.0061359
6.294,-0.0061359
6.296,-0.0061359
6.298,-0.0061359
6.3,-0.0061359
6.302,-0.0061359
6.304,-0.0061359
6.306,-0.0061359
6.308,-0.0061359
6.31,-0.0061359
6.312,-0.0061359
6.314,-0.0061359
6.316,-0.0061359
6.318,-0.0061359
6.32,-0.0061359
6.322,-0.0061359
6.324,-0.0061359
6.326,-0.0061359
6.328,-0.0061359
6.33,-0.0061359
6.332,-0.0061359
6.334,-0.0061359
6.336,-0.0061359
6.338,-0.0061359
6.34,-0.0061359
6.342,-0.0061359
6.344,-0.0061359
6.346,-0.0061359
6.348,-0.0061359
6.35,-0.0061359
6.352,-0.0061359
6.354,-0.0092039
6.356,-0.0092039
6.358,-0.0092039
6.36,-0.0092039
6.362,-0.0092039
6.364,-0.0092039
6.366,-0.0092039
6.368,-0.0092039
6.37,-0.0092039
6.372,-0.0092039
6.374,-0.0092039
6.376,-0.0061359
6.378,-0.0061359
6.38,-0.0061359
6.382,-0.0061359
6.384,-0.0061359
6.386,-0.0061359
6.388,-0.0061359
6.39,-0.0061359
6.392,-0.003068
6.394,-0.003068
6.396,-0.003068
6.398,-0.003068
6.4,-0.003068
6.402,-0.003068
6.404,-0.003068
6.406,-0.003068
6.408,-0.003068
6.41,0
6.412,0
6.414,0
6.416,0
6.418,0
6.42,0
6.422,0
6.424,0
6.426,0
6.428,0
6.43,0
6.432,0
6.434,0
6.436,0
6.438,-0.003068
6.44,-0.003068
6.442,-0.003068
6.444,-0.003068
6.446,-0.003068
6.448,-0.003068
6.45,-0.003068
6.452,-0.003068
6.454,-0.003068
6.456,-0.003068
6.458,-0.003068
6.46,-0.003068
6.462,-0.0061359
6.464,-0.0061359
6.466,-0.0061359
6.468,-0.0061359
6.47,-0.0061359
6.472,-0.0061359
6.474,-0.0061359
6.476,-0.0061359
6.478,-0.0061359
6.48,-0.0061359
6.482,-0.0061359
6.484,-0.0061359
6.486,-0.003068
6.488,-0.003068
6.49,-0.003068
6.492,-0.003068
6.494,-0.003068
6.496,-0.003068
6.498,-0.003068
6.5,-0.003068
6.502,-0.003068
6.504,0
6.506,0
6.508,0
6.51,0
6.512,0
6.514,0
6.516,0
6.518,0
6.52,0
6.522,0
6.524,0
6.526,0
6.528,0
6.53,0
6.532,0
6.534,-0.003068
6.536,-0.003068
6.538,-0.003068
6.54,-0.003068
6.542,-0.003068
6.544,-0.003068
6.546,-0.003068
6.548,-0.003068
6.55,-0.003068
6.552,-0.003068
6.554,-0.003068
6.556,-0.003068
6.558,-0.003068
6.56,-0.003068
6.562,-0.003068
6.564,-0.003068
6.566,-0.0061359
6.568,-0.0061359
6.57,-0.0061359
6.572,-0.0061359
6.574,-0.0061359
6.576,-0.0061359
6.578,-0.0061359
6.58,-0.0061359
6.582,-0.0061359
6.584,-0.0061359
6.586,-0.003068
6.588,-0.003068
6.59,-0.003068
6.592,-0.003068
6.594,-0.003068
6.596,-0.003068
6.598,-0.003068
6.6,-0.003068
6.602,-0.003068
6.604,-0.003068
6.606,-0.003068
6.608,-0.003068
6.61,-0.003068
6.612,0
6.614,0
6.616,0
6.618,0
6.62,0
6.622,0
6.624,0
6.626,0
6.628,0
6.63,0
6.632,0
6.634,0
6.636,-0.003068
6.638,-0.003068
6.64,-0.003068
6.642,-0.003068
6.644,-0.003068
6.646,-0.003068
6.648,-0.003068
6.65,-0.003068
6.652,-0.003068
6.654,-0.003068
6.656,-0.003068
6.658,-0.003068
6.66,-0.003068
6.662,-0.003068
6.664,-0.003068
6.666,-0.0061359
6.668,-0.0061359
6.67,-0.0061359
6.672,-0.0061359
6.674,-0.0061359
6.676,-0.0061359
6.678,-0.0061359
6.68,-0.0061359
6.682,-0.0061359
6.684,-0.0061359
6.686,-0.0061359
6.688,-0.0061359
6.69,-0.003068
6.692,-0.003068
6.694,-0.003068
6.696,-0.003068
6.698,-0.003068
6.7,-0.003068
6.702,-0.003068
6.704,-0.003068
6.706,-0.003068
6.708,-0.003068
6.71,0
6.712,0
6.714,0
6.716,0
6.718,0
6.72,0
6.722,0
6.724,0
6.726,0
6.728,0
6.73,0
6.732,0
6.734,0
6.736,0
6.738,0
6.74,0
6.742,0
6.744,0
6.746,0
6.748,0
6.75,-0.003068
6.752,-0.003068
6.754,-0.003068
6.756,-0.003068
6.758,-0.003068
6.76,-0.003068
6.762,-0.003068
6.764,-0.003068
6.766,-0.003068
6.768,-0.003068
6.77,-0.003068
6.772,-0.003068
6.774,-0.003068
6.776,-0.003068
6.778,-0.003068
6.78,-0.0061359
6.782,-0.0061359
6.784,-0.0061359
6.786,-0.0061359
6.788,-0.0061359
6.79,-0.0061359
6.792,-0.0061359
6.794,-0.0061359
6.796,-0.0061359
6.798,-0.0061359
6.8,-0.0061359
6.802,-0.0061359
6.804,-0.0061359
6.806,-0.0061359
6.808,-0.0061359
6.81,-0.0061359
6.812,-0.003068
6.814,-0.003068
6.816,-0.003068
6.818,-0.003068
6.82,-0.003068
6.822,-0.003068
6.824,-0.003068
6.826,-0.003068
6.828,-0.003068
6.83,-0.003068
6.832,-0.003068
6.834,-0.003068
6.836,-0.003068
6.838,-0.003068
6.84,-0.003068
6.842,-0.003068
6.844,-0.003068
6.846,-0.003068
6.848,-0.003068
6.85,-0.003068
6.852,-0.003068
6.854,-0.003068
6.856,-0.003068
6.858,-0.003068
6.86,-0.003068
6.862,-0.003068
6.864,-0.003068
6.866,-0.003068
6.868,-0.003068
6.87,-0.003068
6.872,-0.003068
6.874,0
6.876,0
6.878,0
6.88,0
6.882,0
6.884,0
6.886,0
6.888,0
6.89,0
6.892,-0.003068
6.894,-0.003068
6.896,-0.003068
6.898,-0.003068
6.9,-0.003068
6.902,-0.003068
6.904,-0.003068
6.906,-0.003068
6.908,-0.003068
6.91,-0.0061359
6.912,-0.0061359
6.914,-0.0061359
6.916,-0.0061359
6.918,-0.0061359
6.92,-0.0061359
6.922,-0.0061359
6.924,-0.0061359
6.926,-0.0061359
6.928,-0.0061359
6.93,-0.0061359
6.932,-0.0061359
6.934,-0.0061359
6.936,-0.0061359
6.938,-0.0061359
6.94,-0.0061359
6.942,-0.0061359
6.944,-0.0061359
6.946,-0.0061359
6.948,-0.0061359
6.95,-0.0061359
6.952,-0.0061359
6.954,-0.0061359
6.956,-0.0061359
6.958,-0.0061359
6.96,-0.0061359
6.962,-0.0061359
6.964,-0.0061359
6.966,-0.0061359
6.968,-0.0061359
6.97,-0.0061359
6.972,-0.0061359
6.974,-0.0061359
6.976,-0.0061359
6.978,-0.0061359
6.98,-0.0061359
6.982,-0.0061359
6.984,-0.0061359
6.986,-0.0061359
6.988,-0.0061359
6.99,-0.0061359
6.992,-0.0061359
6.994,-0.0061359
6.996,-0.0061359
6.998,-0.0061359
7,-0.0061359
7.002,-0.0061359
7.004,-0.0061359
7.006,-0.0061359
7.008,-0.0061359
7.01,-0.0061359
7.012,-0.0061359
7.014,-0.0061359
7.016,-0.0061359
7.018,-0.0061359
7.02,-0.0061359
7.022,-0.0061359
7.024,-0.0061359
7.026,-0.0061359
7.028,-0.0061359
7.03,-0.0061359
7.032,-0.0061359
7.034,-0.0061359
7.036,-0.0061359
7.038,-0.0061359
7.04,-0.0061359
7.042,-0.0061359
7.044,-0.0061359
7.046,-0.0061359
7.048,-0.0061359
7.05,-0.0061359
7.052,-0.0061359
7.054,-0.0061359
7.056,-0.0061359
7.058,-0.0061359
7.06,-0.0061359
7.062,-0.0061359
7.064,-0.0061359
7.066,-0.0061359
7.068,-0.0061359
7.07,-0.0061359
7.072,-0.0061359
7.074,-0.0061359
7.076,-0.0061359
7.078,-0.0061359
7.08,-0.0061359
7.082,-0.0061359
7.084,-0.0061359
7.086,-0.0061359
7.088,-0.0061359
7.09,-0.0061359
7.092,-0.0061359
7.094,-0.0061359
7.096,-0.0061359
7.098,-0.0061359
7.1,-0.0061359
7.102,-0.0061359
7.104,-0.0061359
7.106,-0.0061359
7.108,-0.0061359
7.11,-0.0061359
7.112,-0.0061359
7.114,-0.0061359
7.116,-0.0061359
7.118,-0.0061359
7.12,-0.0061359
7.122,-0.0061359
7.124,-0.0061359
7.126,-0.0061359
7.128,-0.0061359
7.13,-0.0061359
7.132,-0.0061359
7.134,-0.0061359
7.136,-0.0061359
7.138,-0.0061359
7.14,-0.0061359
7.142,-0.0061359
7.144,-0.0061359
7.146,-0.0061359
7.148,-0.0061359
7.15,-0.0061359
7.152,-0.0061359
7.154,-0.0061359
7.156,-0.0061359
7.158,-0.0061359
7.16,-0.0061359
7.162,-0.0061359
7.164,-0.0061359
7.166,-0.0061359
7.168,-0.0061359
7.17,-0.0061359
7.172,-0.0061359
7.174,-0.0061359
7.176,-0.0061359
7.178,-0.0061359
7.18,-0.0061359
7.182,-0.0061359
7.184,-0.0061359
7.186,-0.0061359
7.188,-0.0061359
7.19,-0.0061359
7.192,-0.0061359
7.194,-0.0061359
7.196,-0.0061359
7.198,-0.0061359
7.2,-0.0061359
7.202,-0.0061359
7.204,-0.0061359
7.206,-0.0061359
7.208,-0.0061359
7.21,-0.0061359
7.212,-0.0061359
7.214,-0.0061359
7.216,-0.0061359
7.218,-0.0061359
7.22,-0.0061359
7.222,-0.0061359
7.224,-0.0061359
7.226,-0.0061359
7.228,-0.0061359
7.23,-0.0061359
7.232,-0.0061359
7.234,-0.0061359
7.236,-0.0061359
7.238,-0.0061359
7.24,-0.0061359
7.242,-0.0061359
7.244,-0.0061359
7.246,-0.0061359
7.248,-0.0061359
7.25,-0.0061359
7.252,-0.0061359
7.254,-0.0061359
7.256,-0.0061359
7.258,-0.0061359
7.26,-0.0061359
7.262,-0.0061359
7.264,-0.0061359
7.266,-0.0061359
7.268,-0.0061359
7.27,-0.0061359
7.272,-0.0061359
7.274,-0.0061359
7.276,-0.0061359
7.278,-0.0061359
7.28,-0.0061359
7.282,-0.0061359
7.284,-0.0061359
7.286,-0.0061359
7.288,-0.0061359
7.29,-0.0061359
7.292,-0.0061359
7.294,-0.0061359
7.296,-0.0061359
7.298,-0.0061359
7.3,-0.0061359
7.302,-0.0061359
7.304,-0.0061359
7.306,-0.0061359
7.308,-0.0061359
7.31,-0.0061359
7.312,-0.0061359
7.314,-0.0061359
7.316,-0.0061359
7.318,-0.0061359
7.32,-0.0061359
7.322,-0.0061359
7.324,-0.0061359
7.326,-0.0061359
7.328,-0.0061359
7.33,-0.0061359
7.332,-0.0061359
7.334,-0.0061359
7.336,-0.0061359
7.338,-0.0061359
7.34,-0.0061359
7.342,-0.0061359
7.344,-0.0061359
7.346,-0.0061359
7.348,-0.0061359
7.35,-0.0061359
7.352,-0.0061359
7.354,-0.0061359
7.356,-0.0061359
7.358,-0.0061359
7.36,-0.0061359
7.362,-0.0061359
7.364,-0.0061359
7.366,-0.0061359
7.368,-0.0061359
7.37,-0.0061359
7.372,-0.0061359
7.374,-0.0061359
7.376,-0.0061359
7.378,-0.0061359
7.38,-0.0061359
7.382,-0.0061359
7.384,-0.0061359
7.386,-0.0061359
7.388,-0.0061359
7.39,-0.0061359
7.392,-0.0061359
7.394,-0.0061359
7.396,-0.0061359
7.398,-0.0061359
7.4,-0.0061359
7.402,-0.0061359
7.404,-0.0061359
7.406,-0.0061359
7.408,-0.0061359
7.41,-0.0061359
7.412,-0.0061359
7.414,-0.0061359
7.416,-0.0061359
7.418,-0.0061359
7.42,-0.0061359
7.422,-0.0061359
7.424,-0.0061359
7.426,-0.0061359
7.428,-0.0061359
7.43,-0.0061359
7.432,-0.0061359
7.434,-0.0061359
7.436,-0.0061359
7.438,-0.0061359
7.44,-0.0061359
7.442,-0.0061359
7.444,-0.0061359
7.446,-0.0061359
7.448,-0.0061359
7.45,-0.0061359
7.452,-0.0061359
7.454,-0.0061359
7.456,-0.0061359
7.458,-0.0061359
7.46,-0.0061359
7.462,-0.0061359
7.464,-0.0061359
7.466,-0.0061359
7.468,-0.0061359
7.47,-0.0061359
7.472,-0.0061359
7.474,-0.0061359
7.476,-0.0061359
7.478,-0.0061359
7.48,-0.0061359
7.482,-0.0061359
7.484,-0.0061359
7.486,-0.0061359
7.488,-0.0061359
7.49,-0.0061359
7.492,-0.0061359
7.494,-0.0061359
7.496,-0.0061359
7.498,-0.0061359
7.5,-0.0061359
7.502,-0.0061359
7.504,-0.0061359
7.506,-0.0061359
7.508,-0.0061359
7.51,-0.0061359
7.512,-0.0061359
7.514,-0.0061359
7.516,-0.0061359
7.518,-0.0061359
7.52,-0.0061359
7.522,-0.0061359
7.524,-0.0061359
7.526,-0.0061359
7.528,-0.0061359
7.53,-0.0061359
7.532,-0.0061359
7.534,-0.0061359
7.536,-0.0061359
7.538,-0.0061359
7.54,-0.0061359
7.542,-0.0061359
7.544,-0.0061359
7.546,-0.0061359
7.548,-0.0061359
7.55,-0.0061359
7.552,-0.0061359
7.554,-0.0061359
7.556,-0.0061359
7.558,-0.0061359
7.56,-0.0061359
7.562,-0.0061359
7.564,-0.0061359
7.566,-0.0061359
7.568,-0.0061359
7.57,-0.0061359
7.572,-0.0061359
7.574,-0.0061359
7.576,-0.0061359
7.578,-0.0061359
7.58,-0.0061359
7.582,-0.0061359
7.584,-0.0061359
7.586,-0.0061359
7.588,-0.0061359
7.59,-0.0061359
7.592,-0.0061359
7.594,-0.0061359
7.596,-0.0061359
7.598,-0.0061359
7.6,-0.0061359
7.602,-0.0061359
7.604,-0.0061359
7.606,-0.0061359
7.608,-0.0061359
7.61,-0.0061359
7.612,-0.0061359
7.614,-0.0061359
7.616,-0.0061359
7.618,-0.0061359
7.62,-0.0061359
7.622,-0.0061359
7.624,-0.0061359
7.626,-0.0061359
7.628,-0.0061359
7.63,-0.0061359
7.632,-0.0061359
7.634,-0.0061359
7.636,-0.0061359
7.638,-0.0061359
7.64,-0.0061359
7.642,-0.0061359
7.644,-0.0061359
7.646,-0.0061359
7.648,-0.0061359
7.65,-0.0061359
7.652,-0.0061359
7.654,-0.0061359
7.656,-0.0061359
7.658,-0.0061359
7.66,-0.0061359
7.662,-0.0061359
7.664,-0.0061359
7.666,-0.0061359
7.668,-0.0061359
7.67,-0.0061359
7.672,-0.0061359
7.674,-0.0061359
7.676,-0.0061359
7.678,-0.0061359
7.68,-0.0061359
7.682,-0.0061359
7.684,-0.0061359
7.686,-0.0061359
7.688,-0.0061359
7.69,-0.0061359
7.692,-0.0061359
7.694,-0.0061359
7.696,-0.0061359
7.698,-0.0061359
7.7,-0.0061359
7.702,-0.0061359
7.704,-0.0061359
7.706,-0.0061359
7.708,-0.0061359
7.71,-0.0061359
7.712,-0.0061359
7.714,-0.0061359
7.716,-0.0061359
7.718,-0.0061359
7.72,-0.0061359
7.722,-0.0061359
7.724,-0.0061359
7.726,-0.0061359
7.728,-0.0061359
7.73,-0.0061359
7.732,-0.0061359
7.734,-0.0061359
7.736,-0.0061359
7.738,-0.0061359
7.74,-0.0061359
7.742,-0.0061359
7.744,-0.0061359
7.746,-0.0061359
7.748,-0.0061359
7.75,-0.0061359
7.752,-0.0061359
7.754,-0.0061359
7.756,-0.0061359
7.758,-0.0061359
7.76,-0.0061359
7.762,-0.0061359
7.764,-0.0061359
7.766,-0.0061359
7.768,-0.0061359
7.77,-0.0061359
7.772,-0.0061359
7.774,-0.0061359
7.776,-0.0061359
7.778,-0.0061359
7.78,-0.0061359
7.782,-0.0061359
7.784,-0.0061359
7.786,-0.0061359
7.788,-0.0061359
7.79,-0.0061359
7.792,-0.0061359
7.794,-0.0061359
7.796,-0.0061359
7.798,-0.0061359
7.8,-0.0061359
7.802,-0.0061359
7.804,-0.0061359
7.806,-0.0061359
7.808,-0.0061359
7.81,-0.0061359
7.812,-0.0061359
7.814,-0.0061359
7.816,-0.0061359
7.818,-0.0061359
7.82,-0.0061359
7.822,-0.0061359
7.824,-0.0061359
7.826,-0.0061359
7.828,-0.0061359
7.83,-0.0061359
7.832,-0.0061359
7.834,-0.0061359
7.836,-0.0061359
7.838,-0.0061359
7.84,-0.0061359
7.842,-0.0061359
7.844,-0.0061359
7.846,-0.0061359
7.848,-0.0061359
7.85,-0.0061359
7.852,-0.0061359
7.854,-0.0061359
7.856,-0.0061359
7.858,-0.0061359
7.86,-0.0061359
7.862,-0.0061359
7.864,-0.0061359
7.866,-0.0061359
7.868,-0.0061359
7.87,-0.0061359
7.872,-0.0061359
7.874,-0.0061359
7.876,-0.0061359
7.878,-0.0061359
7.88,-0.0061359
7.882,-0.0061359
7.884,-0.0061359
7.886,-0.0061359
7.888,-0.0061359
7.89,-0.0061359
7.892,-0.0061359
7.894,-0.0061359
7.896,-0.0061359
7.898,-0.0061359
7.9,-0.0061359
7.902,-0.0061359
7.904,-0.0061359
7.906,-0.0061359
7.908,-0.0061359
7.91,-0.0061359
7.912,-0.0061359
7.914,-0.0061359
7.916,-0.0061359
7.918,-0.0061359
7.92,-0.0061359
7.922,-0.0061359
7.924,-0.0061359
7.926,-0.0061359
7.928,-0.0061359
7.93,-0.0061359
7.932,-0.0061359
7.934,-0.0061359
7.936,-0.0061359
7.938,-0.0061359
7.94,-0.0061359
7.942,-0.0061359
7.944,-0.0061359
7.946,-0.0061359
7.948,-0.0061359
7.95,-0.0061359
7.952,-0.0061359
7.954,-0.0061359
7.956,-0.0061359
7.958,-0.0061359
7.96,-0.0061359
7.962,-0.0061359
7.964,-0.0061359
7.966,-0.0061359
7.968,-0.0061359
7.97,-0.0061359
7.972,-0.0061359
7.974,-0.0061359
7.976,-0.0061359
7.978,-0.0061359
7.98,-0.0061359
7.982,-0.0061359
7.984,-0.0061359
7.986,-0.0061359
7.988,-0.0061359
7.99,-0.0061359
7.992,-0.0061359
7.994,-0.0061359
7.996,-0.0061359
7.998,-0.0061359
8,-0.0061359
8.002,-0.0061359
8.004,-0.0061359
8.006,-0.0061359
8.008,-0.0061359
8.01,-0.0061359
8.012,-0.0061359
8.014,-0.0061359
8.016,-0.0061359
8.018,-0.0061359
8.02,-0.0061359
8.022,-0.0061359
8.024,-0.0061359
8.026,-0.0061359
8.028,-0.0061359
8.03,-0.0061359
8.032,-0.0061359
8.034,-0.0061359
8.036,-0.0061359
8.038,-0.0061359
8.04,-0.0061359
8.042,-0.0061359
8.044,-0.0061359
8.046,-0.0061359
8.048,-0.0061359
8.05,-0.0061359
8.052,-0.0061359
8.054,-0.0061359
8.056,-0.0061359
8.058,-0.0061359
8.06,-0.0061359
8.062,-0.0061359
8.064,-0.0061359
8.066,-0.0061359
8.068,-0.0061359
8.07,-0.0061359
8.072,-0.0061359
8.074,-0.0061359
8.076,-0.0061359
8.078,-0.0061359
8.08,-0.0061359
8.082,-0.0061359
8.084,-0.0061359
8.086,-0.0061359
8.088,-0.0061359
8.09,-0.0061359
8.092,-0.0061359
8.094,-0.0061359
8.096,-0.0061359
8.098,-0.0061359
8.1,-0.0061359
8.102,-0.0061359
8.104,-0.0061359
8.106,-0.0061359
8.108,-0.0061359
8.11,-0.0061359
8.112,-0.0061359
8.114,-0.0061359
8.116,-0.0061359
8.118,-0.0061359
8.12,-0.0061359
8.122,-0.0061359
8.124,-0.0061359
8.126,-0.0061359
8.128,-0.0061359
8.13,-0.0061359
8.132,-0.0061359
8.134,-0.0061359
8.136,-0.0061359
8.138,-0.0061359
8.14,-0.0061359
8.142,-0.0061359
8.144,-0.0061359
8.146,-0.0061359
8.148,-0.0061359
8.15,-0.0061359
8.152,-0.0061359
8.154,-0.0061359
8.156,-0.0061359
8.158,-0.0061359
8.16,-0.0061359
8.162,-0.0061359
8.164,-0.0061359
8.166,-0.0061359
8.168,-0.0092039
8.17,-0.0092039
8.172,-0.0092039
8.174,-0.0092039
8.176,-0.0092039
8.178,-0.0092039
8.18,-0.0092039
8.182,-0.0092039
8.184,-0.0092039
8.186,-0.0092039
8.188,-0.0061359
8.19,-0.0061359
8.192,-0.0061359
8.194,-0.0061359
8.196,-0.0061359
8.198,-0.0061359
8.2,-0.0061359
8.202,-0.003068
8.204,-0.003068
8.206,-0.003068
8.208,-0.003068
8.21,-0.003068
8.212,-0.003068
8.214,0
8.216,0
8.218,0
8.22,0
8.222,0
8.224,0
8.226,0
8.228,0
8.23,0
8.232,0
8.234,0
8.236,0
8.238,0
8.24,0
8.242,0
8.244,0
8.246,0
8.248,0
8.25,0
8.252,0
8.254,0
8.256,0
8.258,0
8.26,0
8.262,0
8.264,0
8.266,0
8.268,0
8.27,0
8.272,0
8.274,0
8.276,0
8.278,0
8.28,-0.003068
8.282,-0.003068
8.284,-0.003068
8.286,-0.003068
8.288,-0.003068
8.29,-0.003068
8.292,-0.003068
8.294,-0.003068
8.296,-0.003068
8.298,-0.003068
8.3,-0.003068
8.302,-0.003068
8.304,-0.003068
8.306,-0.003068
8.308,-0.003068
8.31,-0.003068
8.312,-0.003068
8.314,-0.003068
8.316,-0.003068
8.318,-0.003068
8.32,-0.003068
8.322,-0.003068
8.324,0
8.326,0
8.328,0
8.33,0
8.332,0
8.334,0
8.336,0
8.338,0
8.34,0
8.342,0
8.344,0
8.346,-0.003068
8.348,-0.003068
8.35,-0.003068
8.352,-0.003068
8.354,-0.003068
8.356,-0.003068
8.358,-0.003068
8.36,-0.003068
8.362,-0.003068
8.364,-0.003068
8.366,-0.003068
8.368,-0.003068
8.37,-0.003068
8.372,-0.003068
8.374,-0.003068
8.376,-0.003068
8.378,-0.003068
8.38,-0.003068
8.382,-0.003068
8.384,-0.003068
8.386,-0.003068
8.388,-0.003068
8.39,-0.003068
8.392,-0.003068
8.394,-0.003068
8.396,-0.003068
8.398,-0.003068
8.4,-0.003068
8.402,-0.003068
8.404,-0.003068
8.406,-0.003068
8.408,-0.003068
8.41,-0.003068
8.412,-0.003068
8.414,-0.003068
8.416,-0.003068
8.418,-0.003068
8.42,-0.003068
8.422,-0.003068
8.424,-0.003068
8.426,-0.003068
8.428,-0.003068
8.43,-0.003068
8.432,-0.003068
8.434,-0.003068
8.436,-0.003068
8.438,-0.003068
8.44,-0.003068
8.442,-0.003068
8.444,-0.003068
8.446,-0.003068
8.448,-0.003068
8.45,-0.003068
8.452,-0.003068
8.454,-0.003068
8.456,-0.003068
8.458,-0.003068
8.46,-0.003068
8.462,-0.003068
8.464,-0.003068
8.466,-0.003068
8.468,-0.003068
8.47,-0.003068
8.472,-0.003068
8.474,-0.003068
8.476,-0.003068
8.478,-0.003068
8.48,-0.003068
8.482,-0.003068
8.484,-0.003068
8.486,-0.003068
8.488,-0.003068
8.49,-0.003068
8.492,-0.003068
8.494,-0.003068
8.496,-0.003068
8.498,-0.003068
8.5,-0.003068
8.502,-0.003068
8.504,-0.003068
8.506,-0.003068
8.508,-0.003068
8.51,-0.003068
8.512,-0.003068
8.514,-0.003068
8.516,-0.003068
8.518,-0.003068
8.52,-0.003068
8.522,-0.003068
8.524,-0.003068
8.526,-0.003068
8.528,-0.003068
8.53,-0.003068
8.532,-0.003068
8.534,-0.003068
8.536,-0.003068
8.538,-0.003068
8.54,-0.003068
8.542,-0.003068
8.544,-0.003068
8.546,-0.003068
8.548,-0.003068
8.55,-0.003068
8.552,-0.003068
8.554,-0.003068
8.556,-0.003068
8.558,-0.003068
8.56,-0.003068
8.562,-0.003068
8.564,-0.003068
8.566,-0.003068
8.568,-0.003068
8.57,-0.003068
8.572,-0.003068
8.574,-0.003068
8.576,-0.003068
8.578,-0.003068
8.58,-0.003068
8.582,-0.003068
8.584,-0.003068
8.586,-0.003068
8.588,-0.003068
8.59,-0.003068
8.592,-0.003068
8.594,-0.003068
8.596,-0.003068
8.598,-0.003068
8.6,-0.003068
8.602,-0.003068
8.604,-0.003068
8.606,-0.003068
8.608,-0.003068
8.61,-0.003068
8.612,-0.003068
8.614,-0.003068
8.616,-0.003068
8.618,-0.003068
8.62,-0.003068
8.622,-0.003068
8.624,-0.003068
8.626,-0.003068
8.628,-0.003068
8.63,-0.003068
8.632,-0.003068
8.634,-0.003068
8.636,-0.003068
8.638,-0.003068
8.64,-0.003068
8.642,-0.003068
8.644,-0.003068
8.646,-0.003068
8.648,-0.003068
8.65,-0.003068
8.652,-0.003068
8.654,-0.003068
8.656,-0.003068
8.658,-0.003068
8.66,-0.003068
8.662,-0.003068
8.664,-0.003068
8.666,-0.003068
8.668,-0.003068
8.67,-0.003068
8.672,-0.003068
8.674,-0.003068
8.676,-0.003068
8.678,-0.003068
8.68,-0.003068
8.682,-0.003068
8.684,-0.003068
8.686,-0.003068
8.688,-0.003068
8.69,-0.003068
8.692,-0.003068
8.694,-0.003068
8.696,-0.003068
8.698,-0.003068
8.7,-0.003068
8.702,-0.003068
8.704,-0.003068
8.706,-0.003068
8.708,-0.003068
8.71,-0.003068
8.712,-0.003068
8.714,-0.003068
8.716,-0.003068
8.718,-0.003068
8.72,-0.003068
8.722,-0.003068
8.724,-0.003068
8.726,-0.003068
8.728,-0.003068
8.73,-0.003068
8.732,-0.003068
8.734,-0.003068
8.736,-0.003068
8.738,0
8.74,0
8.742,0
8.744,0
8.746,0
8.748,0
8.75,0
8.752,0
8.754,0
8.756,0
8.758,-0.003068
8.76,-0.003068
8.762,-0.003068
8.764,-0.003068
8.766,-0.003068
8.768,-0.003068
8.77,-0.003068
8.772,-0.003068
8.774,-0.0061359
8.776,-0.0061359
8.778,-0.0061359
8.78,-0.0061359
8.782,-0.0061359
8.784,-0.0061359
8.786,-0.0061359
8.788,-0.0061359
8.79,-0.0061359
8.792,-0.0061359
8.794,-0.0061359
8.796,-0.0061359
8.798,-0.0061359
8.8,-0.0061359
8.802,-0.0061359
8.804,-0.0061359
8.806,-0.0061359
8.808,-0.0061359
8.81,-0.0061359
8.812,-0.0061359
8.814,-0.0061359
8.816,-0.0061359
8.818,-0.0061359
8.82,-0.0061359
8.822,-0.0061359
8.824,-0.0061359
8.826,-0.0061359
8.828,-0.0061359
8.83,-0.0061359
8.832,-0.0061359
8.834,-0.0061359
8.836,-0.0061359
8.838,-0.0061359
8.84,-0.0061359
8.842,-0.0061359
8.844,-0.0061359
8.846,-0.0061359
8.848,-0.0061359
8.85,-0.0061359
8.852,-0.0061359
8.854,-0.0061359
8.856,-0.0061359
8.858,-0.0061359
8.86,-0.0061359
8.862,-0.0061359
8.864,-0.0061359
8.866,-0.0061359
8.868,-0.0061359
8.87,-0.0061359
8.872,-0.0061359
8.874,-0.0061359
8.876,-0.0061359
8.878,-0.0061359
8.88,-0.0061359
8.882,-0.0061359
8.884,-0.0061359
8.886,-0.0061359
8.888,-0.0061359
8.89,-0.0061359
8.892,-0.0061359
8.894,-0.0061359
8.896,-0.0061359
8.898,-0.0061359
8.9,-0.0061359
8.902,-0.0061359
8.904,-0.0061359
8.906,-0.0061359
8.908,-0.0061359
8.91,-0.0061359
8.912,-0.0061359
8.914,-0.0061359
8.916,-0.0061359
8.918,-0.0061359
8.92,-0.0061359
8.922,-0.0061359
8.924,-0.0061359
8.926,-0.0061359
8.928,-0.0061359
8.93,-0.0061359
8.932,-0.0061359
8.934,-0.0061359
8.936,-0.0061359
8.938,-0.0061359
8.94,-0.0061359
8.942,-0.0061359
8.944,-0.0061359
8.946,-0.0061359
8.948,-0.0061359
8.95,-0.0061359
8.952,-0.0061359
8.954,-0.0061359
8.956,-0.0061359
8.958,-0.0061359
8.96,-0.0061359
8.962,-0.0061359
8.964,-0.0061359
8.966,-0.0061359
8.968,-0.0061359
8.97,-0.0061359
8.972,-0.0061359
8.974,-0.0061359
8.976,-0.0061359
8.978,-0.0061359
8.98,-0.0061359
8.982,-0.0061359
8.984,-0.0061359
8.986,-0.0061359
8.988,-0.0061359
8.99,-0.0061359
8.992,-0.0061359
8.994,-0.0061359
8.996,-0.0061359
8.998,-0.0061359
9,-0.0061359
9.002,-0.0061359
9.004,-0.0061359
9.006,-0.0061359
9.008,-0.0061359
9.01,-0.0061359
9.012,-0.0061359
9.014,-0.0061359
9.016,-0.0061359
9.018,-0.0061359
9.02,-0.0061359
9.022,-0.0061359
9.024,-0.0061359
9.026,-0.0061359
9.028,-0.0061359
9.03,-0.0061359
9.032,-0.0061359
9.034,-0.0061359
9.036,-0.0061359
9.038,-0.0061359
9.04,-0.0061359
9.042,-0.0061359
9.044,-0.0061359
9.046,-0.0061359
9.048,-0.0061359
9.05,-0.0061359
9.052,-0.0061359
9.054,-0.0092039
9.056,-0.0092039
9.058,-0.0092039
9.06,-0.0092039
9.062,-0.0092039
9.064,-0.0092039
9.066,-0.0092039
9.068,-0.0092039
9.07,-0.0092039
9.072,-0.0092039
9.074,-0.0061359
9.076,-0.0061359
9.078,-0.0061359
9.08,-0.0061359
9.082,-0.0061359
9.084,-0.0061359
9.086,-0.0061359
9.088,-0.003068
9.09,-0.003068
9.092,-0.003068
9.094,-0.003068
9.096,-0.003068
9.098,-0.003068
9.1,0
9.102,0
9.104,0
9.106,0
9.108,0
9.11,0
9.112,0
9.114,0
9.116,0
9.118,0
9.12,0
9.122,0
9.124,0
9.126,0
9.128,0
9.13,0
9.132,0
9.134,0
9.136,0
9.138,0
9.14,0
9.142,0
9.144,0
9.146,0
9.148,0
9.15,0
9.152,0
9.154,0
9.156,0
9.158,0
9.16,0
9.162,0
9.164,0
9.166,0
9.168,0
9.17,0
9.172,0
9.174,-0.003068
9.176,-0.003068
9.178,-0.003068
9.18,-0.003068
9.182,-0.003068
9.184,-0.003068
9.186,-0.003068
9.188,-0.003068
9.19,-0.003068
9.192,-0.003068
9.194,-0.003068
9.196,-0.003068
9.198,-0.003068
9.2,-0.003068
9.202,-0.003068
9.204,-0.003068
9.206,-0.003068
9.208,-0.003068
9.21,-0.003068
9.212,0
9.214,0
9.216,0
9.218,0
9.22,0
9.222,0
9.224,0
9.226,0
9.228,0
9.23,0
9.232,0
9.234,0
9.236,-0.003068
9.238,-0.003068
9.24,-0.003068
9.242,-0.003068
9.244,-0.003068
9.246,-0.003068
9.248,-0.003068
9.25,-0.003068
9.252,-0.003068
9.254,-0.003068
9.256,-0.003068
9.258,-0.003068
9.26,-0.003068
9.262,-0.003068
9.264,-0.003068
9.266,-0.003068
9.268,-0.003068
9.27,-0.003068
9.272,-0.003068
9.274,-0.003068
9.276,-0.003068
9.278,-0.003068
9.28,-0.003068
9.282,-0.003068
9.284,-0.003068
9.286,-0.003068
9.288,-0.003068
9.29,-0.003068
9.292,-0.003068
9.294,-0.003068
9.296,-0.003068
9.298,-0.003068
9.3,-0.003068
9.302,-0.003068
9.304,-0.003068
9.306,-0.003068
9.308,-0.003068
9.31,-0.003068
9.312,-0.003068
9.314,-0.003068
9.316,-0.003068
9.318,-0.003068
9.32,-0.003068
9.322,-0.003068
9.324,-0.003068
9.326,-0.003068
9.328,-0.003068
9.33,-0.003068
9.332,-0.003068
9.334,-0.003068
9.336,-0.003068
9.338,-0.003068
9.34,-0.003068
9.342,-0.003068
9.344,-0.003068
9.346,-0.003068
9.348,-0.003068
9.35,-0.003068
9.352,-0.003068
9.354,-0.003068
9.356,-0.003068
9.358,-0.003068
9.36,-0.003068
9.362,-0.003068
9.364,-0.003068
9.366,-0.003068
9.368,-0.003068
9.37,-0.003068
9.372,-0.003068
9.374,-0.003068
9.376,-0.003068
9.378,-0.003068
9.38,-0.003068
9.382,-0.003068
9.384,-0.003068
9.386,-0.003068
9.388,-0.003068
9.39,-0.003068
9.392,-0.003068
9.394,-0.003068
9.396,-0.003068
9.398,-0.003068
9.4,-0.003068
9.402,-0.003068
9.404,-0.003068
9.406,-0.003068
9.408,-0.003068
9.41,-0.003068
9.412,-0.003068
9.414,-0.003068
9.416,-0.003068
9.418,-0.003068
9.42,-0.003068
9.422,-0.003068
9.424,-0.003068
9.426,-0.003068
9.428,-0.003068
9.43,-0.003068
9.432,-0.003068
9.434,-0.003068
9.436,-0.003068
9.438,-0.003068
9.44,-0.003068
9.442,-0.003068
9.444,-0.003068
9.446,-0.003068
9.448,-0.003068
9.45,-0.003068
9.452,-0.003068
9.454,-0.003068
9.456,0
9.458,0
9.46,0
9.462,0
9.464,0
9.466,0
9.468,0
9.47,0
9.472,0
9.474,-0.003068
9.476,-0.003068
9.478,-0.003068
9.48,-0.003068
9.482,-0.003068
9.484,-0.003068
9.486,-0.003068
9.488,-0.0061359
9.49,-0.0061359
9.492,-0.0061359
9.494,-0.0061359
9.496,-0.0061359
9.498,-0.0061359
9.5,-0.0061359
9.502,-0.0061359
9.504,-0.0061359
9.506,-0.0061359
9.508,-0.0061359
9.51,-0.0061359
9.512,-0.0061359
9.514,-0.0061359
9.516,-0.0061359
9.518,-0.0061359
9.52,-0.0092039
9.522,-0.0092039
9.524,-0.0092039
9.526,-0.0092039
9.528,-0.0092039
9.53,-0.0092039
9.532,-0.0092039
9.534,-0.0092039
9.536,-0.0092039
9.538,-0.0092039
9.54,-0.0061359
9.542,-0.0061359
9.544,-0.0061359
9.546,-0.0061359
9.548,-0.0061359
9.55,-0.0061359
9.552,-0.0061359
9.554,-0.0061359
9.556,-0.0061359
9.558,-0.0061359
9.56,-0.003068
9.562,-0.003068
9.564,-0.003068
9.566,-0.003068
9.568,-0.003068
9.57,-0.003068
9.572,-0.003068
9.574,-0.003068
9.576,-0.003068
9.578,-0.003068
9.58,-0.003068
9.582,-0.003068
9.584,-0.003068
9.586,-0.003068
9.588,-0.003068
9.59,-0.003068
9.592,-0.003068
9.594,-0.003068
9.596,-0.003068
9.598,-0.003068
9.6,-0.003068
9.602,-0.003068
9.604,-0.003068
9.606,-0.003068
9.608,-0.003068
9.61,-0.003068
9.612,-0.003068
9.614,-0.003068
9.616,-0.003068
9.618,-0.003068
9.62,-0.003068
9.622,-0.003068
9.624,-0.003068
9.626,-0.003068
9.628,-0.003068
9.63,-0.003068
9.632,-0.003068
9.634,-0.003068
9.636,-0.003068
9.638,-0.003068
9.64,-0.003068
9.642,-0.003068
9.644,-0.003068
9.646,-0.003068
9.648,-0.003068
9.65,-0.003068
9.652,-0.003068
9.654,-0.003068
9.656,-0.003068
9.658,-0.003068
9.66,-0.003068
9.662,-0.003068
9.664,-0.003068
9.666,-0.003068
9.668,-0.003068
9.67,-0.003068
9.672,-0.003068
9.674,-0.003068
9.676,-0.003068
9.678,0
9.68,0
9.682,0
9.684,0
9.686,0
9.688,0
9.69,0
9.692,0
9.694,0
9.696,-0.003068
9.698,-0.003068
9.7,-0.003068
9.702,-0.003068
9.704,-0.003068
9.706,-0.003068
9.708,-0.003068
9.71,-0.003068
9.712,-0.0061359
9.714,-0.0061359
9.716,-0.0061359
9.718,-0.0061359
9.72,-0.0061359
9.722,-0.0061359
9.724,-0.0061359
9.726,-0.0061359
9.728,-0.0061359
9.73,-0.0061359
9.732,-0.0092039
9.734,-0.0092039
9.736,-0.0092039
9.738,-0.0092039
9.74,-0.0092039
9.742,-0.0092039
9.744,-0.0092039
9.746,-0.0092039
9.748,-0.0092039
9.75,-0.0092039
9.752,-0.0092039
9.754,-0.0092039
9.756,-0.0092039
9.758,-0.0092039
9.76,-0.0092039
9.762,-0.0092039
9.764,-0.0092039
9.766,-0.0092039
9.768,-0.0092039
9.77,-0.0092039
9.772,-0.0061359
9.774,-0.0061359
9.776,-0.0061359
9.778,-0.0061359
9.78,-0.0061359
9.782,-0.0061359
9.784,-0.0061359
9.786,-0.0061359
9.788,-0.0061359
9.79,-0.0061359
9.792,-0.0061359
9.794,-0.0061359
9.796,-0.0061359
9.798,-0.003068
9.8,-0.003068
9.802,-0.003068
9.804,-0.003068
9.806,-0.003068
9.808,-0.003068
9.81,-0.003068
9.812,-0.003068
9.814,-0.003068
9.816,-0.003068
9.818,-0.003068
9.82,-0.003068
9.822,-0.003068
9.824,-0.003068
9.826,-0.003068
9.828,-0.0061359
9.83,-0.0061359
9.832,-0.0061359
9.834,-0.0061359
9.836,-0.0061359
9.838,-0.0061359
9.84,-0.0061359
9.842,-0.0061359
9.844,-0.0061359
9.846,-0.0061359
9.848,-0.0061359
9.85,-0.0061359
9.852,-0.0061359
9.854,-0.0061359
9.856,-0.0061359
9.858,-0.0061359
9.86,-0.0061359
9.862,-0.0061359
9.864,-0.0061359
9.866,-0.0061359
9.868,-0.0061359
9.87,-0.0061359
9.872,-0.0061359
9.874,-0.0061359
9.876,-0.0061359
9.878,-0.0061359
9.88,-0.0061359
9.882,-0.0061359
9.884,-0.0061359
9.886,-0.0061359
9.888,-0.0061359
9.89,-0.0061359
9.892,-0.0061359
9.894,-0.0061359
9.896,-0.0061359
9.898,-0.0061359
9.9,-0.0061359
9.902,-0.0061359
9.904,-0.0061359
9.906,-0.0061359
9.908,-0.0061359
9.91,-0.0061359
9.912,-0.0061359
9.914,-0.0061359
9.916,-0.0061359
9.918,-0.0061359
9.92,-0.0061359
9.922,-0.0061359
9.924,-0.0061359
9.926,-0.0061359
9.928,-0.0061359
9.93,-0.0061359
9.932,-0.0061359
9.934,-0.0061359
9.936,-0.0061359
9.938,-0.0061359
9.94,-0.0061359
9.942,-0.0061359
9.944,-0.0061359
9.946,-0.0061359
9.948,-0.0061359
9.95,-0.0061359
9.952,-0.0061359
9.954,-0.0061359
9.956,-0.0061359
9.958,-0.0061359
9.96,-0.0061359
9.962,-0.0061359
9.964,-0.0061359
9.966,-0.0061359
9.968,-0.0061359
9.97,-0.0061359
9.972,-0.0061359
9.974,-0.0061359
9.976,-0.0061359
9.978,-0.0061359
9.98,-0.0061359
9.982,-0.0061359
9.984,-0.0061359
9.986,-0.0061359
9.988,-0.0061359
9.99,-0.0061359
9.992,-0.0061359
9.994,-0.0061359
9.996,-0.0061359
9.998,-0.0061359
10,-0.0061359
