0,0.19328
0.002,0.19328
0.004,0.19328
0.006,0.19328
0.008,0.19635
0.01,0.19635
0.012,0.19635
0.014,0.19635
0.016,0.19635
0.018,0.19635
0.02,0.19635
0.022,0.19635
0.024,0.19942
0.026,0.19942
0.028,0.19942
0.03,0.19942
0.032,0.20249
0.034,0.20249
0.036,0.20249
0.038,0.20555
0.04,0.20555
0.042,0.20555
0.044,0.20555
0.046,0.20862
0.048,0.20862
0.05,0.20862
0.052,0.20862
0.054,0.21169
0.056,0.21169
0.058,0.21169
0.06,0.21476
0.062,0.21476
0.064,0.21476
0.066,0.21476
0.068,0.21476
0.07,0.21476
0.072,0.21476
0.074,0.21169
0.076,0.21169
0.078,0.20862
0.08,0.20862
0.082,0.20555
0.084,0.20249
0.086,0.19942
0.088,0.19635
0.09,0.19328
0.092,0.18715
0.094,0.18408
0.096,0.17794
0.098,0.17181
0.1,0.16567
0.102,0.15953
0.104,0.1534
0.106,0.14726
0.108,0.13806
0.11,0.13192
0.112,0.12272
0.114,0.11351
0.116,0.10431
0.118,0.095107
0.12,0.085903
0.122,0.076699
0.124,0.064427
0.126,0.055223
0.128,0.046019
0.13,0.033748
0.132,0.021476
0.134,0.012272
0.136,-0
0.138,-0.012272
0.14,-0.024544
0.142,-0.036816
0.144,-0.049087
0.146,-0.061359
0.148,-0.073631
0.15,-0.082835
0.152,-0.095107
0.154,-0.10738
0.156,-0.11965
0.158,-0.13192
0.16,-0.14419
0.162,-0.1534
0.164,-0.16567
0.166,-0.17487
0.168,-0.18715
0.17,-0.19942
0.172,-0.20862
0.174,-0.22089
0.176,-0.2301
0.178,-0.24237
0.18,-0.25157
0.182,-0.26078
0.184,-0.26998
0.186,-0.28225
0.188,-0.29146
0.19,-0.30066
0.192,-0.30986
0.194,-0.31907
0.196,-0.32827
0.198,-0.33441
0.2,-0.34361
0.202,-0.35282
0.204,-0.36202
0.206,-0.37122
0.208,-0.38043
0.21,-0.38656
0.212,-0.3927
0.214,-0.4019
0.216,-0.40804
0.218,-0.41724
0.22,-0.42645
0.222,-0.43258
0.224,-0.44179
0.226,-0.44792
0.228,-0.45406
0.23,-0.46326
0.232,-0.4694
0.234,-0.47553
0.236,-0.48167
0.238,-0.49087
0.24,-0.49701
0.242,-0.50315
0.244,-0.50928
0.246,-0.51542
0.248,-0.52462
0.25,-0.53076
0.252,-0.53689
0.254,-0.54303
0.256,-0.54917
0.258,-0.5553
0.26,-0.56144
0.262,-0.56757
0.264,-0.57678
0.266,-0.57984
0.268,-0.58905
0.27,-0.59212
0.272,-0.60132
0.274,-0.60439
0.276,-0.61359
0.278,-0.61666
0.28,-0.62586
0.282,-0.62893
0.284,-0.63814
0.286,-0.6412
0.288,-0.65041
0.29,-0.65348
0.292,-0.66268
0.294,-0.66575
0.296,-0.67188
0.298,-0.67802
0.3,-0.68416
0.302,-0.68722
0.304,-0.69336
0.306,-0.69643
0.308,-0.70256
0.31,-0.70563
0.312,-0.71177
0.314,-0.71484
0.316,-0.7179
0.318,-0.72097
0.32,-0.72404
0.322,-0.72711
0.324,-0.72711
0.326,-0.73017
0.328,-0.73324
0.33,-0.73324
0.332,-0.73324
0.334,-0.73631
0.336,-0.73631
0.338,-0.73631
0.34,-0.73631
0.342,-0.73631
0.344,-0.73324
0.346,-0.73324
0.348,-0.73017
0.35,-0.72711
0.352,-0.72404
0.354,-0.72404
0.356,-0.7179
0.358,-0.71484
0.36,-0.7087
0.362,-0.70256
0.364,-0.6995
0.366,-0.69336
0.368,-0.68722
0.37,-0.67802
0.372,-0.66882
0.374,-0.66268
0.376,-0.65348
0.378,-0.6412
0.38,-0.632
0.382,-0.6228
0.384,-0.61052
0.386,-0.59825
0.388,-0.58598
0.39,-0.57371
0.392,-0.56144
0.394,-0.54917
0.396,-0.53689
0.398,-0.52155
0.4,-0.50928
0.402,-0.49394
0.404,-0.48167
0.406,-0.4694
0.408,-0.45406
0.41,-0.44179
0.412,-0.42951
0.414,-0.41724
0.416,-0.40497
0.418,-0.3927
0.42,-0.3835
0.422,-0.37122
0.424,-0.36202
0.426,-0.35282
0.428,-0.34361
0.43,-0.33134
0.432,-0.32214
0.434,-0.316
0.436,-0.3068
0.438,-0.29759
0.44,-0.29146
0.442,-0.28225
0.444,-0.27612
0.446,-0.26998
0.448,-0.26078
0.45,-0.25464
0.452,-0.2485
0.454,-0.24237
0.456,-0.23623
0.458,-0.23317
0.46,-0.22703
0.462,-0.22089
0.464,-0.21783
0.466,-0.21169
0.468,-0.20862
0.47,-0.20249
0.472,-0.19635
0.474,-0.19328
0.476,-0.19021
0.478,-0.18408
0.48,-0.18101
0.482,-0.17794
0.484,-0.17487
0.486,-0.17181
0.488,-0.16567
0.49,-0.1626
0.492,-0.15953
0.494,-0.15647
0.496,-0.15033
0.498,-0.14726
0.5,-0.14726
0.502,-0.14113
0.504,-0.13806
0.506,-0.13499
0.508,-0.13192
0.51,-0.12885
0.512,-0.12579
0.514,-0.12272
0.516,-0.11965
0.518,-0.11658
0.52,-0.11351
0.522,-0.11045
0.524,-0.10738
0.526,-0.10431
0.528,-0.10124
0.53,-0.098175
0.532,-0.095107
0.534,-0.088971
0.536,-0.088971
0.538,-0.085903
0.54,-0.082835
0.542,-0.076699
0.544,-0.073631
0.546,-0.070563
0.548,-0.067495
0.55,-0.064427
0.552,-0.061359
0.554,-0.058291
0.556,-0.055223
0.558,-0.052155
0.56,-0.049087
0.562,-0.046019
0.564,-0.039884
0.566,-0.036816
0.568,-0.036816
0.57,-0.033748
0.572,-0.027612
0.574,-0.027612
0.576,-0.024544
0.578,-0.021476
0.58,-0.018408
0.582,-0.01534
0.584,-0.012272
0.586,-0.012272
0.588,-0.0092039
0.59,-0.0092039
0.592,-0.0061359
0.594,-0.0061359
0.596,-0.003068
0.598,-0.003068
0.6,-0.003068
0.602,-0
0.604,-0
0.606,-0
0.608,-0
0.61,-0
0.612,-0
0.614,-0
0.616,-0.003068
0.618,-0.003068
0.62,-0.0061359
0.622,-0.0061359
0.624,-0.0092039
0.626,-0.012272
0.628,-0.01534
0.63,-0.018408
0.632,-0.021476
0.634,-0.024544
0.636,-0.03068
0.638,-0.036816
0.64,-0.039884
0.642,-0.046019
0.644,-0.052155
0.646,-0.061359
0.648,-0.067495
0.65,-0.076699
0.652,-0.085903
0.654,-0.095107
0.656,-0.10431
0.658,-0.11351
0.66,-0.12579
0.662,-0.13806
0.664,-0.15033
0.666,-0.16567
0.668,-0.18101
0.67,-0.19635
0.672,-0.21169
0.674,-0.22703
0.676,-0.24544
0.678,-0.26078
0.68,-0.28225
0.682,-0.30066
0.684,-0.31907
0.686,-0.33748
0.688,-0.35588
0.69,-0.37429
0.692,-0.3927
0.694,-0.41417
0.696,-0.42951
0.698,-0.44792
0.7,-0.46633
0.702,-0.48167
0.704,-0.49701
0.706,-0.51235
0.708,-0.52769
0.71,-0.54303
0.712,-0.5553
0.714,-0.56757
0.716,-0.57984
0.718,-0.59212
0.72,-0.60439
0.722,-0.61359
0.724,-0.62586
0.726,-0.63507
0.728,-0.64427
0.73,-0.65041
0.732,-0.65961
0.734,-0.66882
0.736,-0.67495
0.738,-0.68416
0.74,-0.69029
0.742,-0.69643
0.744,-0.70256
0.746,-0.7087
0.748,-0.71484
0.75,-0.72097
0.752,-0.72404
0.754,-0.73017
0.756,-0.73631
0.758,-0.73938
0.76,-0.74551
0.762,-0.74858
0.764,-0.75165
0.766,-0.75779
0.768,-0.76085
0.77,-0.76392
0.772,-0.76699
0.774,-0.77006
0.776,-0.77313
0.778,-0.77619
0.78,-0.77926
0.782,-0.78233
0.784,-0.7854
0.786,-0.78847
0.788,-0.79153
0.79,-0.7946
0.792,-0.79767
0.794,-0.80074
0.796,-0.80074
0.798,-0.80381
0.8,-0.80687
0.802,-0.80994
0.804,-0.81301
0.806,-0.81608
0.808,-0.81915
0.81,-0.81915
0.812,-0.82221
0.814,-0.82528
0.816,-0.82528
0.818,-0.82835
0.82,-0.83142
0.822,-0.83449
0.824,-0.83755
0.826,-0.84062
0.828,-0.84369
0.83,-0.84369
0.832,-0.84676
0.834,-0.84983
0.836,-0.84983
0.838,-0.85289
0.84,-0.85596
0.842,-0.85903
0.844,-0.85903
0.846,-0.8621
0.848,-0.8621
0.85,-0.86517
0.852,-0.86823
0.854,-0.86823
0.856,-0.8713
0.858,-0.8713
0.86,-0.87437
0.862,-0.87437
0.864,-0.87744
0.866,-0.87744
0.868,-0.8805
0.87,-0.8805
0.872,-0.88357
0.874,-0.88357
0.876,-0.88357
0.878,-0.88357
0.88,-0.88664
0.882,-0.88664
0.884,-0.88664
0.886,-0.88664
0.888,-0.88664
0.89,-0.88664
0.892,-0.88664
0.894,-0.88664
0.896,-0.88664
0.898,-0.88664
0.9,-0.88664
0.902,-0.88664
0.904,-0.88664
0.906,-0.88357
0.908,-0.88357
0.91,-0.88357
0.912,-0.8805
0.914,-0.8805
0.916,-0.87744
0.918,-0.87437
0.92,-0.8713
0.922,-0.86823
0.924,-0.86517
0.926,-0.8621
0.928,-0.85903
0.93,-0.85596
0.932,-0.84983
0.934,-0.84676
0.936,-0.84062
0.938,-0.83449
0.94,-0.82835
0.942,-0.82221
0.944,-0.81608
0.946,-0.80994
0.948,-0.80074
0.95,-0.79153
0.952,-0.7854
0.954,-0.77313
0.956,-0.76392
0.958,-0.75472
0.96,-0.74245
0.962,-0.73017
0.964,-0.7179
0.966,-0.70256
0.968,-0.69029
0.97,-0.67495
0.972,-0.65654
0.974,-0.6412
0.976,-0.6228
0.978,-0.60439
0.98,-0.58291
0.982,-0.5645
0.984,-0.54303
0.986,-0.51849
0.988,-0.49394
0.99,-0.47247
0.992,-0.44792
0.994,-0.42338
0.996,-0.39577
0.998,-0.37122
1,-0.34668
1.002,-0.32214
1.004,-0.29759
1.006,-0.27305
1.008,-0.25157
1.01,-0.22703
1.012,-0.20555
1.014,-0.18715
1.016,-0.16567
1.018,-0.14726
1.02,-0.12885
1.022,-0.11045
1.024,-0.095107
1.026,-0.076699
1.028,-0.061359
1.03,-0.046019
1.032,-0.033748
1.034,-0.018408
1.036,-0.0061359
1.038,0.0061359
1.04,0.018408
1.042,0.027612
1.044,0.039884
1.046,0.049087
1.048,0.061359
1.05,0.070563
1.052,0.076699
1.054,0.085903
1.056,0.095107
1.058,0.10431
1.06,0.11045
1.062,0.11965
1.064,0.12579
1.066,0.13192
1.068,0.13806
1.07,0.14726
1.072,0.1534
1.074,0.15953
1.076,0.16567
1.078,0.17181
1.08,0.17487
1.082,0.18101
1.084,0.18715
1.086,0.19328
1.088,0.19635
1.09,0.20249
1.092,0.20862
1.094,0.21169
1.096,0.21783
1.098,0.22089
1.1,0.22396
1.102,0.2301
1.104,0.23317
1.106,0.2393
1.108,0.24237
1.11,0.24544
1.112,0.25157
1.114,0.25464
1.116,0.25771
1.118,0.26078
1.12,0.26691
1.122,0.26998
1.124,0.27305
1.126,0.27612
1.128,0.27918
1.13,0.28225
1.132,0.28839
1.134,0.29146
1.136,0.29452
1.138,0.29759
1.14,0.30066
1.142,0.30373
1.144,0.3068
1.146,0.30986
1.148,0.31293
1.15,0.316
1.152,0.31907
1.154,0.32214
1.156,0.32827
1.158,0.33134
1.16,0.33134
1.162,0.33748
1.164,0.34054
1.166,0.34361
1.168,0.34668
1.17,0.34975
1.172,0.35282
1.174,0.35588
1.176,0.35895
1.178,0.36202
1.18,0.36509
1.182,0.36816
1.184,0.37122
1.186,0.37429
1.188,0.37736
1.19,0.38043
1.192,0.3835
1.194,0.38963
1.196,0.3927
1.198,0.39577
1.2,0.39884
1.202,0.4019
1.204,0.40497
1.206,0.40804
1.208,0.41111
1.21,0.41417
1.212,0.41724
1.214,0.42338
1.216,0.42645
1.218,0.42951
1.22,0.43258
1.222,0.43565
1.224,0.43872
1.226,0.44179
1.228,0.44792
1.23,0.45099
1.232,0.45406
1.234,0.45713
1.236,0.46019
1.238,0.46326
1.24,0.46633
1.242,0.4694
1.244,0.47247
1.246,0.47553
1.248,0.47553
1.25,0.4786
1.252,0.48167
1.254,0.48167
1.256,0.48474
1.258,0.48781
1.26,0.48781
1.262,0.48781
1.264,0.48781
1.266,0.49087
1.268,0.49087
1.27,0.49087
1.272,0.49087
1.274,0.48781
1.276,0.48781
1.278,0.48781
1.28,0.48474
1.282,0.48167
1.284,0.4786
1.286,0.47553
1.288,0.47247
1.29,0.46633
1.292,0.46326
1.294,0.45713
1.296,0.45099
1.298,0.44485
1.3,0.43565
1.302,0.42951
1.304,0.42031
1.306,0.41111
1.308,0.39884
1.31,0.38963
1.312,0.37736
1.314,0.36202
1.316,0.34668
1.318,0.33134
1.32,0.316
1.322,0.29759
1.324,0.28225
1.326,0.26078
1.328,0.24237
1.33,0.22089
1.332,0.19635
1.334,0.17487
1.336,0.1534
1.338,0.13192
1.34,0.10738
1.342,0.085903
1.344,0.064427
1.346,0.042951
1.348,0.021476
1.35,0.003068
1.352,-0.01534
1.354,-0.033748
1.356,-0.049087
1.358,-0.064427
1.36,-0.079767
1.362,-0.095107
1.364,-0.10738
1.366,-0.11965
1.368,-0.13192
1.37,-0.14113
1.372,-0.1534
1.374,-0.1626
1.376,-0.17181
1.378,-0.18101
1.38,-0.18715
1.382,-0.19328
1.384,-0.19942
1.386,-0.20862
1.388,-0.21169
1.39,-0.21783
1.392,-0.22396
1.394,-0.2301
1.396,-0.23317
1.398,-0.23623
1.4,-0.24237
1.402,-0.24544
1.404,-0.2485
1.406,-0.2485
1.408,-0.25464
1.41,-0.25464
1.412,-0.25771
1.414,-0.26078
1.416,-0.26078
1.418,-0.26384
1.42,-0.26384
1.422,-0.26691
1.424,-0.26691
1.426,-0.26998
1.428,-0.26998
1.43,-0.26998
1.432,-0.26998
1.434,-0.26998
1.436,-0.26998
1.438,-0.26998
1.44,-0.26998
1.442,-0.26998
1.444,-0.26998
1.446,-0.26998
1.448,-0.26998
1.45,-0.26998
1.452,-0.26998
1.454,-0.26998
1.456,-0.26998
1.458,-0.26998
1.46,-0.26691
1.462,-0.26691
1.464,-0.26691
1.466,-0.26384
1.468,-0.26384
1.47,-0.26078
1.472,-0.26078
1.474,-0.26078
1.476,-0.26078
1.478,-0.25771
1.48,-0.25771
1.482,-0.25771
1.484,-0.25771
1.486,-0.25464
1.488,-0.25464
1.49,-0.25464
1.492,-0.25157
1.494,-0.25157
1.496,-0.25157
1.498,-0.2485
1.5,-0.2485
1.502,-0.2485
1.504,-0.2485
1.506,-0.2485
1.508,-0.24544
1.51,-0.24544
1.512,-0.24544
1.514,-0.24544
1.516,-0.24544
1.518,-0.24544
1.52,-0.24544
1.522,-0.24544
1.524,-0.24544
1.526,-0.24544
1.528,-0.24544
1.53,-0.24544
1.532,-0.24544
1.534,-0.24544
1.536,-0.24544
1.538,-0.24544
1.54,-0.24544
1.542,-0.24544
1.544,-0.24544
1.546,-0.2485
1.548,-0.2485
1.55,-0.2485
1.552,-0.2485
1.554,-0.2485
1.556,-0.25157
1.558,-0.25157
1.56,-0.25464
1.562,-0.25464
1.564,-0.25464
1.566,-0.25771
1.568,-0.25771
1.57,-0.25771
1.572,-0.26078
1.574,-0.26078
1.576,-0.26384
1.578,-0.26691
1.58,-0.26691
1.582,-0.26998
1.584,-0.26998
1.586,-0.26998
1.588,-0.27305
1.59,-0.27305
1.592,-0.27612
1.594,-0.27612
1.596,-0.27918
1.598,-0.27918
1.6,-0.28225
1.602,-0.28225
1.604,-0.28532
1.606,-0.28532
1.608,-0.28532
1.61,-0.28839
1.612,-0.28839
1.614,-0.29146
1.616,-0.29146
1.618,-0.29146
1.62,-0.29146
1.622,-0.29452
1.624,-0.29452
1.626,-0.29452
1.628,-0.29452
1.63,-0.29452
1.632,-0.29452
1.634,-0.29146
1.636,-0.29146
1.638,-0.28839
1.64,-0.28839
1.642,-0.28532
1.644,-0.28225
1.646,-0.27918
1.648,-0.27612
1.65,-0.27305
1.652,-0.26998
1.654,-0.26384
1.656,-0.26078
1.658,-0.25464
1.66,-0.2485
1.662,-0.24237
1.664,-0.23317
1.666,-0.22703
1.668,-0.21783
1.67,-0.20862
1.672,-0.19942
1.674,-0.18715
1.676,-0.17487
1.678,-0.1626
1.68,-0.15033
1.682,-0.13499
1.684,-0.11965
1.686,-0.10124
1.688,-0.085903
1.69,-0.064427
1.692,-0.046019
1.694,-0.024544
1.696,-0
1.698,0.021476
1.7,0.046019
1.702,0.073631
1.704,0.098175
1.706,0.12579
1.708,0.1534
1.71,0.18101
1.712,0.20555
1.714,0.23317
1.716,0.25771
1.718,0.28225
1.72,0.30373
1.722,0.3252
1.724,0.34668
1.726,0.36816
1.728,0.38656
1.73,0.40497
1.732,0.42031
1.734,0.43565
1.736,0.45099
1.738,0.46633
1.74,0.4786
1.742,0.49087
1.744,0.50315
1.746,0.51235
1.748,0.52462
1.75,0.53383
1.752,0.53996
1.754,0.54917
1.756,0.55837
1.758,0.5645
1.76,0.57371
1.762,0.57678
1.764,0.58598
1.766,0.58905
1.768,0.59518
1.77,0.60132
1.772,0.60439
1.774,0.61052
1.776,0.61359
1.778,0.61666
1.78,0.61973
1.782,0.6228
1.784,0.62586
1.786,0.62893
1.788,0.632
1.79,0.63507
1.792,0.63507
1.794,0.63814
1.796,0.63814
1.798,0.63814
1.8,0.6412
1.802,0.6412
1.804,0.64427
1.806,0.64427
1.808,0.64427
1.81,0.64427
1.812,0.64427
1.814,0.64427
1.816,0.64734
1.818,0.64734
1.82,0.64734
1.822,0.64734
1.824,0.64734
1.826,0.64427
1.828,0.64427
1.83,0.64427
1.832,0.64427
1.834,0.64427
1.836,0.6412
1.838,0.6412
1.84,0.6412
1.842,0.6412
1.844,0.63814
1.846,0.63814
1.848,0.63814
1.85,0.63814
1.852,0.63814
1.854,0.63507
1.856,0.63507
1.858,0.63507
1.86,0.63507
1.862,0.63507
1.864,0.632
1.866,0.632
1.868,0.632
1.87,0.632
1.872,0.632
1.874,0.632
1.876,0.632
1.878,0.62893
1.88,0.62893
1.882,0.62893
1.884,0.62893
1.886,0.62893
1.888,0.62893
1.89,0.62893
1.892,0.632
1.894,0.632
1.896,0.632
1.898,0.632
1.9,0.632
1.902,0.63507
1.904,0.63507
1.906,0.63507
1.908,0.63814
1.91,0.63814
1.912,0.63814
1.914,0.63814
1.916,0.6412
1.918,0.6412
1.92,0.64427
1.922,0.64734
1.924,0.64734
1.926,0.65041
1.928,0.65041
1.93,0.65348
1.932,0.65348
1.934,0.65654
1.936,0.65961
1.938,0.66268
1.94,0.66268
1.942,0.66575
1.944,0.66882
1.946,0.67188
1.948,0.67495
1.95,0.67495
1.952,0.67802
1.954,0.68109
1.956,0.68416
1.958,0.68722
1.96,0.69029
1.962,0.69336
1.964,0.69643
1.966,0.6995
1.968,0.70256
1.97,0.7087
1.972,0.71177
1.974,0.71177
1.976,0.7179
1.978,0.72097
1.98,0.72404
1.982,0.72711
1.984,0.73017
1.986,0.73324
1.988,0.73631
1.99,0.73938
1.992,0.74245
1.994,0.74551
1.996,0.74858
1.998,0.75165
2,0.75779
2.002,0.76085
2.004,0.76085
2.006,0.76392
2.008,0.76699
2.01,0.77006
2.012,0.77313
2.014,0.77619
2.016,0.77926
2.018,0.78233
2.02,0.78233
2.022,0.7854
2.024,0.7854
2.026,0.78847
2.028,0.79153
2.03,0.79153
2.032,0.7946
2.034,0.7946
2.036,0.7946
2.038,0.7946
2.04,0.7946
2.042,0.7946
2.044,0.7946
2.046,0.7946
2.048,0.7946
2.05,0.7946
2.052,0.79153
2.054,0.78847
2.056,0.7854
2.058,0.7854
2.06,0.78233
2.062,0.77619
2.064,0.77313
2.066,0.76699
2.068,0.76085
2.07,0.75472
2.072,0.74858
2.074,0.73938
2.076,0.73324
2.078,0.72404
2.08,0.71177
2.082,0.6995
2.084,0.69029
2.086,0.67495
2.088,0.66268
2.09,0.64734
2.092,0.632
2.094,0.61359
2.096,0.59518
2.098,0.57371
2.1,0.55223
2.102,0.53076
2.104,0.50621
2.106,0.48167
2.108,0.45406
2.11,0.42951
2.112,0.4019
2.114,0.37429
2.116,0.34668
2.118,0.31907
2.12,0.29452
2.122,0.26998
2.124,0.24544
2.126,0.22089
2.128,0.19942
2.13,0.17794
2.132,0.15953
2.134,0.13806
2.136,0.12272
2.138,0.10738
2.14,0.088971
2.142,0.076699
2.144,0.064427
2.146,0.052155
2.148,0.039884
2.15,0.027612
2.152,0.018408
2.154,0.0092039
2.156,-0
2.158,-0.0092039
2.16,-0.01534
2.162,-0.021476
2.164,-0.027612
2.166,-0.033748
2.168,-0.039884
2.17,-0.046019
2.172,-0.049087
2.174,-0.052155
2.176,-0.058291
2.178,-0.061359
2.18,-0.064427
2.182,-0.067495
2.184,-0.070563
2.186,-0.070563
2.188,-0.073631
2.19,-0.073631
2.192,-0.076699
2.194,-0.076699
2.196,-0.076699
2.198,-0.079767
2.2,-0.079767
2.202,-0.079767
2.204,-0.079767
2.206,-0.079767
2.208,-0.079767
2.21,-0.079767
2.212,-0.079767
2.214,-0.079767
2.216,-0.076699
2.218,-0.076699
2.22,-0.073631
2.222,-0.073631
2.224,-0.073631
2.226,-0.070563
2.228,-0.070563
2.23,-0.067495
2.232,-0.064427
2.234,-0.064427
2.236,-0.061359
2.238,-0.061359
2.24,-0.058291
2.242,-0.055223
2.244,-0.052155
2.246,-0.049087
2.248,-0.049087
2.25,-0.046019
2.252,-0.042951
2.254,-0.039884
2.256,-0.039884
2.258,-0.036816
2.26,-0.036816
2.262,-0.033748
2.264,-0.03068
2.266,-0.027612
2.268,-0.027612
2.27,-0.024544
2.272,-0.021476
2.274,-0.021476
2.276,-0.018408
2.278,-0.01534
2.28,-0.01534
2.282,-0.012272
2.284,-0.012272
2.286,-0.0092039
2.288,-0.0092039
2.29,-0.0061359
2.292,-0.0061359
2.294,-0.003068
2.296,-0.003068
2.298,-0.003068
2.3,-0.003068
2.302,-0
2.304,-0
2.306,-0
2.308,-0
2.31,-0
2.312,-0
2.314,-0
2.316,-0
2.318,-0
2.32,-0
2.322,-0
2.324,-0
2.326,-0
2.328,-0.003068
2.33,-0.003068
2.332,-0.003068
2.334,-0.0061359
2.336,-0.0061359
2.338,-0.0092039
2.34,-0.0092039
2.342,-0.012272
2.344,-0.012272
2.346,-0.01534
2.348,-0.01534
2.35,-0.018408
2.352,-0.021476
2.354,-0.024544
2.356,-0.027612
2.358,-0.027612
2.36,-0.03068
2.362,-0.033748
2.364,-0.036816
2.366,-0.039884
2.368,-0.042951
2.37,-0.046019
2.372,-0.049087
2.374,-0.052155
2.376,-0.058291
2.378,-0.061359
2.38,-0.064427
2.382,-0.067495
2.384,-0.073631
2.386,-0.076699
2.388,-0.079767
2.39,-0.085903
2.392,-0.088971
2.394,-0.095107
2.396,-0.098175
2.398,-0.10124
2.4,-0.10738
2.402,-0.11045
2.404,-0.11658
2.406,-0.12272
2.408,-0.12579
2.41,-0.13192
2.412,-0.13499
2.414,-0.14113
2.416,-0.14726
2.418,-0.15033
2.42,-0.15647
2.422,-0.15953
2.424,-0.16567
2.426,-0.17181
2.428,-0.17487
2.43,-0.18101
2.432,-0.18715
2.434,-0.19328
2.436,-0.19635
2.438,-0.20249
2.44,-0.20862
2.442,-0.21169
2.444,-0.21783
2.446,-0.22396
2.448,-0.22703
2.45,-0.23317
2.452,-0.23623
2.454,-0.24237
2.456,-0.24544
2.458,-0.25157
2.46,-0.25771
2.462,-0.26078
2.464,-0.26384
2.466,-0.26998
2.468,-0.27305
2.47,-0.27918
2.472,-0.28225
2.474,-0.28532
2.476,-0.28839
2.478,-0.29146
2.48,-0.29452
2.482,-0.29759
2.484,-0.30373
2.486,-0.3068
2.488,-0.3068
2.49,-0.30986
2.492,-0.31293
2.494,-0.316
2.496,-0.316
2.498,-0.31907
2.5,-0.31907
2.502,-0.31907
2.504,-0.32214
2.506,-0.32214
2.508,-0.32214
2.51,-0.32214
2.512,-0.32214
2.514,-0.31907
2.516,-0.31907
2.518,-0.316
2.52,-0.31293
2.522,-0.30986
2.524,-0.3068
2.526,-0.30373
2.528,-0.29759
2.53,-0.29452
2.532,-0.28532
2.534,-0.27918
2.536,-0.27305
2.538,-0.26384
2.54,-0.25464
2.542,-0.24544
2.544,-0.23317
2.546,-0.22089
2.548,-0.20862
2.55,-0.19328
2.552,-0.17794
2.554,-0.15953
2.556,-0.14113
2.558,-0.12272
2.56,-0.10124
2.562,-0.079767
2.564,-0.055223
2.566,-0.03068
2.568,-0.003068
2.57,0.021476
2.572,0.049087
2.574,0.076699
2.576,0.10431
2.578,0.13192
2.58,0.15647
2.582,0.18101
2.584,0.20555
2.586,0.22703
2.588,0.2485
2.59,0.26998
2.592,0.28839
2.594,0.3068
2.596,0.3252
2.598,0.34054
2.6,0.35282
2.602,0.36509
2.604,0.37736
2.606,0.38963
2.608,0.4019
2.61,0.41111
2.612,0.42031
2.614,0.42645
2.616,0.43565
2.618,0.44179
2.62,0.44792
2.622,0.45406
2.624,0.45713
2.626,0.46326
2.628,0.46633
2.63,0.4694
2.632,0.47553
2.634,0.47553
2.636,0.4786
2.638,0.48167
2.64,0.48474
2.642,0.48474
2.644,0.48781
2.646,0.48781
2.648,0.48781
2.65,0.48781
2.652,0.48781
2.654,0.48781
2.656,0.48781
2.658,0.48781
2.66,0.48474
2.662,0.48474
2.664,0.48167
2.666,0.4786
2.668,0.4786
2.67,0.47553
2.672,0.47553
2.674,0.47247
2.676,0.4694
2.678,0.46633
2.68,0.46326
2.682,0.46019
2.684,0.45406
2.686,0.45406
2.688,0.44792
2.69,0.44485
2.692,0.44179
2.694,0.43872
2.696,0.43258
2.698,0.42951
2.7,0.42645
2.702,0.42031
2.704,0.41724
2.706,0.41417
2.708,0.40804
2.71,0.40497
2.712,0.39884
2.714,0.3927
2.716,0.38963
2.718,0.3835
2.72,0.38043
2.722,0.37736
2.724,0.37122
2.726,0.36816
2.728,0.36202
2.73,0.35588
2.732,0.35282
2.734,0.34975
2.736,0.34361
2.738,0.34054
2.74,0.33441
2.742,0.33134
2.744,0.32827
2.746,0.32214
2.748,0.31907
2.75,0.316
2.752,0.30986
2.754,0.3068
2.756,0.30373
2.758,0.29759
2.76,0.29452
2.762,0.29146
2.764,0.28839
2.766,0.28225
2.768,0.27918
2.77,0.27918
2.772,0.27612
2.774,0.27305
2.776,0.26998
2.778,0.26998
2.78,0.26998
2.782,0.26998
2.784,0.27305
2.786,0.27305
2.788,0.27612
2.79,0.27918
2.792,0.28225
2.794,0.28532
2.796,0.29146
2.798,0.29452
2.8,0.29759
2.802,0.30373
2.804,0.3068
2.806,0.31293
2.808,0.316
2.81,0.32214
2.812,0.3252
2.814,0.33134
2.816,0.33441
2.818,0.33748
2.82,0.34054
2.822,0.34361
2.824,0.34668
2.826,0.34975
2.828,0.35282
2.83,0.35282
2.832,0.35282
2.834,0.35282
2.836,0.35588
2.838,0.35588
2.84,0.35282
2.842,0.35282
2.844,0.34975
2.846,0.34668
2.848,0.34668
2.85,0.34361
2.852,0.34054
2.854,0.33441
2.856,0.33134
2.858,0.32827
2.86,0.32214
2.862,0.31907
2.864,0.316
2.866,0.30986
2.868,0.30373
2.87,0.29759
2.872,0.29452
2.874,0.28839
2.876,0.28532
2.878,0.27918
2.88,0.27305
2.882,0.26998
2.884,0.26691
2.886,0.26078
2.888,0.25771
2.89,0.25157
2.892,0.2485
2.894,0.24237
2.896,0.2393
2.898,0.23623
2.9,0.23317
2.902,0.2301
2.904,0.22396
2.906,0.22089
2.908,0.21783
2.91,0.21783
2.912,0.21169
2.914,0.20862
2.916,0.20555
2.918,0.20555
2.92,0.19942
2.922,0.19942
2.924,0.19635
2.926,0.19328
2.928,0.19021
2.93,0.18715
2.932,0.18408
2.934,0.18101
2.936,0.17794
2.938,0.17487
2.94,0.17181
2.942,0.16874
2.944,0.16567
2.946,0.1626
2.948,0.15953
2.95,0.15647
2.952,0.1534
2.954,0.15033
2.956,0.14726
2.958,0.14419
2.96,0.14113
2.962,0.13806
2.964,0.13499
2.966,0.13192
2.968,0.12579
2.97,0.12272
2.972,0.11965
2.974,0.11658
2.976,0.11351
2.978,0.11045
2.98,0.10738
2.982,0.10124
2.984,0.098175
2.986,0.095107
2.988,0.092039
2.99,0.088971
2.992,0.085903
2.994,0.082835
2.996,0.079767
2.998,0.076699
3,0.073631
3.002,0.070563
3.004,0.067495
3.006,0.064427
3.008,0.061359
3.01,0.058291
3.012,0.055223
3.014,0.052155
3.016,0.049087
3.018,0.046019
3.02,0.042951
3.022,0.039884
3.024,0.036816
3.026,0.033748
3.028,0.03068
3.03,0.027612
3.032,0.024544
3.034,0.024544
3.036,0.021476
3.038,0.018408
3.04,0.01534
3.042,0.012272
3.044,0.012272
3.046,0.0092039
3.048,0.0061359
3.05,0.003068
3.052,0.003068
3.054,-0
3.056,-0.003068
3.058,-0.003068
3.06,-0.0061359
3.062,-0.0092039
3.064,-0.0092039
3.066,-0.012272
3.068,-0.01534
3.07,-0.01534
3.072,-0.018408
3.074,-0.021476
3.076,-0.021476
3.078,-0.024544
3.08,-0.024544
3.082,-0.027612
3.084,-0.03068
3.086,-0.03068
3.088,-0.033748
3.09,-0.036816
3.092,-0.036816
3.094,-0.039884
3.096,-0.039884
3.098,-0.042951
3.1,-0.042951
3.102,-0.046019
3.104,-0.046019
3.106,-0.049087
3.108,-0.049087
3.11,-0.052155
3.112,-0.052155
3.114,-0.055223
3.116,-0.055223
3.118,-0.058291
3.12,-0.058291
3.122,-0.061359
3.124,-0.061359
3.126,-0.064427
3.128,-0.064427
3.13,-0.064427
3.132,-0.067495
3.134,-0.067495
3.136,-0.070563
3.138,-0.070563
3.14,-0.070563
3.142,-0.073631
3.144,-0.073631
3.146,-0.073631
3.148,-0.076699
3.15,-0.076699
3.152,-0.076699
3.154,-0.079767
3.156,-0.079767
3.158,-0.082835
3.16,-0.082835
3.162,-0.082835
3.164,-0.085903
3.166,-0.085903
3.168,-0.085903
3.17,-0.085903
3.172,-0.088971
3.174,-0.088971
3.176,-0.088971
3.178,-0.088971
3.18,-0.088971
3.182,-0.092039
3.184,-0.092039
3.186,-0.092039
3.188,-0.095107
3.19,-0.095107
3.192,-0.095107
3.194,-0.095107
3.196,-0.095107
3.198,-0.095107
3.2,-0.095107
3.202,-0.098175
3.204,-0.098175
3.206,-0.098175
3.208,-0.098175
3.21,-0.098175
3.212,-0.098175
3.214,-0.098175
3.216,-0.098175
3.218,-0.098175
3.22,-0.098175
3.222,-0.098175
3.224,-0.098175
3.226,-0.098175
3.228,-0.098175
3.23,-0.098175
3.232,-0.098175
3.234,-0.098175
3.236,-0.098175
3.238,-0.098175
3.24,-0.098175
3.242,-0.098175
3.244,-0.098175
3.246,-0.098175
3.248,-0.098175
3.25,-0.098175
3.252,-0.098175
3.254,-0.098175
3.256,-0.098175
3.258,-0.098175
3.26,-0.098175
3.262,-0.098175
3.264,-0.098175
3.266,-0.098175
3.268,-0.098175
3.27,-0.098175
3.272,-0.098175
3.274,-0.098175
3.276,-0.098175
3.278,-0.098175
3.28,-0.10124
3.282,-0.10124
3.284,-0.10124
3.286,-0.10124
3.288,-0.10124
3.29,-0.10124
3.292,-0.10124
3.294,-0.10124
3.296,-0.10124
3.298,-0.10124
3.3,-0.10124
3.302,-0.10124
3.304,-0.10124
3.306,-0.10124
3.308,-0.10124
3.31,-0.10124
3.312,-0.10124
3.314,-0.10124
3.316,-0.10124
3.318,-0.10124
3.32,-0.10124
3.322,-0.10124
3.324,-0.10124
3.326,-0.10124
3.328,-0.10124
3.33,-0.10124
3.332,-0.10124
3.334,-0.10124
3.336,-0.10124
3.338,-0.10124
3.34,-0.10124
3.342,-0.10124
3.344,-0.10124
3.346,-0.10124
3.348,-0.10124
3.35,-0.10124
3.352,-0.10124
3.354,-0.10124
3.356,-0.10124
3.358,-0.10124
3.36,-0.10124
3.362,-0.10124
3.364,-0.10124
3.366,-0.10124
3.368,-0.10124
3.37,-0.10124
3.372,-0.10124
3.374,-0.10124
3.376,-0.10124
3.378,-0.10124
3.38,-0.10124
3.382,-0.10124
3.384,-0.10124
3.386,-0.10124
3.388,-0.10124
3.39,-0.10124
3.392,-0.10124
3.394,-0.10124
3.396,-0.10124
3.398,-0.10124
3.4,-0.10124
3.402,-0.10124
3.404,-0.10124
3.406,-0.10124
3.408,-0.10124
3.41,-0.10124
3.412,-0.10124
3.414,-0.10124
3.416,-0.10124
3.418,-0.10124
3.42,-0.10124
3.422,-0.10124
3.424,-0.10124
3.426,-0.10124
3.428,-0.10124
3.43,-0.10124
3.432,-0.10124
3.434,-0.10124
3.436,-0.10124
3.438,-0.10124
3.44,-0.10124
3.442,-0.10124
3.444,-0.10124
3.446,-0.10124
3.448,-0.10124
3.45,-0.10124
3.452,-0.10124
3.454,-0.10124
3.456,-0.10124
3.458,-0.10124
3.46,-0.10124
3.462,-0.10124
3.464,-0.10124
3.466,-0.10124
3.468,-0.10124
3.47,-0.10124
3.472,-0.10124
3.474,-0.10124
3.476,-0.10124
3.478,-0.10124
3.48,-0.10124
3.482,-0.10124
3.484,-0.10124
3.486,-0.10124
3.488,-0.10124
3.49,-0.10124
3.492,-0.10124
3.494,-0.10124
3.496,-0.10124
3.498,-0.10124
3.5,-0.10124
3.502,-0.10124
3.504,-0.098175
3.506,-0.098175
3.508,-0.098175
3.51,-0.098175
3.512,-0.098175
3.514,-0.098175
3.516,-0.098175
3.518,-0.098175
3.52,-0.098175
3.522,-0.098175
3.524,-0.095107
3.526,-0.095107
3.528,-0.095107
3.53,-0.095107
3.532,-0.092039
3.534,-0.092039
3.536,-0.092039
3.538,-0.088971
3.54,-0.088971
3.542,-0.088971
3.544,-0.088971
3.546,-0.088971
3.548,-0.085903
3.55,-0.085903
3.552,-0.085903
3.554,-0.085903
3.556,-0.085903
3.558,-0.085903
3.56,-0.085903
3.562,-0.085903
3.564,-0.082835
3.566,-0.082835
3.568,-0.082835
3.57,-0.082835
3.572,-0.082835
3.574,-0.082835
3.576,-0.082835
3.578,-0.082835
3.58,-0.082835
3.582,-0.082835
3.584,-0.082835
3.586,-0.082835
3.588,-0.082835
3.59,-0.082835
3.592,-0.082835
3.594,-0.082835
3.596,-0.082835
3.598,-0.082835
3.6,-0.082835
3.602,-0.082835
3.604,-0.082835
3.606,-0.082835
3.608,-0.082835
3.61,-0.082835
3.612,-0.082835
3.614,-0.082835
3.616,-0.082835
3.618,-0.082835
3.62,-0.082835
3.622,-0.082835
3.624,-0.082835
3.626,-0.082835
3.628,-0.082835
3.63,-0.082835
3.632,-0.082835
3.634,-0.082835
3.636,-0.082835
3.638,-0.082835
3.64,-0.082835
3.642,-0.082835
3.644,-0.082835
3.646,-0.082835
3.648,-0.082835
3.65,-0.082835
3.652,-0.082835
3.654,-0.082835
3.656,-0.082835
3.658,-0.082835
3.66,-0.082835
3.662,-0.082835
3.664,-0.082835
3.666,-0.082835
3.668,-0.082835
3.67,-0.079767
3.672,-0.079767
3.674,-0.079767
3.676,-0.079767
3.678,-0.079767
3.68,-0.079767
3.682,-0.079767
3.684,-0.079767
3.686,-0.076699
3.688,-0.076699
3.69,-0.076699
3.692,-0.076699
3.694,-0.076699
3.696,-0.073631
3.698,-0.073631
3.7,-0.073631
3.702,-0.073631
3.704,-0.073631
3.706,-0.073631
3.708,-0.073631
3.71,-0.070563
3.712,-0.070563
3.714,-0.070563
3.716,-0.070563
3.718,-0.070563
3.72,-0.070563
3.722,-0.070563
3.724,-0.070563
3.726,-0.067495
3.728,-0.067495
3.73,-0.067495
3.732,-0.067495
3.734,-0.067495
3.736,-0.067495
3.738,-0.067495
3.74,-0.067495
3.742,-0.067495
3.744,-0.067495
3.746,-0.067495
3.748,-0.067495
3.75,-0.067495
3.752,-0.067495
3.754,-0.067495
3.756,-0.067495
3.758,-0.070563
3.76,-0.070563
3.762,-0.070563
3.764,-0.070563
3.766,-0.070563
3.768,-0.070563
3.77,-0.070563
3.772,-0.070563
3.774,-0.070563
3.776,-0.070563
3.778,-0.070563
3.78,-0.070563
3.782,-0.070563
3.784,-0.070563
3.786,-0.070563
3.788,-0.070563
3.79,-0.070563
3.792,-0.070563
3.794,-0.070563
3.796,-0.070563
3.798,-0.070563
3.8,-0.070563
3.802,-0.070563
3.804,-0.070563
3.806,-0.070563
3.808,-0.070563
3.81,-0.070563
3.812,-0.067495
3.814,-0.067495
3.816,-0.067495
3.818,-0.067495
3.82,-0.067495
3.822,-0.067495
3.824,-0.067495
3.826,-0.067495
3.828,-0.067495
3.83,-0.067495
3.832,-0.067495
3.834,-0.067495
3.836,-0.064427
3.838,-0.064427
3.84,-0.064427
3.842,-0.064427
3.844,-0.064427
3.846,-0.064427
3.848,-0.064427
3.85,-0.064427
3.852,-0.064427
3.854,-0.064427
3.856,-0.064427
3.858,-0.064427
3.86,-0.064427
3.862,-0.064427
3.864,-0.064427
3.866,-0.064427
3.868,-0.064427
3.87,-0.064427
3.872,-0.064427
3.874,-0.064427
3.876,-0.064427
3.878,-0.064427
3.88,-0.064427
3.882,-0.064427
3.884,-0.064427
3.886,-0.064427
3.888,-0.064427
3.89,-0.064427
3.892,-0.064427
3.894,-0.064427
3.896,-0.064427
3.898,-0.064427
3.9,-0.064427
3.902,-0.064427
3.904,-0.064427
3.906,-0.064427
3.908,-0.064427
3.91,-0.064427
3.912,-0.064427
3.914,-0.064427
3.916,-0.064427
3.918,-0.064427
3.92,-0.064427
3.922,-0.064427
3.924,-0.064427
3.926,-0.064427
3.928,-0.064427
3.93,-0.064427
3.932,-0.064427
3.934,-0.064427
3.936,-0.064427
3.938,-0.064427
3.94,-0.064427
3.942,-0.064427
3.944,-0.064427
3.946,-0.064427
3.948,-0.064427
3.95,-0.064427
3.952,-0.064427
3.954,-0.064427
3.956,-0.064427
3.958,-0.064427
3.96,-0.064427
3.962,-0.064427
3.964,-0.064427
3.966,-0.064427
3.968,-0.064427
3.97,-0.064427
3.972,-0.064427
3.974,-0.064427
3.976,-0.064427
3.978,-0.064427
3.98,-0.064427
3.982,-0.064427
3.984,-0.064427
3.986,-0.064427
3.988,-0.064427
3.99,-0.064427
3.992,-0.064427
3.994,-0.064427
3.996,-0.064427
3.998,-0.064427
4,-0.067495
4.002,-0.067495
4.004,-0.067495
4.006,-0.067495
4.008,-0.067495
4.01,-0.067495
4.012,-0.067495
4.014,-0.067495
4.016,-0.067495
4.018,-0.067495
4.02,-0.067495
4.022,-0.067495
4.024,-0.067495
4.026,-0.067495
4.028,-0.067495
4.03,-0.070563
4.032,-0.070563
4.034,-0.070563
4.036,-0.070563
4.038,-0.070563
4.04,-0.070563
4.042,-0.070563
4.044,-0.070563
4.046,-0.070563
4.048,-0.070563
4.05,-0.070563
4.052,-0.070563
4.054,-0.070563
4.056,-0.070563
4.058,-0.070563
4.06,-0.070563
4.062,-0.070563
4.064,-0.070563
4.066,-0.070563
4.068,-0.070563
4.07,-0.067495
4.072,-0.067495
4.074,-0.067495
4.076,-0.067495
4.078,-0.067495
4.08,-0.067495
4.082,-0.067495
4.084,-0.067495
4.086,-0.067495
4.088,-0.067495
4.09,-0.067495
4.092,-0.067495
4.094,-0.064427
4.096,-0.064427
4.098,-0.064427
4.1,-0.064427
4.102,-0.064427
4.104,-0.064427
4.106,-0.064427
4.108,-0.064427
4.11,-0.064427
4.112,-0.064427
4.114,-0.064427
4.116,-0.064427
4.118,-0.064427
4.12,-0.064427
4.122,-0.064427
4.124,-0.067495
4.126,-0.067495
4.128,-0.067495
4.13,-0.067495
4.132,-0.067495
4.134,-0.067495
4.136,-0.067495
4.138,-0.067495
4.14,-0.070563
4.142,-0.070563
4.144,-0.070563
4.146,-0.070563
4.148,-0.070563
4.15,-0.070563
4.152,-0.070563
4.154,-0.070563
4.156,-0.070563
4.158,-0.070563
4.16,-0.070563
4.162,-0.070563
4.164,-0.070563
4.166,-0.070563
4.168,-0.070563
4.17,-0.070563
4.172,-0.070563
4.174,-0.070563
4.176,-0.070563
4.178,-0.070563
4.18,-0.070563
4.182,-0.070563
4.184,-0.070563
4.186,-0.070563
4.188,-0.070563
4.19,-0.070563
4.192,-0.070563
4.194,-0.067495
4.196,-0.067495
4.198,-0.067495
4.2,-0.067495
4.202,-0.067495
4.204,-0.067495
4.206,-0.067495
4.208,-0.067495
4.21,-0.067495
4.212,-0.067495
4.214,-0.067495
4.216,-0.067495
4.218,-0.067495
4.22,-0.067495
4.222,-0.067495
4.224,-0.067495
4.226,-0.067495
4.228,-0.067495
4.23,-0.067495
4.232,-0.067495
4.234,-0.067495
4.236,-0.067495
4.238,-0.067495
4.24,-0.067495
4.242,-0.067495
4.244,-0.067495
4.246,-0.070563
4.248,-0.070563
4.25,-0.070563
4.252,-0.070563
4.254,-0.070563
4.256,-0.070563
4.258,-0.070563
4.26,-0.070563
4.262,-0.070563
4.264,-0.070563
4.266,-0.070563
4.268,-0.073631
4.27,-0.073631
4.272,-0.073631
4.274,-0.073631
4.276,-0.073631
4.278,-0.073631
4.28,-0.073631
4.282,-0.073631
4.284,-0.073631
4.286,-0.073631
4.288,-0.073631
4.29,-0.073631
4.292,-0.073631
4.294,-0.073631
4.296,-0.073631
4.298,-0.073631
4.3,-0.073631
4.302,-0.073631
4.304,-0.073631
4.306,-0.073631
4.308,-0.073631
4.31,-0.073631
4.312,-0.073631
4.314,-0.073631
4.316,-0.073631
4.318,-0.073631
4.32,-0.070563
4.322,-0.070563
4.324,-0.070563
4.326,-0.070563
4.328,-0.070563
4.33,-0.070563
4.332,-0.070563
4.334,-0.070563
4.336,-0.070563
4.338,-0.070563
4.34,-0.070563
4.342,-0.070563
4.344,-0.070563
4.346,-0.070563
4.348,-0.070563
4.35,-0.070563
4.352,-0.070563
4.354,-0.070563
4.356,-0.070563
4.358,-0.070563
4.36,-0.070563
4.362,-0.070563
4.364,-0.070563
4.366,-0.070563
4.368,-0.070563
4.37,-0.070563
4.372,-0.070563
4.374,-0.070563
4.376,-0.070563
4.378,-0.070563
4.38,-0.070563
4.382,-0.070563
4.384,-0.070563
4.386,-0.070563
4.388,-0.070563
4.39,-0.070563
4.392,-0.070563
4.394,-0.070563
4.396,-0.070563
4.398,-0.070563
4.4,-0.070563
4.402,-0.070563
4.404,-0.070563
4.406,-0.070563
4.408,-0.070563
4.41,-0.070563
4.412,-0.070563
4.414,-0.070563
4.416,-0.070563
4.418,-0.070563
4.42,-0.070563
4.422,-0.070563
4.424,-0.070563
4.426,-0.070563
4.428,-0.070563
4.43,-0.070563
4.432,-0.070563
4.434,-0.070563
4.436,-0.070563
4.438,-0.070563
4.44,-0.070563
4.442,-0.070563
4.444,-0.070563
4.446,-0.070563
4.448,-0.070563
4.45,-0.070563
4.452,-0.070563
4.454,-0.070563
4.456,-0.070563
4.458,-0.070563
4.46,-0.070563
4.462,-0.070563
4.464,-0.070563
4.466,-0.070563
4.468,-0.070563
4.47,-0.070563
4.472,-0.070563
4.474,-0.070563
4.476,-0.070563
4.478,-0.070563
4.48,-0.070563
4.482,-0.070563
4.484,-0.070563
4.486,-0.070563
4.488,-0.070563
4.49,-0.070563
4.492,-0.070563
4.494,-0.070563
4.496,-0.070563
4.498,-0.070563
4.5,-0.070563
4.502,-0.070563
4.504,-0.070563
4.506,-0.070563
4.508,-0.070563
4.51,-0.070563
4.512,-0.070563
4.514,-0.070563
4.516,-0.070563
4.518,-0.070563
4.52,-0.070563
4.522,-0.070563
4.524,-0.070563
4.526,-0.070563
4.528,-0.070563
4.53,-0.070563
4.532,-0.070563
4.534,-0.070563
4.536,-0.070563
4.538,-0.070563
4.54,-0.070563
4.542,-0.070563
4.544,-0.070563
4.546,-0.070563
4.548,-0.070563
4.55,-0.070563
4.552,-0.070563
4.554,-0.070563
4.556,-0.070563
4.558,-0.070563
4.56,-0.070563
4.562,-0.070563
4.564,-0.070563
4.566,-0.070563
4.568,-0.070563
4.57,-0.070563
4.572,-0.070563
4.574,-0.070563
4.576,-0.070563
4.578,-0.070563
4.58,-0.070563
4.582,-0.070563
4.584,-0.070563
4.586,-0.070563
4.588,-0.070563
4.59,-0.070563
4.592,-0.070563
4.594,-0.070563
4.596,-0.070563
4.598,-0.070563
4.6,-0.070563
4.602,-0.070563
4.604,-0.070563
4.606,-0.070563
4.608,-0.070563
4.61,-0.070563
4.612,-0.070563
4.614,-0.070563
4.616,-0.070563
4.618,-0.070563
4.62,-0.070563
4.622,-0.070563
4.624,-0.070563
4.626,-0.070563
4.628,-0.070563
4.63,-0.070563
4.632,-0.070563
4.634,-0.070563
4.636,-0.070563
4.638,-0.070563
4.64,-0.070563
4.642,-0.070563
4.644,-0.070563
4.646,-0.070563
4.648,-0.070563
4.65,-0.070563
4.652,-0.070563
4.654,-0.070563
4.656,-0.070563
4.658,-0.070563
4.66,-0.070563
4.662,-0.070563
4.664,-0.070563
4.666,-0.070563
4.668,-0.073631
4.67,-0.073631
4.672,-0.073631
4.674,-0.073631
4.676,-0.073631
4.678,-0.073631
4.68,-0.073631
4.682,-0.073631
4.684,-0.073631
4.686,-0.076699
4.688,-0.076699
4.69,-0.076699
4.692,-0.076699
4.694,-0.076699
4.696,-0.076699
4.698,-0.076699
4.7,-0.076699
4.702,-0.079767
4.704,-0.079767
4.706,-0.079767
4.708,-0.079767
4.71,-0.079767
4.712,-0.079767
4.714,-0.079767
4.716,-0.079767
4.718,-0.079767
4.72,-0.079767
4.722,-0.079767
4.724,-0.079767
4.726,-0.079767
4.728,-0.079767
4.73,-0.079767
4.732,-0.079767
4.734,-0.079767
4.736,-0.079767
4.738,-0.079767
4.74,-0.079767
4.742,-0.079767
4.744,-0.079767
4.746,-0.076699
4.748,-0.076699
4.75,-0.076699
4.752,-0.076699
4.754,-0.076699
4.756,-0.076699
4.758,-0.076699
4.76,-0.076699
4.762,-0.076699
4.764,-0.076699
4.766,-0.076699
4.768,-0.076699
4.77,-0.076699
4.772,-0.076699
4.774,-0.076699
4.776,-0.076699
4.778,-0.076699
4.78,-0.076699
4.782,-0.076699
4.784,-0.076699
4.786,-0.076699
4.788,-0.076699
4.79,-0.076699
4.792,-0.076699
4.794,-0.076699
4.796,-0.076699
4.798,-0.076699
4.8,-0.076699
4.802,-0.076699
4.804,-0.076699
4.806,-0.076699
4.808,-0.076699
4.81,-0.076699
4.812,-0.076699
4.814,-0.076699
4.816,-0.076699
4.818,-0.076699
4.82,-0.076699
4.822,-0.076699
4.824,-0.076699
4.826,-0.076699
4.828,-0.076699
4.83,-0.076699
4.832,-0.076699
4.834,-0.076699
4.836,-0.076699
4.838,-0.076699
4.84,-0.076699
4.842,-0.076699
4.844,-0.076699
4.846,-0.076699
4.848,-0.076699
4.85,-0.076699
4.852,-0.076699
4.854,-0.076699
4.856,-0.076699
4.858,-0.076699
4.86,-0.076699
4.862,-0.076699
4.864,-0.076699
4.866,-0.076699
4.868,-0.076699
4.87,-0.076699
4.872,-0.076699
4.874,-0.076699
4.876,-0.076699
4.878,-0.076699
4.88,-0.076699
4.882,-0.076699
4.884,-0.076699
4.886,-0.076699
4.888,-0.076699
4.89,-0.076699
4.892,-0.076699
4.894,-0.076699
4.896,-0.076699
4.898,-0.076699
4.9,-0.076699
4.902,-0.076699
4.904,-0.076699
4.906,-0.076699
4.908,-0.076699
4.91,-0.076699
4.912,-0.076699
4.914,-0.076699
4.916,-0.076699
4.918,-0.076699
4.92,-0.076699
4.922,-0.076699
4.924,-0.076699
4.926,-0.076699
4.928,-0.076699
4.93,-0.076699
4.932,-0.076699
4.934,-0.076699
4.936,-0.076699
4.938,-0.076699
4.94,-0.076699
4.942,-0.076699
4.944,-0.076699
4.946,-0.076699
4.948,-0.076699
4.95,-0.076699
4.952,-0.076699
4.954,-0.076699
4.956,-0.076699
4.958,-0.076699
4.96,-0.076699
4.962,-0.076699
4.964,-0.076699
4.966,-0.076699
4.968,-0.076699
4.97,-0.076699
4.972,-0.076699
4.974,-0.076699
4.976,-0.076699
4.978,-0.076699
4.98,-0.076699
4.982,-0.076699
4.984,-0.076699
4.986,-0.076699
4.988,-0.076699
4.99,-0.076699
4.992,-0.076699
4.994,-0.076699
4.996,-0.076699
4.998,-0.076699
5,-0.076699
5.002,-0.076699
5.004,-0.076699
5.006,-0.076699
5.008,-0.076699
5.01,-0.076699
5.012,-0.076699
5.014,-0.076699
5.016,-0.076699
5.018,-0.076699
5.02,-0.076699
5.022,-0.076699
5.024,-0.076699
5.026,-0.076699
5.028,-0.076699
5.03,-0.076699
5.032,-0.076699
5.034,-0.076699
5.036,-0.076699
5.038,-0.076699
5.04,-0.076699
5.042,-0.076699
5.044,-0.076699
5.046,-0.076699
5.048,-0.076699
5.05,-0.076699
5.052,-0.076699
5.054,-0.076699
5.056,-0.076699
5.058,-0.076699
5.06,-0.076699
5.062,-0.079767
5.064,-0.079767
5.066,-0.079767
5.068,-0.079767
5.07,-0.079767
5.072,-0.079767
5.074,-0.079767
5.076,-0.082835
5.078,-0.082835
5.08,-0.082835
5.082,-0.082835
5.084,-0.082835
5.086,-0.082835
5.088,-0.082835
5.09,-0.082835
5.092,-0.082835
5.094,-0.082835
5.096,-0.082835
5.098,-0.082835
5.1,-0.082835
5.102,-0.082835
5.104,-0.082835
5.106,-0.082835
5.108,-0.082835
5.11,-0.082835
5.112,-0.082835
5.114,-0.082835
5.116,-0.082835
5.118,-0.082835
5.12,-0.082835
5.122,-0.082835
5.124,-0.082835
5.126,-0.082835
5.128,-0.082835
5.13,-0.082835
5.132,-0.082835
5.134,-0.082835
5.136,-0.082835
5.138,-0.082835
5.14,-0.082835
5.142,-0.082835
5.144,-0.082835
5.146,-0.082835
5.148,-0.082835
5.15,-0.082835
5.152,-0.082835
5.154,-0.082835
5.156,-0.082835
5.158,-0.082835
5.16,-0.082835
5.162,-0.082835
5.164,-0.082835
5.166,-0.082835
5.168,-0.082835
5.17,-0.082835
5.172,-0.082835
5.174,-0.082835
5.176,-0.082835
5.178,-0.082835
5.18,-0.082835
5.182,-0.082835
5.184,-0.082835
5.186,-0.082835
5.188,-0.085903
5.19,-0.085903
5.192,-0.085903
5.194,-0.085903
5.196,-0.085903
5.198,-0.085903
5.2,-0.085903
5.202,-0.085903
5.204,-0.085903
5.206,-0.085903
5.208,-0.085903
5.21,-0.085903
5.212,-0.085903
5.214,-0.088971
5.216,-0.088971
5.218,-0.088971
5.22,-0.088971
5.222,-0.088971
5.224,-0.088971
5.226,-0.088971
5.228,-0.088971
5.23,-0.088971
5.232,-0.088971
5.234,-0.088971
5.236,-0.088971
5.238,-0.088971
5.24,-0.088971
5.242,-0.085903
5.244,-0.085903
5.246,-0.085903
5.248,-0.085903
5.25,-0.085903
5.252,-0.085903
5.254,-0.085903
5.256,-0.085903
5.258,-0.085903
5.26,-0.085903
5.262,-0.085903
5.264,-0.085903
5.266,-0.082835
5.268,-0.082835
5.27,-0.082835
5.272,-0.082835
5.274,-0.082835
5.276,-0.082835
5.278,-0.082835
5.28,-0.082835
5.282,-0.082835
5.284,-0.082835
5.286,-0.082835
5.288,-0.082835
5.29,-0.082835
5.292,-0.082835
5.294,-0.082835
5.296,-0.082835
5.298,-0.082835
5.3,-0.082835
5.302,-0.082835
5.304,-0.082835
5.306,-0.082835
5.308,-0.082835
5.31,-0.082835
5.312,-0.082835
5.314,-0.082835
5.316,-0.082835
5.318,-0.082835
5.32,-0.082835
5.322,-0.082835
5.324,-0.082835
5.326,-0.082835
5.328,-0.082835
5.33,-0.082835
5.332,-0.082835
5.334,-0.082835
5.336,-0.082835
5.338,-0.082835
5.34,-0.082835
5.342,-0.082835
5.344,-0.082835
5.346,-0.082835
5.348,-0.082835
5.35,-0.082835
5.352,-0.082835
5.354,-0.082835
5.356,-0.082835
5.358,-0.082835
5.36,-0.082835
5.362,-0.082835
5.364,-0.082835
5.366,-0.082835
5.368,-0.082835
5.37,-0.082835
5.372,-0.082835
5.374,-0.082835
5.376,-0.082835
5.378,-0.082835
5.38,-0.082835
5.382,-0.082835
5.384,-0.082835
5.386,-0.082835
5.388,-0.082835
5.39,-0.082835
5.392,-0.082835
5.394,-0.082835
5.396,-0.082835
5.398,-0.082835
5.4,-0.082835
5.402,-0.082835
5.404,-0.082835
5.406,-0.079767
5.408,-0.079767
5.41,-0.079767
5.412,-0.079767
5.414,-0.079767
5.416,-0.079767
5.418,-0.079767
5.42,-0.079767
5.422,-0.079767
5.424,-0.079767
5.426,-0.079767
5.428,-0.076699
5.43,-0.076699
5.432,-0.076699
5.434,-0.076699
5.436,-0.076699
5.438,-0.076699
5.44,-0.076699
5.442,-0.076699
5.444,-0.076699
5.446,-0.076699
5.448,-0.076699
5.45,-0.076699
5.452,-0.076699
5.454,-0.076699
5.456,-0.076699
5.458,-0.076699
5.46,-0.076699
5.462,-0.079767
5.464,-0.079767
5.466,-0.079767
5.468,-0.079767
5.47,-0.079767
5.472,-0.079767
5.474,-0.079767
5.476,-0.079767
5.478,-0.079767
5.48,-0.079767
5.482,-0.079767
5.484,-0.079767
5.486,-0.082835
5.488,-0.082835
5.49,-0.082835
5.492,-0.082835
5.494,-0.082835
5.496,-0.082835
5.498,-0.082835
5.5,-0.082835
5.502,-0.082835
5.504,-0.082835
5.506,-0.082835
5.508,-0.082835
5.51,-0.082835
5.512,-0.082835
5.514,-0.082835
5.516,-0.082835
5.518,-0.082835
5.52,-0.082835
5.522,-0.082835
5.524,-0.082835
5.526,-0.082835
5.528,-0.082835
5.53,-0.082835
5.532,-0.079767
5.534,-0.079767
5.536,-0.079767
5.538,-0.079767
5.54,-0.079767
5.542,-0.079767
5.544,-0.079767
5.546,-0.079767
5.548,-0.079767
5.55,-0.079767
5.552,-0.079767
5.554,-0.079767
5.556,-0.079767
5.558,-0.079767
5.56,-0.079767
5.562,-0.079767
5.564,-0.079767
5.566,-0.079767
5.568,-0.079767
5.57,-0.079767
5.572,-0.079767
5.574,-0.079767
5.576,-0.079767
5.578,-0.079767
5.58,-0.079767
5.582,-0.079767
5.584,-0.079767
5.586,-0.079767
5.588,-0.079767
5.59,-0.079767
5.592,-0.079767
5.594,-0.079767
5.596,-0.079767
5.598,-0.079767
5.6,-0.079767
5.602,-0.079767
5.604,-0.079767
5.606,-0.079767
5.608,-0.079767
5.61,-0.079767
5.612,-0.079767
5.614,-0.079767
5.616,-0.079767
5.618,-0.079767
5.62,-0.079767
5.622,-0.079767
5.624,-0.079767
5.626,-0.079767
5.628,-0.079767
5.63,-0.079767
5.632,-0.079767
5.634,-0.079767
5.636,-0.079767
5.638,-0.079767
5.64,-0.079767
5.642,-0.079767
5.644,-0.079767
5.646,-0.079767
5.648,-0.079767
5.65,-0.079767
5.652,-0.079767
5.654,-0.079767
5.656,-0.079767
5.658,-0.079767
5.66,-0.079767
5.662,-0.079767
5.664,-0.079767
5.666,-0.079767
5.668,-0.079767
5.67,-0.079767
5.672,-0.079767
5.674,-0.079767
5.676,-0.079767
5.678,-0.079767
5.68,-0.079767
5.682,-0.079767
5.684,-0.079767
5.686,-0.079767
5.688,-0.079767
5.69,-0.079767
5.692,-0.079767
5.694,-0.079767
5.696,-0.079767
5.698,-0.079767
5.7,-0.079767
5.702,-0.079767
5.704,-0.079767
5.706,-0.079767
5.708,-0.079767
5.71,-0.079767
5.712,-0.079767
5.714,-0.079767
5.716,-0.079767
5.718,-0.079767
5.72,-0.079767
5.722,-0.079767
5.724,-0.079767
5.726,-0.079767
5.728,-0.079767
5.73,-0.079767
5.732,-0.079767
5.734,-0.079767
5.736,-0.079767
5.738,-0.079767
5.74,-0.079767
5.742,-0.079767
5.744,-0.079767
5.746,-0.079767
5.748,-0.079767
5.75,-0.079767
5.752,-0.079767
5.754,-0.079767
5.756,-0.079767
5.758,-0.079767
5.76,-0.079767
5.762,-0.079767
5.764,-0.079767
5.766,-0.079767
5.768,-0.079767
5.77,-0.079767
5.772,-0.079767
5.774,-0.079767
5.776,-0.079767
5.778,-0.079767
5.78,-0.079767
5.782,-0.079767
5.784,-0.079767
5.786,-0.079767
5.788,-0.079767
5.79,-0.079767
5.792,-0.082835
5.794,-0.082835
5.796,-0.082835
5.798,-0.082835
5.8,-0.082835
5.802,-0.082835
5.804,-0.082835
5.806,-0.082835
5.808,-0.085903
5.81,-0.085903
5.812,-0.085903
5.814,-0.085903
5.816,-0.085903
5.818,-0.085903
5.82,-0.085903
5.822,-0.085903
5.824,-0.085903
5.826,-0.085903
5.828,-0.085903
5.83,-0.085903
5.832,-0.085903
5.834,-0.085903
5.836,-0.085903
5.838,-0.085903
5.84,-0.085903
5.842,-0.085903
5.844,-0.085903
5.846,-0.085903
5.848,-0.085903
5.85,-0.085903
5.852,-0.085903
5.854,-0.085903
5.856,-0.085903
5.858,-0.085903
5.86,-0.085903
5.862,-0.085903
5.864,-0.085903
5.866,-0.085903
5.868,-0.085903
5.87,-0.085903
5.872,-0.085903
5.874,-0.085903
5.876,-0.085903
5.878,-0.085903
5.88,-0.085903
5.882,-0.085903
5.884,-0.085903
5.886,-0.085903
5.888,-0.085903
5.89,-0.085903
5.892,-0.085903
5.894,-0.085903
5.896,-0.085903
5.898,-0.085903
5.9,-0.085903
5.902,-0.085903
5.904,-0.085903
5.906,-0.085903
5.908,-0.085903
5.91,-0.085903
5.912,-0.085903
5.914,-0.085903
5.916,-0.085903
5.918,-0.085903
5.92,-0.085903
5.922,-0.085903
5.924,-0.085903
5.926,-0.085903
5.928,-0.085903
5.93,-0.085903
5.932,-0.085903
5.934,-0.085903
5.936,-0.085903
5.938,-0.085903
5.94,-0.085903
5.942,-0.085903
5.944,-0.085903
5.946,-0.085903
5.948,-0.085903
5.95,-0.085903
5.952,-0.085903
5.954,-0.085903
5.956,-0.085903
5.958,-0.085903
5.96,-0.085903
5.962,-0.085903
5.964,-0.085903
5.966,-0.085903
5.968,-0.085903
5.97,-0.085903
5.972,-0.085903
5.974,-0.085903
5.976,-0.085903
5.978,-0.085903
5.98,-0.085903
5.982,-0.085903
5.984,-0.085903
5.986,-0.085903
5.988,-0.085903
5.99,-0.085903
5.992,-0.085903
5.994,-0.085903
5.996,-0.085903
5.998,-0.085903
6,-0.085903
6.002,-0.085903
6.004,-0.085903
6.006,-0.085903
6.008,-0.085903
6.01,-0.085903
6.012,-0.085903
6.014,-0.085903
6.016,-0.085903
6.018,-0.085903
6.02,-0.085903
6.022,-0.085903
6.024,-0.085903
6.026,-0.085903
6.028,-0.085903
6.03,-0.085903
6.032,-0.085903
6.034,-0.085903
6.036,-0.085903
6.038,-0.085903
6.04,-0.085903
6.042,-0.085903
6.044,-0.085903
6.046,-0.085903
6.048,-0.085903
6.05,-0.085903
6.052,-0.085903
6.054,-0.085903
6.056,-0.085903
6.058,-0.085903
6.06,-0.085903
6.062,-0.085903
6.064,-0.085903
6.066,-0.085903
6.068,-0.085903
6.07,-0.085903
6.072,-0.085903
6.074,-0.085903
6.076,-0.085903
6.078,-0.085903
6.08,-0.085903
6.082,-0.085903
6.084,-0.085903
6.086,-0.085903
6.088,-0.085903
6.09,-0.085903
6.092,-0.085903
6.094,-0.085903
6.096,-0.085903
6.098,-0.085903
6.1,-0.085903
6.102,-0.085903
6.104,-0.085903
6.106,-0.085903
6.108,-0.085903
6.11,-0.085903
6.112,-0.085903
6.114,-0.085903
6.116,-0.085903
6.118,-0.085903
6.12,-0.085903
6.122,-0.085903
6.124,-0.085903
6.126,-0.085903
6.128,-0.085903
6.13,-0.085903
6.132,-0.085903
6.134,-0.085903
6.136,-0.085903
6.138,-0.085903
6.14,-0.085903
6.142,-0.085903
6.144,-0.085903
6.146,-0.085903
6.148,-0.085903
6.15,-0.085903
6.152,-0.085903
6.154,-0.085903
6.156,-0.085903
6.158,-0.085903
6.16,-0.085903
6.162,-0.085903
6.164,-0.085903
6.166,-0.085903
6.168,-0.085903
6.17,-0.085903
6.172,-0.085903
6.174,-0.085903
6.176,-0.085903
6.178,-0.085903
6.18,-0.085903
6.182,-0.085903
6.184,-0.085903
6.186,-0.085903
6.188,-0.085903
6.19,-0.085903
6.192,-0.085903
6.194,-0.085903
6.196,-0.085903
6.198,-0.085903
6.2,-0.085903
6.202,-0.085903
6.204,-0.085903
6.206,-0.085903
6.208,-0.085903
6.21,-0.085903
6.212,-0.085903
6.214,-0.085903
6.216,-0.085903
6.218,-0.085903
6.22,-0.085903
6.222,-0.085903
6.224,-0.085903
6.226,-0.085903
6.228,-0.085903
6.23,-0.085903
6.232,-0.085903
6.234,-0.085903
6.236,-0.085903
6.238,-0.085903
6.24,-0.085903
6.242,-0.085903
6.244,-0.085903
6.246,-0.085903
6.248,-0.085903
6.25,-0.085903
6.252,-0.085903
6.254,-0.085903
6.256,-0.085903
6.258,-0.085903
6.26,-0.085903
6.262,-0.085903
6.264,-0.085903
6.266,-0.085903
6.268,-0.085903
6.27,-0.085903
6.272,-0.085903
6.274,-0.085903
6.276,-0.085903
6.278,-0.085903
6.28,-0.085903
6.282,-0.085903
6.284,-0.085903
6.286,-0.085903
6.288,-0.085903
6.29,-0.085903
6.292,-0.085903
6.294,-0.085903
6.296,-0.085903
6.298,-0.085903
6.3,-0.085903
6.302,-0.085903
6.304,-0.085903
6.306,-0.085903
6.308,-0.085903
6.31,-0.085903
6.312,-0.085903
6.314,-0.085903
6.316,-0.085903
6.318,-0.085903
6.32,-0.085903
6.322,-0.085903
6.324,-0.085903
6.326,-0.085903
6.328,-0.085903
6.33,-0.085903
6.332,-0.085903
6.334,-0.085903
6.336,-0.085903
6.338,-0.085903
6.34,-0.085903
6.342,-0.085903
6.344,-0.085903
6.346,-0.085903
6.348,-0.085903
6.35,-0.085903
6.352,-0.085903
6.354,-0.085903
6.356,-0.085903
6.358,-0.085903
6.36,-0.085903
6.362,-0.085903
6.364,-0.085903
6.366,-0.085903
6.368,-0.085903
6.37,-0.085903
6.372,-0.085903
6.374,-0.085903
6.376,-0.082835
6.378,-0.082835
6.38,-0.082835
6.382,-0.082835
6.384,-0.082835
6.386,-0.082835
6.388,-0.079767
6.39,-0.079767
6.392,-0.079767
6.394,-0.079767
6.396,-0.079767
6.398,-0.079767
6.4,-0.076699
6.402,-0.076699
6.404,-0.076699
6.406,-0.076699
6.408,-0.076699
6.41,-0.076699
6.412,-0.076699
6.414,-0.076699
6.416,-0.076699
6.418,-0.076699
6.42,-0.076699
6.422,-0.076699
6.424,-0.076699
6.426,-0.076699
6.428,-0.076699
6.43,-0.076699
6.432,-0.076699
6.434,-0.076699
6.436,-0.076699
6.438,-0.076699
6.44,-0.076699
6.442,-0.076699
6.444,-0.076699
6.446,-0.076699
6.448,-0.076699
6.45,-0.076699
6.452,-0.076699
6.454,-0.076699
6.456,-0.076699
6.458,-0.076699
6.46,-0.076699
6.462,-0.076699
6.464,-0.076699
6.466,-0.076699
6.468,-0.076699
6.47,-0.076699
6.472,-0.076699
6.474,-0.076699
6.476,-0.076699
6.478,-0.076699
6.48,-0.076699
6.482,-0.076699
6.484,-0.076699
6.486,-0.076699
6.488,-0.076699
6.49,-0.073631
6.492,-0.073631
6.494,-0.073631
6.496,-0.073631
6.498,-0.073631
6.5,-0.073631
6.502,-0.073631
6.504,-0.073631
6.506,-0.073631
6.508,-0.073631
6.51,-0.073631
6.512,-0.073631
6.514,-0.073631
6.516,-0.073631
6.518,-0.073631
6.52,-0.073631
6.522,-0.073631
6.524,-0.073631
6.526,-0.073631
6.528,-0.073631
6.53,-0.073631
6.532,-0.073631
6.534,-0.073631
6.536,-0.073631
6.538,-0.073631
6.54,-0.073631
6.542,-0.073631
6.544,-0.073631
6.546,-0.073631
6.548,-0.073631
6.55,-0.073631
6.552,-0.073631
6.554,-0.073631
6.556,-0.073631
6.558,-0.073631
6.56,-0.073631
6.562,-0.073631
6.564,-0.073631
6.566,-0.073631
6.568,-0.073631
6.57,-0.073631
6.572,-0.073631
6.574,-0.073631
6.576,-0.073631
6.578,-0.073631
6.58,-0.073631
6.582,-0.073631
6.584,-0.073631
6.586,-0.073631
6.588,-0.073631
6.59,-0.073631
6.592,-0.073631
6.594,-0.073631
6.596,-0.073631
6.598,-0.070563
6.6,-0.070563
6.602,-0.070563
6.604,-0.070563
6.606,-0.070563
6.608,-0.070563
6.61,-0.070563
6.612,-0.070563
6.614,-0.070563
6.616,-0.070563
6.618,-0.070563
6.62,-0.070563
6.622,-0.070563
6.624,-0.070563
6.626,-0.070563
6.628,-0.070563
6.63,-0.070563
6.632,-0.070563
6.634,-0.070563
6.636,-0.070563
6.638,-0.070563
6.64,-0.070563
6.642,-0.070563
6.644,-0.070563
6.646,-0.070563
6.648,-0.073631
6.65,-0.073631
6.652,-0.073631
6.654,-0.073631
6.656,-0.073631
6.658,-0.073631
6.66,-0.073631
6.662,-0.073631
6.664,-0.073631
6.666,-0.073631
6.668,-0.073631
6.67,-0.073631
6.672,-0.073631
6.674,-0.073631
6.676,-0.073631
6.678,-0.073631
6.68,-0.073631
6.682,-0.073631
6.684,-0.073631
6.686,-0.073631
6.688,-0.073631
6.69,-0.073631
6.692,-0.070563
6.694,-0.070563
6.696,-0.070563
6.698,-0.070563
6.7,-0.070563
6.702,-0.070563
6.704,-0.070563
6.706,-0.070563
6.708,-0.070563
6.71,-0.070563
6.712,-0.070563
6.714,-0.067495
6.716,-0.067495
6.718,-0.067495
6.72,-0.067495
6.722,-0.067495
6.724,-0.067495
6.726,-0.067495
6.728,-0.067495
6.73,-0.067495
6.732,-0.067495
6.734,-0.067495
6.736,-0.067495
6.738,-0.067495
6.74,-0.067495
6.742,-0.067495
6.744,-0.070563
6.746,-0.070563
6.748,-0.070563
6.75,-0.070563
6.752,-0.070563
6.754,-0.070563
6.756,-0.070563
6.758,-0.070563
6.76,-0.070563
6.762,-0.070563
6.764,-0.070563
6.766,-0.070563
6.768,-0.070563
6.77,-0.073631
6.772,-0.073631
6.774,-0.073631
6.776,-0.073631
6.778,-0.073631
6.78,-0.073631
6.782,-0.073631
6.784,-0.073631
6.786,-0.073631
6.788,-0.073631
6.79,-0.073631
6.792,-0.073631
6.794,-0.073631
6.796,-0.073631
6.798,-0.073631
6.8,-0.073631
6.802,-0.073631
6.804,-0.073631
6.806,-0.073631
6.808,-0.073631
6.81,-0.073631
6.812,-0.073631
6.814,-0.073631
6.816,-0.073631
6.818,-0.073631
6.82,-0.070563
6.822,-0.070563
6.824,-0.070563
6.826,-0.070563
6.828,-0.070563
6.83,-0.070563
6.832,-0.070563
6.834,-0.070563
6.836,-0.070563
6.838,-0.070563
6.84,-0.070563
6.842,-0.070563
6.844,-0.070563
6.846,-0.070563
6.848,-0.070563
6.85,-0.070563
6.852,-0.070563
6.854,-0.070563
6.856,-0.070563
6.858,-0.070563
6.86,-0.070563
6.862,-0.070563
6.864,-0.070563
6.866,-0.070563
6.868,-0.070563
6.87,-0.070563
6.872,-0.070563
6.874,-0.070563
6.876,-0.070563
6.878,-0.070563
6.88,-0.070563
6.882,-0.070563
6.884,-0.070563
6.886,-0.070563
6.888,-0.070563
6.89,-0.070563
6.892,-0.070563
6.894,-0.073631
6.896,-0.073631
6.898,-0.073631
6.9,-0.073631
6.902,-0.073631
6.904,-0.073631
6.906,-0.073631
6.908,-0.073631
6.91,-0.073631
6.912,-0.073631
6.914,-0.073631
6.916,-0.073631
6.918,-0.076699
6.92,-0.076699
6.922,-0.076699
6.924,-0.076699
6.926,-0.076699
6.928,-0.076699
6.93,-0.076699
6.932,-0.076699
6.934,-0.076699
6.936,-0.076699
6.938,-0.076699
6.94,-0.076699
6.942,-0.076699
6.944,-0.076699
6.946,-0.076699
6.948,-0.076699
6.95,-0.076699
6.952,-0.076699
6.954,-0.076699
6.956,-0.076699
6.958,-0.076699
6.96,-0.076699
6.962,-0.076699
6.964,-0.076699
6.966,-0.076699
6.968,-0.076699
6.97,-0.076699
6.972,-0.076699
6.974,-0.076699
6.976,-0.076699
6.978,-0.076699
6.98,-0.076699
6.982,-0.076699
6.984,-0.076699
6.986,-0.076699
6.988,-0.076699
6.99,-0.076699
6.992,-0.076699
6.994,-0.076699
6.996,-0.076699
6.998,-0.076699
7,-0.076699
7.002,-0.076699
7.004,-0.076699
7.006,-0.076699
7.008,-0.076699
7.01,-0.076699
7.012,-0.076699
7.014,-0.076699
7.016,-0.076699
7.018,-0.076699
7.02,-0.076699
7.022,-0.076699
7.024,-0.076699
7.026,-0.076699
7.028,-0.076699
7.03,-0.076699
7.032,-0.076699
7.034,-0.076699
7.036,-0.076699
7.038,-0.076699
7.04,-0.076699
7.042,-0.076699
7.044,-0.076699
7.046,-0.076699
7.048,-0.076699
7.05,-0.076699
7.052,-0.076699
7.054,-0.076699
7.056,-0.076699
7.058,-0.076699
7.06,-0.076699
7.062,-0.076699
7.064,-0.076699
7.066,-0.076699
7.068,-0.076699
7.07,-0.076699
7.072,-0.076699
7.074,-0.076699
7.076,-0.076699
7.078,-0.076699
7.08,-0.076699
7.082,-0.076699
7.084,-0.076699
7.086,-0.076699
7.088,-0.076699
7.09,-0.076699
7.092,-0.076699
7.094,-0.076699
7.096,-0.076699
7.098,-0.076699
7.1,-0.076699
7.102,-0.076699
7.104,-0.076699
7.106,-0.076699
7.108,-0.076699
7.11,-0.076699
7.112,-0.076699
7.114,-0.076699
7.116,-0.076699
7.118,-0.076699
7.12,-0.076699
7.122,-0.076699
7.124,-0.076699
7.126,-0.076699
7.128,-0.076699
7.13,-0.076699
7.132,-0.076699
7.134,-0.076699
7.136,-0.076699
7.138,-0.076699
7.14,-0.076699
7.142,-0.076699
7.144,-0.076699
7.146,-0.076699
7.148,-0.076699
7.15,-0.076699
7.152,-0.076699
7.154,-0.076699
7.156,-0.076699
7.158,-0.076699
7.16,-0.076699
7.162,-0.076699
7.164,-0.076699
7.166,-0.076699
7.168,-0.076699
7.17,-0.076699
7.172,-0.076699
7.174,-0.076699
7.176,-0.076699
7.178,-0.076699
7.18,-0.076699
7.182,-0.076699
7.184,-0.076699
7.186,-0.076699
7.188,-0.076699
7.19,-0.076699
7.192,-0.076699
7.194,-0.076699
7.196,-0.076699
7.198,-0.076699
7.2,-0.076699
7.202,-0.076699
7.204,-0.076699
7.206,-0.076699
7.208,-0.076699
7.21,-0.076699
7.212,-0.076699
7.214,-0.076699
7.216,-0.076699
7.218,-0.076699
7.22,-0.076699
7.222,-0.076699
7.224,-0.076699
7.226,-0.076699
7.228,-0.076699
7.23,-0.076699
7.232,-0.076699
7.234,-0.076699
7.236,-0.076699
7.238,-0.076699
7.24,-0.076699
7.242,-0.076699
7.244,-0.076699
7.246,-0.076699
7.248,-0.076699
7.25,-0.076699
7.252,-0.076699
7.254,-0.076699
7.256,-0.076699
7.258,-0.076699
7.26,-0.076699
7.262,-0.076699
7.264,-0.076699
7.266,-0.076699
7.268,-0.076699
7.27,-0.076699
7.272,-0.076699
7.274,-0.076699
7.276,-0.076699
7.278,-0.076699
7.28,-0.076699
7.282,-0.076699
7.284,-0.076699
7.286,-0.076699
7.288,-0.076699
7.29,-0.076699
7.292,-0.076699
7.294,-0.076699
7.296,-0.076699
7.298,-0.076699
7.3,-0.076699
7.302,-0.076699
7.304,-0.076699
7.306,-0.076699
7.308,-0.076699
7.31,-0.076699
7.312,-0.076699
7.314,-0.076699
7.316,-0.076699
7.318,-0.076699
7.32,-0.076699
7.322,-0.076699
7.324,-0.076699
7.326,-0.076699
7.328,-0.076699
7.33,-0.076699
7.332,-0.076699
7.334,-0.076699
7.336,-0.076699
7.338,-0.076699
7.34,-0.076699
7.342,-0.076699
7.344,-0.076699
7.346,-0.076699
7.348,-0.076699
7.35,-0.076699
7.352,-0.076699
7.354,-0.076699
7.356,-0.076699
7.358,-0.076699
7.36,-0.076699
7.362,-0.076699
7.364,-0.076699
7.366,-0.076699
7.368,-0.076699
7.37,-0.076699
7.372,-0.076699
7.374,-0.076699
7.376,-0.076699
7.378,-0.076699
7.38,-0.076699
7.382,-0.076699
7.384,-0.076699
7.386,-0.076699
7.388,-0.076699
7.39,-0.076699
7.392,-0.076699
7.394,-0.076699
7.396,-0.076699
7.398,-0.076699
7.4,-0.076699
7.402,-0.076699
7.404,-0.076699
7.406,-0.076699
7.408,-0.076699
7.41,-0.076699
7.412,-0.076699
7.414,-0.076699
7.416,-0.076699
7.418,-0.076699
7.42,-0.076699
7.422,-0.076699
7.424,-0.076699
7.426,-0.076699
7.428,-0.076699
7.43,-0.076699
7.432,-0.076699
7.434,-0.076699
7.436,-0.076699
7.438,-0.076699
7.44,-0.076699
7.442,-0.076699
7.444,-0.076699
7.446,-0.076699
7.448,-0.076699
7.45,-0.076699
7.452,-0.076699
7.454,-0.076699
7.456,-0.076699
7.458,-0.076699
7.46,-0.076699
7.462,-0.076699
7.464,-0.076699
7.466,-0.076699
7.468,-0.076699
7.47,-0.076699
7.472,-0.076699
7.474,-0.076699
7.476,-0.076699
7.478,-0.076699
7.48,-0.076699
7.482,-0.076699
7.484,-0.076699
7.486,-0.076699
7.488,-0.076699
7.49,-0.076699
7.492,-0.076699
7.494,-0.076699
7.496,-0.076699
7.498,-0.076699
7.5,-0.076699
7.502,-0.076699
7.504,-0.076699
7.506,-0.076699
7.508,-0.076699
7.51,-0.076699
7.512,-0.076699
7.514,-0.076699
7.516,-0.076699
7.518,-0.076699
7.52,-0.076699
7.522,-0.076699
7.524,-0.076699
7.526,-0.076699
7.528,-0.076699
7.53,-0.076699
7.532,-0.076699
7.534,-0.076699
7.536,-0.076699
7.538,-0.076699
7.54,-0.076699
7.542,-0.076699
7.544,-0.076699
7.546,-0.076699
7.548,-0.076699
7.55,-0.076699
7.552,-0.076699
7.554,-0.076699
7.556,-0.076699
7.558,-0.076699
7.56,-0.076699
7.562,-0.076699
7.564,-0.076699
7.566,-0.076699
7.568,-0.076699
7.57,-0.076699
7.572,-0.076699
7.574,-0.076699
7.576,-0.076699
7.578,-0.076699
7.58,-0.076699
7.582,-0.076699
7.584,-0.076699
7.586,-0.076699
7.588,-0.076699
7.59,-0.076699
7.592,-0.076699
7.594,-0.076699
7.596,-0.076699
7.598,-0.076699
7.6,-0.076699
7.602,-0.076699
7.604,-0.076699
7.606,-0.076699
7.608,-0.076699
7.61,-0.076699
7.612,-0.076699
7.614,-0.076699
7.616,-0.076699
7.618,-0.076699
7.62,-0.076699
7.622,-0.076699
7.624,-0.076699
7.626,-0.076699
7.628,-0.076699
7.63,-0.076699
7.632,-0.076699
7.634,-0.076699
7.636,-0.076699
7.638,-0.076699
7.64,-0.076699
7.642,-0.076699
7.644,-0.076699
7.646,-0.076699
7.648,-0.076699
7.65,-0.076699
7.652,-0.076699
7.654,-0.076699
7.656,-0.076699
7.658,-0.076699
7.66,-0.076699
7.662,-0.076699
7.664,-0.076699
7.666,-0.076699
7.668,-0.076699
7.67,-0.076699
7.672,-0.076699
7.674,-0.076699
7.676,-0.076699
7.678,-0.076699
7.68,-0.076699
7.682,-0.076699
7.684,-0.076699
7.686,-0.076699
7.688,-0.076699
7.69,-0.076699
7.692,-0.076699
7.694,-0.076699
7.696,-0.076699
7.698,-0.076699
7.7,-0.076699
7.702,-0.076699
7.704,-0.076699
7.706,-0.076699
7.708,-0.076699
7.71,-0.076699
7.712,-0.076699
7.714,-0.076699
7.716,-0.076699
7.718,-0.076699
7.72,-0.076699
7.722,-0.076699
7.724,-0.076699
7.726,-0.076699
7.728,-0.076699
7.73,-0.076699
7.732,-0.076699
7.734,-0.076699
7.736,-0.076699
7.738,-0.076699
7.74,-0.076699
7.742,-0.076699
7.744,-0.076699
7.746,-0.076699
7.748,-0.076699
7.75,-0.076699
7.752,-0.076699
7.754,-0.076699
7.756,-0.076699
7.758,-0.076699
7.76,-0.076699
7.762,-0.076699
7.764,-0.076699
7.766,-0.076699
7.768,-0.076699
7.77,-0.076699
7.772,-0.076699
7.774,-0.076699
7.776,-0.076699
7.778,-0.076699
7.78,-0.076699
7.782,-0.076699
7.784,-0.076699
7.786,-0.076699
7.788,-0.076699
7.79,-0.076699
7.792,-0.076699
7.794,-0.076699
7.796,-0.076699
7.798,-0.076699
7.8,-0.076699
7.802,-0.076699
7.804,-0.076699
7.806,-0.076699
7.808,-0.076699
7.81,-0.076699
7.812,-0.076699
7.814,-0.076699
7.816,-0.076699
7.818,-0.076699
7.82,-0.076699
7.822,-0.076699
7.824,-0.076699
7.826,-0.076699
7.828,-0.076699
7.83,-0.076699
7.832,-0.076699
7.834,-0.076699
7.836,-0.076699
7.838,-0.076699
7.84,-0.076699
7.842,-0.076699
7.844,-0.076699
7.846,-0.076699
7.848,-0.076699
7.85,-0.076699
7.852,-0.076699
7.854,-0.076699
7.856,-0.076699
7.858,-0.076699
7.86,-0.076699
7.862,-0.076699
7.864,-0.076699
7.866,-0.076699
7.868,-0.076699
7.87,-0.076699
7.872,-0.076699
7.874,-0.076699
7.876,-0.076699
7.878,-0.076699
7.88,-0.076699
7.882,-0.076699
7.884,-0.076699
7.886,-0.076699
7.888,-0.076699
7.89,-0.076699
7.892,-0.076699
7.894,-0.076699
7.896,-0.076699
7.898,-0.076699
7.9,-0.076699
7.902,-0.076699
7.904,-0.076699
7.906,-0.076699
7.908,-0.076699
7.91,-0.076699
7.912,-0.076699
7.914,-0.076699
7.916,-0.076699
7.918,-0.076699
7.92,-0.076699
7.922,-0.076699
7.924,-0.076699
7.926,-0.076699
7.928,-0.076699
7.93,-0.076699
7.932,-0.076699
7.934,-0.076699
7.936,-0.076699
7.938,-0.076699
7.94,-0.076699
7.942,-0.076699
7.944,-0.076699
7.946,-0.076699
7.948,-0.076699
7.95,-0.076699
7.952,-0.076699
7.954,-0.076699
7.956,-0.076699
7.958,-0.076699
7.96,-0.076699
7.962,-0.076699
7.964,-0.076699
7.966,-0.076699
7.968,-0.076699
7.97,-0.076699
7.972,-0.076699
7.974,-0.076699
7.976,-0.076699
7.978,-0.076699
7.98,-0.076699
7.982,-0.076699
7.984,-0.076699
7.986,-0.076699
7.988,-0.076699
7.99,-0.076699
7.992,-0.076699
7.994,-0.076699
7.996,-0.076699
7.998,-0.076699
8,-0.076699
8.002,-0.076699
8.004,-0.076699
8.006,-0.076699
8.008,-0.076699
8.01,-0.076699
8.012,-0.076699
8.014,-0.076699
8.016,-0.076699
8.018,-0.076699
8.02,-0.076699
8.022,-0.076699
8.024,-0.076699
8.026,-0.076699
8.028,-0.076699
8.03,-0.076699
8.032,-0.076699
8.034,-0.076699
8.036,-0.076699
8.038,-0.076699
8.04,-0.076699
8.042,-0.076699
8.044,-0.076699
8.046,-0.076699
8.048,-0.076699
8.05,-0.076699
8.052,-0.076699
8.054,-0.076699
8.056,-0.076699
8.058,-0.076699
8.06,-0.076699
8.062,-0.076699
8.064,-0.076699
8.066,-0.076699
8.068,-0.076699
8.07,-0.076699
8.072,-0.076699
8.074,-0.076699
8.076,-0.076699
8.078,-0.076699
8.08,-0.076699
8.082,-0.076699
8.084,-0.076699
8.086,-0.076699
8.088,-0.076699
8.09,-0.076699
8.092,-0.076699
8.094,-0.076699
8.096,-0.076699
8.098,-0.076699
8.1,-0.076699
8.102,-0.076699
8.104,-0.076699
8.106,-0.076699
8.108,-0.076699
8.11,-0.076699
8.112,-0.076699
8.114,-0.076699
8.116,-0.076699
8.118,-0.076699
8.12,-0.076699
8.122,-0.076699
8.124,-0.076699
8.126,-0.076699
8.128,-0.076699
8.13,-0.076699
8.132,-0.076699
8.134,-0.076699
8.136,-0.076699
8.138,-0.076699
8.14,-0.076699
8.142,-0.076699
8.144,-0.076699
8.146,-0.076699
8.148,-0.076699
8.15,-0.076699
8.152,-0.076699
8.154,-0.076699
8.156,-0.076699
8.158,-0.076699
8.16,-0.076699
8.162,-0.076699
8.164,-0.076699
8.166,-0.076699
8.168,-0.076699
8.17,-0.076699
8.172,-0.076699
8.174,-0.076699
8.176,-0.076699
8.178,-0.076699
8.18,-0.076699
8.182,-0.073631
8.184,-0.073631
8.186,-0.073631
8.188,-0.073631
8.19,-0.073631
8.192,-0.073631
8.194,-0.073631
8.196,-0.070563
8.198,-0.070563
8.2,-0.070563
8.202,-0.070563
8.204,-0.070563
8.206,-0.067495
8.208,-0.067495
8.21,-0.067495
8.212,-0.067495
8.214,-0.067495
8.216,-0.067495
8.218,-0.064427
8.22,-0.064427
8.222,-0.064427
8.224,-0.064427
8.226,-0.064427
8.228,-0.064427
8.23,-0.064427
8.232,-0.064427
8.234,-0.064427
8.236,-0.064427
8.238,-0.064427
8.24,-0.064427
8.242,-0.064427
8.244,-0.064427
8.246,-0.064427
8.248,-0.064427
8.25,-0.064427
8.252,-0.064427
8.254,-0.064427
8.256,-0.064427
8.258,-0.064427
8.26,-0.064427
8.262,-0.064427
8.264,-0.064427
8.266,-0.064427
8.268,-0.064427
8.27,-0.064427
8.272,-0.064427
8.274,-0.064427
8.276,-0.064427
8.278,-0.064427
8.28,-0.064427
8.282,-0.064427
8.284,-0.064427
8.286,-0.064427
8.288,-0.064427
8.29,-0.064427
8.292,-0.064427
8.294,-0.064427
8.296,-0.064427
8.298,-0.064427
8.3,-0.064427
8.302,-0.064427
8.304,-0.064427
8.306,-0.064427
8.308,-0.064427
8.31,-0.064427
8.312,-0.064427
8.314,-0.064427
8.316,-0.064427
8.318,-0.064427
8.32,-0.064427
8.322,-0.064427
8.324,-0.064427
8.326,-0.064427
8.328,-0.064427
8.33,-0.064427
8.332,-0.064427
8.334,-0.064427
8.336,-0.064427
8.338,-0.064427
8.34,-0.064427
8.342,-0.064427
8.344,-0.064427
8.346,-0.064427
8.348,-0.064427
8.35,-0.064427
8.352,-0.064427
8.354,-0.064427
8.356,-0.064427
8.358,-0.064427
8.36,-0.067495
8.362,-0.067495
8.364,-0.067495
8.366,-0.067495
8.368,-0.067495
8.37,-0.067495
8.372,-0.067495
8.374,-0.067495
8.376,-0.067495
8.378,-0.067495
8.38,-0.067495
8.382,-0.067495
8.384,-0.067495
8.386,-0.067495
8.388,-0.067495
8.39,-0.067495
8.392,-0.067495
8.394,-0.067495
8.396,-0.067495
8.398,-0.067495
8.4,-0.067495
8.402,-0.067495
8.404,-0.067495
8.406,-0.067495
8.408,-0.067495
8.41,-0.067495
8.412,-0.067495
8.414,-0.067495
8.416,-0.067495
8.418,-0.067495
8.42,-0.067495
8.422,-0.067495
8.424,-0.067495
8.426,-0.067495
8.428,-0.067495
8.43,-0.067495
8.432,-0.067495
8.434,-0.067495
8.436,-0.067495
8.438,-0.067495
8.44,-0.067495
8.442,-0.067495
8.444,-0.067495
8.446,-0.067495
8.448,-0.067495
8.45,-0.067495
8.452,-0.067495
8.454,-0.067495
8.456,-0.067495
8.458,-0.067495
8.46,-0.067495
8.462,-0.067495
8.464,-0.067495
8.466,-0.067495
8.468,-0.067495
8.47,-0.067495
8.472,-0.067495
8.474,-0.067495
8.476,-0.067495
8.478,-0.067495
8.48,-0.067495
8.482,-0.067495
8.484,-0.067495
8.486,-0.067495
8.488,-0.067495
8.49,-0.067495
8.492,-0.067495
8.494,-0.067495
8.496,-0.067495
8.498,-0.067495
8.5,-0.067495
8.502,-0.067495
8.504,-0.067495
8.506,-0.067495
8.508,-0.067495
8.51,-0.067495
8.512,-0.067495
8.514,-0.067495
8.516,-0.067495
8.518,-0.067495
8.52,-0.067495
8.522,-0.067495
8.524,-0.067495
8.526,-0.067495
8.528,-0.067495
8.53,-0.067495
8.532,-0.067495
8.534,-0.067495
8.536,-0.067495
8.538,-0.067495
8.54,-0.067495
8.542,-0.067495
8.544,-0.067495
8.546,-0.067495
8.548,-0.067495
8.55,-0.067495
8.552,-0.067495
8.554,-0.067495
8.556,-0.067495
8.558,-0.067495
8.56,-0.067495
8.562,-0.067495
8.564,-0.067495
8.566,-0.067495
8.568,-0.067495
8.57,-0.067495
8.572,-0.067495
8.574,-0.067495
8.576,-0.067495
8.578,-0.067495
8.58,-0.067495
8.582,-0.067495
8.584,-0.067495
8.586,-0.067495
8.588,-0.067495
8.59,-0.067495
8.592,-0.067495
8.594,-0.067495
8.596,-0.067495
8.598,-0.067495
8.6,-0.067495
8.602,-0.067495
8.604,-0.067495
8.606,-0.067495
8.608,-0.067495
8.61,-0.067495
8.612,-0.067495
8.614,-0.067495
8.616,-0.067495
8.618,-0.067495
8.62,-0.067495
8.622,-0.067495
8.624,-0.067495
8.626,-0.067495
8.628,-0.067495
8.63,-0.067495
8.632,-0.067495
8.634,-0.067495
8.636,-0.067495
8.638,-0.067495
8.64,-0.067495
8.642,-0.067495
8.644,-0.067495
8.646,-0.067495
8.648,-0.067495
8.65,-0.067495
8.652,-0.067495
8.654,-0.067495
8.656,-0.067495
8.658,-0.067495
8.66,-0.067495
8.662,-0.067495
8.664,-0.067495
8.666,-0.067495
8.668,-0.067495
8.67,-0.067495
8.672,-0.067495
8.674,-0.067495
8.676,-0.067495
8.678,-0.067495
8.68,-0.067495
8.682,-0.067495
8.684,-0.067495
8.686,-0.067495
8.688,-0.067495
8.69,-0.067495
8.692,-0.067495
8.694,-0.067495
8.696,-0.067495
8.698,-0.067495
8.7,-0.067495
8.702,-0.067495
8.704,-0.067495
8.706,-0.067495
8.708,-0.067495
8.71,-0.067495
8.712,-0.067495
8.714,-0.067495
8.716,-0.067495
8.718,-0.067495
8.72,-0.067495
8.722,-0.067495
8.724,-0.067495
8.726,-0.067495
8.728,-0.067495
8.73,-0.067495
8.732,-0.067495
8.734,-0.067495
8.736,-0.067495
8.738,-0.067495
8.74,-0.067495
8.742,-0.067495
8.744,-0.067495
8.746,-0.067495
8.748,-0.067495
8.75,-0.067495
8.752,-0.067495
8.754,-0.067495
8.756,-0.070563
8.758,-0.070563
8.76,-0.070563
8.762,-0.070563
8.764,-0.070563
8.766,-0.070563
8.768,-0.070563
8.77,-0.073631
8.772,-0.073631
8.774,-0.073631
8.776,-0.073631
8.778,-0.073631
8.78,-0.073631
8.782,-0.073631
8.784,-0.073631
8.786,-0.073631
8.788,-0.073631
8.79,-0.073631
8.792,-0.073631
8.794,-0.076699
8.796,-0.076699
8.798,-0.076699
8.8,-0.076699
8.802,-0.076699
8.804,-0.076699
8.806,-0.076699
8.808,-0.076699
8.81,-0.076699
8.812,-0.076699
8.814,-0.076699
8.816,-0.076699
8.818,-0.076699
8.82,-0.076699
8.822,-0.076699
8.824,-0.076699
8.826,-0.076699
8.828,-0.076699
8.83,-0.076699
8.832,-0.076699
8.834,-0.076699
8.836,-0.076699
8.838,-0.076699
8.84,-0.076699
8.842,-0.076699
8.844,-0.076699
8.846,-0.076699
8.848,-0.076699
8.85,-0.076699
8.852,-0.076699
8.854,-0.076699
8.856,-0.076699
8.858,-0.076699
8.86,-0.076699
8.862,-0.076699
8.864,-0.076699
8.866,-0.076699
8.868,-0.076699
8.87,-0.076699
8.872,-0.076699
8.874,-0.076699
8.876,-0.076699
8.878,-0.076699
8.88,-0.076699
8.882,-0.076699
8.884,-0.076699
8.886,-0.076699
8.888,-0.076699
8.89,-0.076699
8.892,-0.076699
8.894,-0.076699
8.896,-0.076699
8.898,-0.076699
8.9,-0.076699
8.902,-0.076699
8.904,-0.076699
8.906,-0.076699
8.908,-0.076699
8.91,-0.076699
8.912,-0.076699
8.914,-0.076699
8.916,-0.076699
8.918,-0.076699
8.92,-0.076699
8.922,-0.076699
8.924,-0.076699
8.926,-0.076699
8.928,-0.076699
8.93,-0.076699
8.932,-0.076699
8.934,-0.076699
8.936,-0.076699
8.938,-0.076699
8.94,-0.076699
8.942,-0.076699
8.944,-0.076699
8.946,-0.076699
8.948,-0.076699
8.95,-0.076699
8.952,-0.076699
8.954,-0.076699
8.956,-0.076699
8.958,-0.076699
8.96,-0.076699
8.962,-0.076699
8.964,-0.076699
8.966,-0.076699
8.968,-0.076699
8.97,-0.076699
8.972,-0.076699
8.974,-0.076699
8.976,-0.076699
8.978,-0.076699
8.98,-0.076699
8.982,-0.076699
8.984,-0.076699
8.986,-0.076699
8.988,-0.076699
8.99,-0.076699
8.992,-0.076699
8.994,-0.076699
8.996,-0.076699
8.998,-0.076699
9,-0.076699
9.002,-0.076699
9.004,-0.076699
9.006,-0.076699
9.008,-0.076699
9.01,-0.076699
9.012,-0.076699
9.014,-0.076699
9.016,-0.076699
9.018,-0.076699
9.02,-0.076699
9.022,-0.076699
9.024,-0.076699
9.026,-0.076699
9.028,-0.076699
9.03,-0.076699
9.032,-0.076699
9.034,-0.076699
9.036,-0.076699
9.038,-0.076699
9.04,-0.076699
9.042,-0.076699
9.044,-0.076699
9.046,-0.076699
9.048,-0.076699
9.05,-0.076699
9.052,-0.076699
9.054,-0.076699
9.056,-0.076699
9.058,-0.076699
9.06,-0.076699
9.062,-0.076699
9.064,-0.076699
9.066,-0.076699
9.068,-0.073631
9.07,-0.073631
9.072,-0.073631
9.074,-0.073631
9.076,-0.073631
9.078,-0.073631
9.08,-0.073631
9.082,-0.070563
9.084,-0.070563
9.086,-0.070563
9.088,-0.070563
9.09,-0.070563
9.092,-0.067495
9.094,-0.067495
9.096,-0.067495
9.098,-0.067495
9.1,-0.067495
9.102,-0.064427
9.104,-0.064427
9.106,-0.064427
9.108,-0.064427
9.11,-0.064427
9.112,-0.064427
9.114,-0.064427
9.116,-0.064427
9.118,-0.064427
9.12,-0.064427
9.122,-0.064427
9.124,-0.064427
9.126,-0.064427
9.128,-0.064427
9.13,-0.064427
9.132,-0.064427
9.134,-0.064427
9.136,-0.064427
9.138,-0.064427
9.14,-0.064427
9.142,-0.064427
9.144,-0.064427
9.146,-0.064427
9.148,-0.064427
9.15,-0.064427
9.152,-0.064427
9.154,-0.064427
9.156,-0.064427
9.158,-0.064427
9.16,-0.064427
9.162,-0.064427
9.164,-0.064427
9.166,-0.064427
9.168,-0.064427
9.17,-0.064427
9.172,-0.064427
9.174,-0.064427
9.176,-0.064427
9.178,-0.064427
9.18,-0.064427
9.182,-0.064427
9.184,-0.064427
9.186,-0.064427
9.188,-0.064427
9.19,-0.064427
9.192,-0.064427
9.194,-0.064427
9.196,-0.064427
9.198,-0.064427
9.2,-0.064427
9.202,-0.064427
9.204,-0.064427
9.206,-0.064427
9.208,-0.064427
9.21,-0.064427
9.212,-0.064427
9.214,-0.064427
9.216,-0.064427
9.218,-0.064427
9.22,-0.064427
9.222,-0.064427
9.224,-0.064427
9.226,-0.064427
9.228,-0.064427
9.23,-0.064427
9.232,-0.064427
9.234,-0.064427
9.236,-0.064427
9.238,-0.064427
9.24,-0.064427
9.242,-0.064427
9.244,-0.067495
9.246,-0.067495
9.248,-0.067495
9.25,-0.067495
9.252,-0.067495
9.254,-0.067495
9.256,-0.067495
9.258,-0.067495
9.26,-0.067495
9.262,-0.067495
9.264,-0.067495
9.266,-0.067495
9.268,-0.067495
9.27,-0.067495
9.272,-0.067495
9.274,-0.067495
9.276,-0.067495
9.278,-0.067495
9.28,-0.067495
9.282,-0.067495
9.284,-0.067495
9.286,-0.067495
9.288,-0.067495
9.29,-0.067495
9.292,-0.067495
9.294,-0.067495
9.296,-0.067495
9.298,-0.067495
9.3,-0.067495
9.302,-0.067495
9.304,-0.067495
9.306,-0.067495
9.308,-0.067495
9.31,-0.067495
9.312,-0.067495
9.314,-0.067495
9.316,-0.067495
9.318,-0.067495
9.32,-0.067495
9.322,-0.067495
9.324,-0.067495
9.326,-0.067495
9.328,-0.067495
9.33,-0.067495
9.332,-0.067495
9.334,-0.067495
9.336,-0.067495
9.338,-0.067495
9.34,-0.067495
9.342,-0.067495
9.344,-0.067495
9.346,-0.067495
9.348,-0.067495
9.35,-0.067495
9.352,-0.067495
9.354,-0.067495
9.356,-0.067495
9.358,-0.067495
9.36,-0.067495
9.362,-0.067495
9.364,-0.067495
9.366,-0.067495
9.368,-0.067495
9.37,-0.067495
9.372,-0.067495
9.374,-0.067495
9.376,-0.067495
9.378,-0.067495
9.38,-0.067495
9.382,-0.067495
9.384,-0.067495
9.386,-0.067495
9.388,-0.067495
9.39,-0.067495
9.392,-0.067495
9.394,-0.067495
9.396,-0.067495
9.398,-0.067495
9.4,-0.067495
9.402,-0.067495
9.404,-0.067495
9.406,-0.067495
9.408,-0.067495
9.41,-0.067495
9.412,-0.067495
9.414,-0.067495
9.416,-0.067495
9.418,-0.067495
9.42,-0.067495
9.422,-0.067495
9.424,-0.067495
9.426,-0.067495
9.428,-0.067495
9.43,-0.067495
9.432,-0.067495
9.434,-0.067495
9.436,-0.067495
9.438,-0.067495
9.44,-0.067495
9.442,-0.067495
9.444,-0.067495
9.446,-0.067495
9.448,-0.067495
9.45,-0.067495
9.452,-0.067495
9.454,-0.067495
9.456,-0.067495
9.458,-0.067495
9.46,-0.067495
9.462,-0.067495
9.464,-0.067495
9.466,-0.070563
9.468,-0.070563
9.47,-0.070563
9.472,-0.070563
9.474,-0.070563
9.476,-0.070563
9.478,-0.070563
9.48,-0.070563
9.482,-0.073631
9.484,-0.073631
9.486,-0.073631
9.488,-0.073631
9.49,-0.073631
9.492,-0.073631
9.494,-0.073631
9.496,-0.073631
9.498,-0.076699
9.5,-0.076699
9.502,-0.076699
9.504,-0.076699
9.506,-0.076699
9.508,-0.076699
9.51,-0.076699
9.512,-0.076699
9.514,-0.076699
9.516,-0.076699
9.518,-0.076699
9.52,-0.076699
9.522,-0.076699
9.524,-0.076699
9.526,-0.076699
9.528,-0.076699
9.53,-0.076699
9.532,-0.076699
9.534,-0.076699
9.536,-0.076699
9.538,-0.076699
9.54,-0.076699
9.542,-0.076699
9.544,-0.076699
9.546,-0.076699
9.548,-0.076699
9.55,-0.076699
9.552,-0.076699
9.554,-0.076699
9.556,-0.073631
9.558,-0.073631
9.56,-0.073631
9.562,-0.073631
9.564,-0.073631
9.566,-0.073631
9.568,-0.073631
9.57,-0.073631
9.572,-0.073631
9.574,-0.073631
9.576,-0.073631
9.578,-0.073631
9.58,-0.073631
9.582,-0.073631
9.584,-0.073631
9.586,-0.073631
9.588,-0.073631
9.59,-0.073631
9.592,-0.073631
9.594,-0.073631
9.596,-0.073631
9.598,-0.073631
9.6,-0.073631
9.602,-0.073631
9.604,-0.073631
9.606,-0.073631
9.608,-0.073631
9.61,-0.073631
9.612,-0.073631
9.614,-0.073631
9.616,-0.073631
9.618,-0.073631
9.62,-0.073631
9.622,-0.073631
9.624,-0.073631
9.626,-0.073631
9.628,-0.073631
9.63,-0.073631
9.632,-0.073631
9.634,-0.073631
9.636,-0.073631
9.638,-0.073631
9.64,-0.073631
9.642,-0.073631
9.644,-0.073631
9.646,-0.073631
9.648,-0.073631
9.65,-0.073631
9.652,-0.073631
9.654,-0.073631
9.656,-0.073631
9.658,-0.073631
9.66,-0.073631
9.662,-0.073631
9.664,-0.073631
9.666,-0.073631
9.668,-0.073631
9.67,-0.073631
9.672,-0.073631
9.674,-0.073631
9.676,-0.073631
9.678,-0.073631
9.68,-0.073631
9.682,-0.073631
9.684,-0.073631
9.686,-0.073631
9.688,-0.073631
9.69,-0.076699
9.692,-0.076699
9.694,-0.076699
9.696,-0.076699
9.698,-0.076699
9.7,-0.076699
9.702,-0.076699
9.704,-0.076699
9.706,-0.079767
9.708,-0.079767
9.71,-0.079767
9.712,-0.079767
9.714,-0.079767
9.716,-0.082835
9.718,-0.082835
9.72,-0.082835
9.722,-0.082835
9.724,-0.082835
9.726,-0.082835
9.728,-0.082835
9.73,-0.082835
9.732,-0.085903
9.734,-0.085903
9.736,-0.085903
9.738,-0.085903
9.74,-0.085903
9.742,-0.085903
9.744,-0.085903
9.746,-0.085903
9.748,-0.085903
9.75,-0.085903
9.752,-0.085903
9.754,-0.085903
9.756,-0.085903
9.758,-0.085903
9.76,-0.085903
9.762,-0.085903
9.764,-0.085903
9.766,-0.085903
9.768,-0.085903
9.77,-0.085903
9.772,-0.085903
9.774,-0.085903
9.776,-0.082835
9.778,-0.082835
9.78,-0.082835
9.782,-0.082835
9.784,-0.082835
9.786,-0.082835
9.788,-0.082835
9.79,-0.082835
9.792,-0.082835
9.794,-0.082835
9.796,-0.082835
9.798,-0.082835
9.8,-0.082835
9.802,-0.082835
9.804,-0.082835
9.806,-0.082835
9.808,-0.082835
9.81,-0.082835
9.812,-0.082835
9.814,-0.082835
9.816,-0.082835
9.818,-0.082835
9.82,-0.082835
9.822,-0.082835
9.824,-0.082835
9.826,-0.082835
9.828,-0.082835
9.83,-0.082835
9.832,-0.082835
9.834,-0.082835
9.836,-0.082835
9.838,-0.085903
9.84,-0.085903
9.842,-0.085903
9.844,-0.085903
9.846,-0.085903
9.848,-0.085903
9.85,-0.085903
9.852,-0.085903
9.854,-0.085903
9.856,-0.085903
9.858,-0.085903
9.86,-0.085903
9.862,-0.085903
9.864,-0.085903
9.866,-0.085903
9.868,-0.085903
9.87,-0.085903
9.872,-0.085903
9.874,-0.085903
9.876,-0.085903
9.878,-0.085903
9.88,-0.085903
9.882,-0.085903
9.884,-0.085903
9.886,-0.085903
9.888,-0.085903
9.89,-0.085903
9.892,-0.085903
9.894,-0.085903
9.896,-0.085903
9.898,-0.085903
9.9,-0.085903
9.902,-0.085903
9.904,-0.085903
9.906,-0.085903
9.908,-0.085903
9.91,-0.085903
9.912,-0.085903
9.914,-0.085903
9.916,-0.085903
9.918,-0.085903
9.92,-0.085903
9.922,-0.085903
9.924,-0.085903
9.926,-0.085903
9.928,-0.085903
9.93,-0.085903
9.932,-0.085903
9.934,-0.085903
9.936,-0.085903
9.938,-0.085903
9.94,-0.085903
9.942,-0.085903
9.944,-0.085903
9.946,-0.085903
9.948,-0.085903
9.95,-0.085903
9.952,-0.085903
9.954,-0.085903
9.956,-0.085903
9.958,-0.085903
9.96,-0.085903
9.962,-0.085903
9.964,-0.085903
9.966,-0.085903
9.968,-0.085903
9.97,-0.085903
9.972,-0.085903
9.974,-0.085903
9.976,-0.085903
9.978,-0.085903
9.98,-0.085903
9.982,-0.085903
9.984,-0.085903
9.986,-0.085903
9.988,-0.085903
9.99,-0.085903
9.992,-0.085903
9.994,-0.085903
9.996,-0.085903
9.998,-0.085903
10,-0.085903
