0,0.19309
0.002,0.1927
0.004,0.19232
0.006,0.19193
0.008,0.19461
0.01,0.19423
0.012,0.19384
0.014,0.19345
0.016,0.19306
0.018,0.19268
0.02,0.19229
0.022,0.19191
0.024,0.19459
0.026,0.1942
0.028,0.19381
0.03,0.19343
0.032,0.19611
0.034,0.19571
0.036,0.19532
0.038,0.198
0.04,0.1976
0.042,0.19721
0.044,0.19681
0.046,0.19948
0.048,0.19909
0.05,0.19869
0.052,0.19829
0.054,0.20096
0.056,0.20056
0.058,0.20016
0.06,0.20282
0.062,0.20242
0.064,0.20201
0.066,0.20161
0.068,0.20121
0.07,0.2008
0.072,0.2004
0.074,0.19694
0.076,0.19654
0.078,0.19309
0.08,0.1927
0.082,0.18925
0.084,0.18581
0.086,0.18237
0.088,0.17894
0.09,0.17552
0.092,0.16904
0.094,0.16564
0.096,0.15918
0.098,0.15273
0.1,0.14629
0.102,0.13987
0.104,0.13346
0.106,0.12707
0.108,0.11762
0.11,0.11125
0.112,0.10184
0.114,0.092437
0.116,0.083058
0.118,0.073697
0.12,0.064355
0.122,0.055032
0.124,0.042662
0.126,0.033382
0.128,0.024121
0.13,0.011813
0.132,-0.00047
0.134,-0.0096638
0.136,-0.021904
0.138,-0.03412
0.14,-0.046311
0.142,-0.058478
0.144,-0.070621
0.146,-0.08274
0.148,-0.094834
0.15,-0.10384
0.152,-0.11589
0.154,-0.12792
0.156,-0.13992
0.158,-0.1519
0.16,-0.16386
0.162,-0.17273
0.164,-0.18464
0.166,-0.19347
0.168,-0.20534
0.17,-0.21719
0.172,-0.22595
0.174,-0.23776
0.176,-0.24648
0.178,-0.25824
0.18,-0.26692
0.182,-0.27558
0.184,-0.28423
0.186,-0.29592
0.188,-0.30452
0.19,-0.31311
0.192,-0.32168
0.194,-0.33023
0.196,-0.33877
0.198,-0.34422
0.2,-0.35273
0.202,-0.36122
0.204,-0.36969
0.206,-0.37815
0.208,-0.38658
0.21,-0.39194
0.212,-0.39729
0.214,-0.40569
0.216,-0.41101
0.218,-0.41938
0.22,-0.42774
0.222,-0.43301
0.224,-0.44134
0.226,-0.44659
0.228,-0.45183
0.23,-0.46012
0.232,-0.46533
0.234,-0.47053
0.236,-0.47572
0.238,-0.48397
0.24,-0.48913
0.242,-0.49428
0.244,-0.49942
0.246,-0.50455
0.248,-0.51274
0.25,-0.51785
0.252,-0.52294
0.254,-0.52803
0.256,-0.5331
0.258,-0.53817
0.26,-0.54322
0.262,-0.54827
0.264,-0.55636
0.266,-0.55832
0.268,-0.5664
0.27,-0.56833
0.272,-0.57639
0.274,-0.5783
0.276,-0.58634
0.278,-0.58824
0.28,-0.59625
0.282,-0.59813
0.284,-0.60613
0.286,-0.60798
0.288,-0.61596
0.29,-0.6178
0.292,-0.62576
0.294,-0.62757
0.296,-0.63245
0.298,-0.63731
0.3,-0.64217
0.302,-0.64395
0.304,-0.64879
0.306,-0.65056
0.308,-0.65539
0.31,-0.65715
0.312,-0.66197
0.314,-0.66371
0.316,-0.66545
0.318,-0.66718
0.32,-0.66891
0.322,-0.67064
0.324,-0.6693
0.326,-0.67103
0.328,-0.67275
0.33,-0.67141
0.332,-0.67007
0.334,-0.67179
0.336,-0.67045
0.338,-0.66911
0.34,-0.66778
0.342,-0.66644
0.344,-0.66204
0.346,-0.66072
0.348,-0.65634
0.35,-0.65196
0.352,-0.64759
0.354,-0.6463
0.356,-0.63888
0.358,-0.63454
0.36,-0.62714
0.362,-0.61976
0.364,-0.61545
0.366,-0.60809
0.368,-0.60075
0.37,-0.59035
0.372,-0.57998
0.374,-0.57269
0.376,-0.56235
0.378,-0.54897
0.38,-0.53868
0.382,-0.52841
0.384,-0.51509
0.386,-0.5018
0.388,-0.48854
0.39,-0.4753
0.392,-0.4621
0.394,-0.44891
0.396,-0.43576
0.398,-0.41956
0.4,-0.40646
0.402,-0.39033
0.404,-0.37729
0.406,-0.36427
0.408,-0.34822
0.41,-0.33527
0.412,-0.32234
0.414,-0.30943
0.416,-0.29656
0.418,-0.2837
0.42,-0.27394
0.422,-0.26113
0.424,-0.25142
0.426,-0.24172
0.428,-0.23204
0.43,-0.21932
0.432,-0.20969
0.434,-0.20314
0.436,-0.19354
0.438,-0.18396
0.44,-0.17746
0.442,-0.16791
0.444,-0.16144
0.446,-0.15499
0.448,-0.14549
0.45,-0.13907
0.452,-0.13266
0.454,-0.12627
0.456,-0.11988
0.458,-0.11658
0.46,-0.11022
0.462,-0.10387
0.464,-0.10059
0.466,-0.094263
0.468,-0.091009
0.47,-0.084698
0.472,-0.078399
0.474,-0.075177
0.476,-0.071962
0.478,-0.065689
0.48,-0.062492
0.482,-0.059303
0.484,-0.056119
0.486,-0.052942
0.488,-0.046707
0.49,-0.043548
0.492,-0.040397
0.494,-0.037251
0.496,-0.031047
0.498,-0.02792
0.5,-0.027864
0.502,-0.021679
0.504,-0.01857
0.506,-0.015468
0.508,-0.012373
0.51,-0.009283
0.512,-0.0061995
0.514,-0.0031222
0.516,-5.109e-05
0.518,0.0030139
0.52,0.0060728
0.522,0.0091255
0.524,0.012172
0.526,0.015213
0.528,0.018247
0.53,0.021276
0.532,0.024298
0.534,0.030379
0.536,0.030319
0.538,0.033323
0.54,0.036321
0.542,0.042379
0.544,0.045359
0.546,0.048333
0.548,0.051301
0.55,0.054264
0.552,0.05722
0.554,0.060171
0.556,0.063115
0.558,0.066054
0.56,0.068987
0.562,0.071914
0.564,0.0779
0.566,0.08081
0.568,0.080648
0.57,0.083552
0.572,0.089515
0.574,0.089336
0.576,0.092222
0.578,0.095103
0.58,0.097978
0.582,0.10085
0.584,0.10371
0.586,0.1035
0.588,0.10636
0.59,0.10615
0.592,0.109
0.594,0.10878
0.596,0.11163
0.598,0.11141
0.6,0.11119
0.602,0.11403
0.604,0.1138
0.606,0.11357
0.608,0.11335
0.61,0.11312
0.612,0.11289
0.614,0.11267
0.616,0.10938
0.618,0.10916
0.62,0.10588
0.622,0.10567
0.624,0.10239
0.626,0.09912
0.628,0.095857
0.63,0.0926
0.632,0.08935
0.634,0.086107
0.636,0.079805
0.638,0.073516
0.64,0.070304
0.642,0.064034
0.644,0.057776
0.646,0.048466
0.648,0.042239
0.65,0.03296
0.652,0.0237
0.654,0.014458
0.656,0.0052341
0.658,-0.003971
0.66,-0.016223
0.662,-0.02845
0.664,-0.040653
0.666,-0.055896
0.668,-0.071109
0.67,-0.086291
0.672,-0.10144
0.674,-0.11656
0.676,-0.13472
0.678,-0.14978
0.68,-0.17093
0.682,-0.18898
0.684,-0.20699
0.686,-0.22497
0.688,-0.24291
0.69,-0.26081
0.692,-0.27868
0.694,-0.29958
0.696,-0.3143
0.698,-0.33206
0.7,-0.34979
0.702,-0.36442
0.704,-0.37901
0.706,-0.39358
0.708,-0.40812
0.71,-0.42263
0.712,-0.43404
0.714,-0.44543
0.716,-0.4568
0.718,-0.46815
0.72,-0.47947
0.722,-0.48771
0.724,-0.499
0.726,-0.50719
0.728,-0.51538
0.73,-0.52048
0.732,-0.52863
0.734,-0.53677
0.736,-0.54183
0.738,-0.54994
0.74,-0.55497
0.742,-0.55999
0.744,-0.565
0.746,-0.57
0.748,-0.57499
0.75,-0.57997
0.752,-0.58188
0.754,-0.58685
0.756,-0.5918
0.758,-0.59369
0.76,-0.59863
0.762,-0.6005
0.764,-0.60236
0.766,-0.60729
0.768,-0.60914
0.77,-0.61099
0.772,-0.61283
0.774,-0.61467
0.776,-0.61651
0.778,-0.61834
0.78,-0.62017
0.782,-0.622
0.784,-0.62382
0.786,-0.62564
0.788,-0.62746
0.79,-0.62927
0.792,-0.63107
0.794,-0.63288
0.796,-0.63161
0.798,-0.63342
0.8,-0.63522
0.802,-0.63701
0.804,-0.6388
0.806,-0.64059
0.808,-0.64238
0.81,-0.64109
0.812,-0.64288
0.814,-0.64466
0.816,-0.64337
0.818,-0.64515
0.82,-0.64693
0.822,-0.6487
0.824,-0.65047
0.826,-0.65223
0.828,-0.65399
0.83,-0.65269
0.832,-0.65445
0.834,-0.65621
0.836,-0.65489
0.838,-0.65665
0.84,-0.6584
0.842,-0.66015
0.844,-0.65883
0.846,-0.66058
0.848,-0.65926
0.85,-0.66101
0.852,-0.66275
0.854,-0.66143
0.856,-0.66317
0.858,-0.66185
0.86,-0.66359
0.862,-0.66227
0.864,-0.66401
0.866,-0.66268
0.868,-0.66442
0.87,-0.66309
0.872,-0.66483
0.874,-0.66351
0.876,-0.66218
0.878,-0.66086
0.88,-0.6626
0.882,-0.66128
0.884,-0.65996
0.886,-0.65864
0.888,-0.65732
0.89,-0.65601
0.892,-0.6547
0.894,-0.65339
0.896,-0.65208
0.898,-0.65078
0.9,-0.64948
0.902,-0.64818
0.904,-0.64689
0.906,-0.64253
0.908,-0.64125
0.91,-0.63997
0.912,-0.63562
0.914,-0.63435
0.916,-0.63002
0.918,-0.6257
0.92,-0.62138
0.922,-0.61707
0.924,-0.61278
0.926,-0.60849
0.928,-0.60421
0.93,-0.59994
0.932,-0.59261
0.934,-0.58836
0.936,-0.58105
0.938,-0.57376
0.94,-0.56649
0.942,-0.55922
0.944,-0.55198
0.946,-0.54474
0.948,-0.53446
0.95,-0.5242
0.952,-0.51702
0.954,-0.50373
0.956,-0.49353
0.958,-0.48335
0.96,-0.47012
0.962,-0.45692
0.964,-0.44375
0.966,-0.42754
0.968,-0.41443
0.97,-0.39827
0.972,-0.37909
0.974,-0.36301
0.976,-0.34389
0.978,-0.32481
0.98,-0.30271
0.982,-0.28372
0.984,-0.2617
0.986,-0.23665
0.988,-0.21166
0.99,-0.18978
0.992,-0.16489
0.994,-0.14004
0.996,-0.11217
0.998,-0.08743
1,-0.062737
1.002,-0.038092
1.004,-0.013497
1.006,0.011049
1.008,0.032482
1.01,0.056936
1.012,0.078276
1.014,0.096509
1.016,0.11777
1.018,0.13592
1.02,0.15404
1.022,0.17212
1.024,0.1871
1.026,0.20512
1.028,0.22004
1.03,0.23492
1.032,0.24671
1.034,0.26154
1.036,0.27328
1.038,0.28499
1.04,0.29668
1.042,0.30528
1.044,0.31693
1.046,0.3255
1.048,0.3371
1.05,0.34563
1.052,0.35107
1.054,0.35956
1.056,0.36803
1.058,0.37649
1.06,0.38187
1.062,0.3903
1.064,0.39565
1.066,0.40099
1.068,0.40632
1.07,0.4147
1.072,0.42001
1.074,0.4253
1.076,0.43058
1.078,0.43585
1.08,0.43804
1.082,0.44329
1.084,0.44854
1.086,0.45377
1.088,0.45593
1.09,0.46115
1.092,0.46636
1.094,0.46849
1.096,0.47368
1.098,0.4758
1.1,0.47792
1.102,0.48309
1.104,0.48519
1.106,0.49035
1.108,0.49244
1.11,0.49452
1.112,0.49966
1.114,0.50173
1.116,0.50379
1.118,0.50585
1.12,0.51097
1.122,0.51301
1.124,0.51505
1.126,0.51709
1.128,0.51912
1.13,0.52115
1.132,0.52623
1.134,0.52825
1.136,0.53026
1.138,0.53226
1.14,0.53426
1.142,0.53626
1.144,0.53825
1.146,0.54024
1.148,0.54223
1.15,0.54421
1.152,0.54619
1.154,0.54816
1.156,0.5532
1.158,0.55516
1.16,0.55405
1.162,0.55907
1.164,0.56102
1.166,0.56296
1.168,0.5649
1.17,0.56684
1.172,0.56877
1.174,0.5707
1.176,0.57262
1.178,0.57454
1.18,0.57646
1.182,0.57837
1.184,0.58028
1.186,0.58219
1.188,0.58409
1.19,0.58599
1.192,0.58788
1.194,0.59284
1.196,0.59472
1.198,0.5966
1.2,0.59847
1.202,0.60034
1.204,0.6022
1.206,0.60406
1.208,0.60592
1.21,0.60778
1.212,0.60963
1.214,0.61454
1.216,0.61638
1.218,0.61821
1.22,0.62004
1.222,0.62187
1.224,0.62369
1.226,0.62551
1.228,0.63039
1.23,0.63219
1.232,0.63399
1.234,0.63579
1.236,0.63759
1.238,0.63938
1.24,0.64116
1.242,0.64295
1.244,0.64473
1.246,0.64651
1.248,0.64521
1.25,0.64699
1.252,0.64876
1.254,0.64747
1.256,0.64924
1.258,0.651
1.26,0.6497
1.262,0.64841
1.264,0.64711
1.266,0.64888
1.268,0.64759
1.27,0.64629
1.272,0.645
1.274,0.64065
1.276,0.63937
1.278,0.63809
1.28,0.63375
1.282,0.62942
1.284,0.6251
1.286,0.62078
1.288,0.61648
1.29,0.60912
1.292,0.60483
1.294,0.5975
1.296,0.59017
1.298,0.58286
1.3,0.5725
1.302,0.56523
1.304,0.55491
1.306,0.5446
1.308,0.53125
1.31,0.521
1.312,0.5077
1.314,0.49136
1.316,0.47505
1.318,0.45878
1.32,0.44254
1.322,0.42326
1.324,0.40709
1.326,0.38483
1.328,0.36567
1.33,0.34348
1.332,0.31828
1.334,0.29619
1.336,0.27414
1.338,0.25214
1.34,0.22712
1.342,0.20521
1.344,0.18334
1.346,0.16152
1.348,0.13975
1.35,0.12108
1.352,0.10245
1.354,0.083853
1.356,0.068361
1.358,0.0529
1.36,0.03747
1.362,0.022071
1.364,0.0097668
1.366,-0.0025123
1.368,-0.014767
1.37,-0.023932
1.372,-0.036144
1.374,-0.045266
1.376,-0.054371
1.378,-0.063457
1.38,-0.06946
1.382,-0.075451
1.384,-0.08143
1.386,-0.090462
1.388,-0.093346
1.39,-0.099289
1.392,-0.10522
1.394,-0.11114
1.396,-0.11398
1.398,-0.11682
1.4,-0.12272
1.402,-0.12554
1.404,-0.12835
1.406,-0.12809
1.408,-0.13397
1.41,-0.1337
1.412,-0.1365
1.414,-0.13929
1.416,-0.13901
1.418,-0.1418
1.42,-0.14152
1.422,-0.1443
1.424,-0.14401
1.426,-0.14679
1.428,-0.14649
1.43,-0.1462
1.432,-0.14591
1.434,-0.14562
1.436,-0.14533
1.438,-0.14504
1.44,-0.14475
1.442,-0.14446
1.444,-0.14417
1.446,-0.14388
1.448,-0.14359
1.45,-0.14331
1.452,-0.14302
1.454,-0.14273
1.456,-0.14245
1.458,-0.14216
1.46,-0.13881
1.462,-0.13854
1.464,-0.13826
1.466,-0.13492
1.468,-0.13465
1.47,-0.13132
1.472,-0.13105
1.474,-0.13079
1.476,-0.13053
1.478,-0.1272
1.48,-0.12695
1.482,-0.1267
1.484,-0.12644
1.486,-0.12313
1.488,-0.12288
1.49,-0.12263
1.492,-0.11932
1.494,-0.11909
1.496,-0.11885
1.498,-0.11555
1.5,-0.11532
1.502,-0.11508
1.504,-0.11485
1.506,-0.11463
1.508,-0.11133
1.51,-0.11111
1.512,-0.11089
1.514,-0.11067
1.516,-0.11044
1.518,-0.11022
1.52,-0.11
1.522,-0.10978
1.524,-0.10956
1.526,-0.10935
1.528,-0.10913
1.53,-0.10891
1.532,-0.10869
1.534,-0.10847
1.536,-0.10826
1.538,-0.10804
1.54,-0.10783
1.542,-0.10761
1.544,-0.10739
1.546,-0.11025
1.548,-0.11002
1.55,-0.10981
1.552,-0.10959
1.554,-0.10937
1.556,-0.11221
1.558,-0.11199
1.56,-0.11483
1.562,-0.1146
1.564,-0.11437
1.566,-0.11721
1.568,-0.11697
1.57,-0.11674
1.572,-0.11957
1.574,-0.11933
1.576,-0.12216
1.578,-0.12498
1.58,-0.12473
1.582,-0.12755
1.584,-0.12729
1.586,-0.12704
1.588,-0.12985
1.59,-0.12959
1.592,-0.13239
1.594,-0.13213
1.596,-0.13493
1.598,-0.13466
1.6,-0.13746
1.602,-0.13718
1.604,-0.13997
1.606,-0.13969
1.608,-0.13941
1.61,-0.1422
1.612,-0.14192
1.614,-0.1447
1.616,-0.14441
1.618,-0.14412
1.62,-0.14383
1.622,-0.14661
1.624,-0.14632
1.626,-0.14602
1.628,-0.14573
1.63,-0.14544
1.632,-0.14515
1.634,-0.1418
1.636,-0.14151
1.638,-0.13817
1.64,-0.13789
1.642,-0.13455
1.644,-0.13122
1.646,-0.12789
1.648,-0.12457
1.65,-0.12125
1.652,-0.11795
1.654,-0.11158
1.656,-0.10829
1.658,-0.10195
1.66,-0.095614
1.662,-0.089293
1.664,-0.07992
1.666,-0.07363
1.668,-0.064289
1.67,-0.054966
1.672,-0.045661
1.674,-0.03331
1.676,-0.020984
1.678,-0.0086826
1.68,0.0035944
1.682,0.018912
1.684,0.034198
1.686,0.052519
1.688,0.067739
1.69,0.089058
1.692,0.10727
1.694,0.12851
1.696,0.15277
1.698,0.17392
1.7,0.19809
1.702,0.22528
1.704,0.24935
1.706,0.27644
1.708,0.30347
1.71,0.33045
1.712,0.3543
1.714,0.38118
1.716,0.40494
1.718,0.42865
1.72,0.44925
1.722,0.4698
1.724,0.49032
1.726,0.51079
1.728,0.52816
1.73,0.5455
1.732,0.55973
1.734,0.57394
1.736,0.58811
1.738,0.60226
1.74,0.61332
1.742,0.62435
1.744,0.63537
1.746,0.64329
1.748,0.65427
1.75,0.66215
1.752,0.66696
1.754,0.67482
1.756,0.68267
1.758,0.68743
1.76,0.69526
1.762,0.69693
1.764,0.70473
1.766,0.70639
1.768,0.71111
1.77,0.71582
1.772,0.71745
1.774,0.72215
1.776,0.72377
1.778,0.72539
1.78,0.72701
1.782,0.72862
1.784,0.73023
1.786,0.73183
1.788,0.73344
1.79,0.73503
1.792,0.73357
1.794,0.73517
1.796,0.7337
1.798,0.73223
1.8,0.73383
1.802,0.73237
1.804,0.73397
1.806,0.7325
1.808,0.73104
1.81,0.72958
1.812,0.72812
1.814,0.72666
1.816,0.72828
1.818,0.72682
1.82,0.72537
1.822,0.72392
1.824,0.72247
1.826,0.71797
1.828,0.71653
1.83,0.7151
1.832,0.71367
1.834,0.71225
1.836,0.70776
1.838,0.70634
1.84,0.70493
1.842,0.70352
1.844,0.69905
1.846,0.69766
1.848,0.69626
1.85,0.69487
1.852,0.69348
1.854,0.68903
1.856,0.68766
1.858,0.68628
1.86,0.68491
1.862,0.68354
1.864,0.67911
1.866,0.67775
1.868,0.6764
1.87,0.67505
1.872,0.6737
1.874,0.67235
1.876,0.67101
1.878,0.66661
1.88,0.66527
1.882,0.66394
1.884,0.66262
1.886,0.66129
1.888,0.65997
1.89,0.65865
1.892,0.6604
1.894,0.65908
1.896,0.65777
1.898,0.65645
1.9,0.65514
1.902,0.6569
1.904,0.65558
1.906,0.65427
1.908,0.65603
1.91,0.65472
1.912,0.65341
1.914,0.65211
1.916,0.65387
1.918,0.65256
1.92,0.65432
1.922,0.65608
1.924,0.65477
1.926,0.65653
1.928,0.65522
1.93,0.65697
1.932,0.65566
1.934,0.65741
1.936,0.65917
1.938,0.66091
1.94,0.65959
1.942,0.66134
1.944,0.66308
1.946,0.66482
1.948,0.66656
1.95,0.66523
1.952,0.66696
1.954,0.6687
1.956,0.67042
1.958,0.67215
1.96,0.67387
1.962,0.67559
1.964,0.67731
1.966,0.67902
1.968,0.68073
1.97,0.6855
1.972,0.68719
1.974,0.68582
1.976,0.69058
1.978,0.69226
1.98,0.69394
1.982,0.69562
1.984,0.6973
1.986,0.69897
1.988,0.70064
1.99,0.7023
1.992,0.70396
1.994,0.70562
1.996,0.70728
1.998,0.70893
2,0.71364
2.002,0.71528
2.004,0.71385
2.006,0.71549
2.008,0.71713
2.01,0.71876
2.012,0.72039
2.014,0.72201
2.016,0.72364
2.018,0.72525
2.02,0.72381
2.022,0.72542
2.024,0.72397
2.026,0.72559
2.028,0.72721
2.03,0.72576
2.032,0.72737
2.034,0.72592
2.036,0.72447
2.038,0.72302
2.04,0.72157
2.042,0.72013
2.044,0.71869
2.046,0.71726
2.048,0.71582
2.05,0.71439
2.052,0.7099
2.054,0.70542
2.056,0.70094
2.058,0.69954
2.06,0.69508
2.062,0.68756
2.064,0.68312
2.066,0.67563
2.068,0.66815
2.07,0.66069
2.072,0.65324
2.074,0.64274
2.076,0.63532
2.078,0.62486
2.08,0.61135
2.082,0.59787
2.084,0.58748
2.086,0.57098
2.088,0.55758
2.09,0.54114
2.092,0.52474
2.094,0.5053
2.096,0.4859
2.098,0.46347
2.1,0.44109
2.102,0.41876
2.104,0.3934
2.106,0.3681
2.108,0.33978
2.11,0.31458
2.112,0.28637
2.114,0.25821
2.116,0.23011
2.118,0.20207
2.12,0.17714
2.122,0.15227
2.124,0.12745
2.126,0.10267
2.128,0.081015
2.13,0.059399
2.132,0.04089
2.134,0.019355
2.136,0.0039914
2.138,-0.011341
2.14,-0.029708
2.142,-0.041908
2.144,-0.054084
2.146,-0.066235
2.148,-0.078363
2.15,-0.090466
2.152,-0.09948
2.154,-0.10848
2.156,-0.11745
2.158,-0.12641
2.16,-0.13229
2.162,-0.13816
2.164,-0.14401
2.166,-0.14985
2.168,-0.15568
2.17,-0.1615
2.172,-0.16424
2.174,-0.16698
2.176,-0.17278
2.178,-0.1755
2.18,-0.17821
2.182,-0.18092
2.184,-0.18362
2.186,-0.18326
2.188,-0.18595
2.19,-0.18558
2.192,-0.18828
2.194,-0.1879
2.196,-0.18753
2.198,-0.19022
2.2,-0.18984
2.202,-0.18946
2.204,-0.18908
2.206,-0.1887
2.208,-0.18832
2.21,-0.18795
2.212,-0.18757
2.214,-0.1872
2.216,-0.18376
2.218,-0.18339
2.22,-0.17996
2.222,-0.1796
2.224,-0.17924
2.226,-0.17582
2.228,-0.17547
2.23,-0.17205
2.232,-0.16864
2.234,-0.16831
2.236,-0.1649
2.238,-0.16457
2.24,-0.16118
2.242,-0.15779
2.244,-0.15441
2.246,-0.15104
2.248,-0.15074
2.25,-0.14737
2.252,-0.14401
2.254,-0.14066
2.256,-0.14038
2.258,-0.13703
2.26,-0.13676
2.262,-0.13342
2.264,-0.13009
2.266,-0.12677
2.268,-0.12651
2.27,-0.12319
2.272,-0.11988
2.274,-0.11964
2.276,-0.11634
2.278,-0.11304
2.28,-0.11282
2.282,-0.10953
2.284,-0.10931
2.286,-0.10602
2.288,-0.10581
2.29,-0.10254
2.292,-0.10233
2.294,-0.099062
2.296,-0.098864
2.298,-0.098667
2.3,-0.09847
2.302,-0.095208
2.304,-0.095018
2.306,-0.094828
2.308,-0.094639
2.31,-0.094449
2.312,-0.094261
2.314,-0.094072
2.316,-0.093884
2.318,-0.093697
2.32,-0.09351
2.322,-0.093323
2.324,-0.093136
2.326,-0.09295
2.328,-0.095829
2.33,-0.095638
2.332,-0.095447
2.334,-0.098321
2.336,-0.098125
2.338,-0.10099
2.34,-0.10079
2.342,-0.10366
2.344,-0.10345
2.346,-0.10631
2.348,-0.10609
2.35,-0.10895
2.352,-0.11179
2.354,-0.11464
2.356,-0.11747
2.358,-0.11724
2.36,-0.12007
2.362,-0.12289
2.364,-0.12571
2.366,-0.12853
2.368,-0.13133
2.37,-0.13414
2.372,-0.13693
2.374,-0.13972
2.376,-0.14557
2.378,-0.14835
2.38,-0.15112
2.382,-0.15388
2.384,-0.1597
2.386,-0.16245
2.388,-0.16519
2.39,-0.17099
2.392,-0.17371
2.394,-0.17949
2.396,-0.1822
2.398,-0.1849
2.4,-0.19066
2.402,-0.19335
2.404,-0.19909
2.406,-0.20482
2.408,-0.20748
2.41,-0.21319
2.412,-0.21583
2.414,-0.22153
2.416,-0.22722
2.418,-0.22983
2.42,-0.2355
2.422,-0.23809
2.424,-0.24375
2.426,-0.24939
2.428,-0.25196
2.43,-0.25758
2.432,-0.2632
2.434,-0.2688
2.436,-0.27133
2.438,-0.27692
2.44,-0.28249
2.442,-0.28499
2.444,-0.29055
2.446,-0.2961
2.448,-0.29858
2.45,-0.30411
2.452,-0.30657
2.454,-0.31209
2.456,-0.31453
2.458,-0.32003
2.46,-0.32552
2.462,-0.32793
2.464,-0.33034
2.466,-0.33581
2.468,-0.33821
2.47,-0.34366
2.472,-0.34604
2.474,-0.34841
2.476,-0.35078
2.478,-0.35314
2.48,-0.3555
2.482,-0.35786
2.484,-0.36327
2.486,-0.36561
2.488,-0.36488
2.49,-0.36722
2.492,-0.36955
2.494,-0.37188
2.496,-0.37113
2.498,-0.37346
2.5,-0.37271
2.502,-0.37197
2.504,-0.37429
2.506,-0.37354
2.508,-0.37279
2.51,-0.37205
2.512,-0.3713
2.514,-0.3675
2.516,-0.36676
2.518,-0.36297
2.52,-0.35918
2.522,-0.35539
2.524,-0.35162
2.526,-0.34785
2.528,-0.34103
2.53,-0.33728
2.532,-0.32741
2.534,-0.32063
2.536,-0.31386
2.538,-0.30404
2.54,-0.29423
2.542,-0.28445
2.544,-0.27162
2.546,-0.25882
2.548,-0.24604
2.55,-0.23023
2.552,-0.21444
2.554,-0.19562
2.556,-0.17684
2.558,-0.1581
2.56,-0.13633
2.562,-0.11461
2.564,-0.089857
2.566,-0.065158
2.568,-0.037444
2.57,-0.01285
2.572,0.01476
2.574,0.042314
2.576,0.069814
2.578,0.097258
2.58,0.12158
2.582,0.14586
2.584,0.17009
2.586,0.1912
2.588,0.21227
2.59,0.2333
2.592,0.25123
2.594,0.26911
2.596,0.28697
2.598,0.30172
2.6,0.31337
2.602,0.32501
2.604,0.33662
2.606,0.3482
2.608,0.35977
2.61,0.36824
2.612,0.3767
2.614,0.38208
2.616,0.39051
2.618,0.39586
2.62,0.4012
2.622,0.40653
2.624,0.40878
2.626,0.41409
2.628,0.41633
2.63,0.41856
2.632,0.42386
2.634,0.42301
2.636,0.42523
2.638,0.42745
2.64,0.42966
2.642,0.4288
2.644,0.43101
2.646,0.43015
2.648,0.42929
2.65,0.42843
2.652,0.42757
2.654,0.42672
2.656,0.42587
2.658,0.42502
2.66,0.4211
2.662,0.42026
2.664,0.41636
2.666,0.41246
2.668,0.41163
2.67,0.40775
2.672,0.40693
2.674,0.40305
2.676,0.39918
2.678,0.39532
2.68,0.39147
2.682,0.38762
2.684,0.38072
2.686,0.37995
2.688,0.37307
2.69,0.36926
2.692,0.36545
2.694,0.36166
2.696,0.35481
2.698,0.35103
2.7,0.34727
2.702,0.34044
2.704,0.3367
2.706,0.33296
2.708,0.32616
2.71,0.32245
2.712,0.31567
2.714,0.30891
2.716,0.30523
2.718,0.29849
2.72,0.29483
2.722,0.29118
2.724,0.28446
2.726,0.28083
2.728,0.27414
2.73,0.26746
2.732,0.26386
2.734,0.26027
2.736,0.25362
2.738,0.25005
2.74,0.24342
2.742,0.23987
2.744,0.23633
2.746,0.22972
2.748,0.2262
2.75,0.22268
2.752,0.21611
2.754,0.21261
2.756,0.20912
2.758,0.20257
2.76,0.1991
2.762,0.19564
2.764,0.19219
2.766,0.18567
2.768,0.18224
2.77,0.18187
2.772,0.17844
2.774,0.17502
2.776,0.17161
2.778,0.17126
2.78,0.17092
2.782,0.17058
2.784,0.1733
2.786,0.17296
2.788,0.17568
2.79,0.17839
2.792,0.1811
2.794,0.1838
2.796,0.18957
2.798,0.19225
2.8,0.19493
2.802,0.20067
2.804,0.20334
2.806,0.20906
2.808,0.21171
2.81,0.21741
2.812,0.22005
2.814,0.22574
2.816,0.22835
2.818,0.23096
2.82,0.23356
2.822,0.23616
2.824,0.23875
2.826,0.24134
2.828,0.24392
2.83,0.24344
2.832,0.24295
2.834,0.24246
2.836,0.24504
2.838,0.24455
2.84,0.241
2.842,0.24052
2.844,0.23697
2.846,0.23344
2.848,0.23297
2.85,0.22944
2.852,0.22592
2.854,0.21933
2.856,0.21583
2.858,0.21234
2.86,0.20578
2.862,0.20231
2.864,0.19884
2.866,0.19231
2.868,0.1858
2.87,0.17929
2.872,0.17587
2.874,0.16939
2.876,0.16599
2.878,0.15953
2.88,0.15308
2.882,0.14971
2.884,0.14634
2.886,0.13992
2.888,0.13658
2.89,0.13017
2.892,0.12685
2.894,0.12046
2.896,0.11716
2.898,0.11386
2.9,0.11057
2.902,0.10728
2.904,0.10094
2.906,0.097671
2.908,0.094411
2.91,0.094222
2.912,0.087904
2.914,0.084664
2.916,0.08143
2.918,0.081267
2.92,0.074975
2.922,0.074825
2.924,0.07161
2.926,0.068402
2.928,0.065201
2.93,0.062006
2.932,0.058817
2.934,0.055635
2.936,0.052459
2.938,0.049289
2.94,0.046125
2.942,0.042968
2.944,0.039818
2.946,0.036673
2.948,0.033535
2.95,0.030403
2.952,0.027277
2.954,0.024158
2.956,0.021045
2.958,0.017938
2.96,0.014837
2.962,0.011743
2.964,0.0086543
2.966,0.0055721
2.968,-0.0005688
2.97,-0.0036326
2.972,-0.0066902
2.974,-0.0097417
2.976,-0.012787
2.978,-0.015827
2.98,-0.01886
2.982,-0.024952
2.984,-0.027967
2.986,-0.030976
2.988,-0.033979
2.99,-0.036976
2.992,-0.039967
2.994,-0.042952
2.996,-0.045931
2.998,-0.048904
3,-0.051871
3.002,-0.054833
3.004,-0.057788
3.006,-0.060737
3.008,-0.063681
3.01,-0.066619
3.012,-0.06955
3.014,-0.072476
3.016,-0.075396
3.018,-0.078311
3.02,-0.081219
3.022,-0.084122
3.024,-0.087019
3.026,-0.08991
3.028,-0.092795
3.03,-0.095674
3.032,-0.098548
3.034,-0.098351
3.036,-0.10122
3.038,-0.10408
3.04,-0.10694
3.042,-0.10979
3.044,-0.10957
3.046,-0.11242
3.048,-0.11526
3.05,-0.11809
3.052,-0.11786
3.054,-0.12069
3.056,-0.12351
3.058,-0.12326
3.06,-0.12608
3.062,-0.12889
3.064,-0.12864
3.066,-0.13144
3.068,-0.13425
3.07,-0.13398
3.072,-0.13678
3.074,-0.13957
3.076,-0.13929
3.078,-0.14207
3.08,-0.14179
3.082,-0.14457
3.084,-0.14735
3.086,-0.14705
3.088,-0.14983
3.09,-0.15259
3.092,-0.15229
3.094,-0.15505
3.096,-0.15474
3.098,-0.15749
3.1,-0.15718
3.102,-0.15993
3.104,-0.15961
3.106,-0.16236
3.108,-0.16203
3.11,-0.16477
3.112,-0.16444
3.114,-0.16718
3.116,-0.16685
3.118,-0.16958
3.12,-0.16924
3.122,-0.17196
3.124,-0.17162
3.126,-0.17434
3.128,-0.17399
3.13,-0.17365
3.132,-0.17637
3.134,-0.17601
3.136,-0.17873
3.138,-0.17837
3.14,-0.17801
3.142,-0.18072
3.144,-0.18036
3.146,-0.18
3.148,-0.18271
3.15,-0.18234
3.152,-0.18198
3.154,-0.18468
3.156,-0.18431
3.158,-0.18701
3.16,-0.18663
3.162,-0.18626
3.164,-0.18895
3.166,-0.18857
3.168,-0.1882
3.17,-0.18782
3.172,-0.19051
3.174,-0.19013
3.176,-0.18975
3.178,-0.18937
3.18,-0.18899
3.182,-0.19168
3.184,-0.1913
3.186,-0.19091
3.188,-0.1936
3.19,-0.19321
3.192,-0.19283
3.194,-0.19244
3.196,-0.19206
3.198,-0.19167
3.2,-0.19129
3.202,-0.19397
3.204,-0.19358
3.206,-0.1932
3.208,-0.19281
3.21,-0.19243
3.212,-0.19204
3.214,-0.19166
3.216,-0.19127
3.218,-0.19089
3.22,-0.19051
3.222,-0.19013
3.224,-0.18975
3.226,-0.18937
3.228,-0.18899
3.23,-0.18862
3.232,-0.18824
3.234,-0.18786
3.236,-0.18749
3.238,-0.18711
3.24,-0.18674
3.242,-0.18637
3.244,-0.18599
3.246,-0.18562
3.248,-0.18525
3.25,-0.18488
3.252,-0.18451
3.254,-0.18414
3.256,-0.18377
3.258,-0.18341
3.26,-0.18304
3.262,-0.18268
3.264,-0.18231
3.266,-0.18195
3.268,-0.18158
3.27,-0.18122
3.272,-0.18086
3.274,-0.1805
3.276,-0.18014
3.278,-0.17978
3.28,-0.18248
3.282,-0.18212
3.284,-0.18175
3.286,-0.18139
3.288,-0.18103
3.29,-0.18067
3.292,-0.18031
3.294,-0.17994
3.296,-0.17959
3.298,-0.17923
3.3,-0.17887
3.302,-0.17851
3.304,-0.17815
3.306,-0.1778
3.308,-0.17744
3.31,-0.17709
3.312,-0.17673
3.314,-0.17638
3.316,-0.17603
3.318,-0.17568
3.32,-0.17533
3.322,-0.17498
3.324,-0.17463
3.326,-0.17428
3.328,-0.17393
3.33,-0.17358
3.332,-0.17324
3.334,-0.17289
3.336,-0.17254
3.338,-0.1722
3.34,-0.17185
3.342,-0.17151
3.344,-0.17117
3.346,-0.17083
3.348,-0.17049
3.35,-0.17014
3.352,-0.1698
3.354,-0.16947
3.356,-0.16913
3.358,-0.16879
3.36,-0.16845
3.362,-0.16812
3.364,-0.16778
3.366,-0.16744
3.368,-0.16711
3.37,-0.16678
3.372,-0.16644
3.374,-0.16611
3.376,-0.16578
3.378,-0.16545
3.38,-0.16512
3.382,-0.16479
3.384,-0.16446
3.386,-0.16413
3.388,-0.1638
3.39,-0.16347
3.392,-0.16315
3.394,-0.16282
3.396,-0.1625
3.398,-0.16217
3.4,-0.16185
3.402,-0.16152
3.404,-0.1612
3.406,-0.16088
3.408,-0.16056
3.41,-0.16024
3.412,-0.15992
3.414,-0.1596
3.416,-0.15928
3.418,-0.15896
3.42,-0.15864
3.422,-0.15832
3.424,-0.15801
3.426,-0.15769
3.428,-0.15738
3.43,-0.15706
3.432,-0.15675
3.434,-0.15644
3.436,-0.15612
3.438,-0.15581
3.44,-0.1555
3.442,-0.15519
3.444,-0.15488
3.446,-0.15457
3.448,-0.15426
3.45,-0.15395
3.452,-0.15365
3.454,-0.15334
3.456,-0.15303
3.458,-0.15273
3.46,-0.15242
3.462,-0.15212
3.464,-0.15181
3.466,-0.15151
3.468,-0.15121
3.47,-0.1509
3.472,-0.1506
3.474,-0.1503
3.476,-0.15
3.478,-0.1497
3.48,-0.1494
3.482,-0.1491
3.484,-0.14881
3.486,-0.14851
3.488,-0.14821
3.49,-0.14792
3.492,-0.14762
3.494,-0.14733
3.496,-0.14703
3.498,-0.14674
3.5,-0.14644
3.502,-0.14615
3.504,-0.1428
3.506,-0.14251
3.508,-0.14223
3.51,-0.14194
3.512,-0.14166
3.514,-0.14137
3.516,-0.14109
3.518,-0.14081
3.52,-0.14053
3.522,-0.14025
3.524,-0.1369
3.526,-0.13663
3.528,-0.13636
3.53,-0.13608
3.532,-0.13275
3.534,-0.13248
3.536,-0.13222
3.538,-0.12889
3.54,-0.12863
3.542,-0.12837
3.544,-0.12812
3.546,-0.12786
3.548,-0.12454
3.55,-0.12429
3.552,-0.12404
3.554,-0.1238
3.556,-0.12355
3.558,-0.1233
3.56,-0.12306
3.562,-0.12281
3.564,-0.1195
3.566,-0.11926
3.568,-0.11902
3.57,-0.11878
3.572,-0.11855
3.574,-0.11831
3.576,-0.11807
3.578,-0.11784
3.58,-0.1176
3.582,-0.11737
3.584,-0.11713
3.586,-0.1169
3.588,-0.11667
3.59,-0.11643
3.592,-0.1162
3.594,-0.11597
3.596,-0.11574
3.598,-0.1155
3.6,-0.11527
3.602,-0.11504
3.604,-0.11481
3.606,-0.11458
3.608,-0.11436
3.61,-0.11413
3.612,-0.1139
3.614,-0.11367
3.616,-0.11344
3.618,-0.11322
3.62,-0.11299
3.622,-0.11277
3.624,-0.11254
3.626,-0.11232
3.628,-0.11209
3.63,-0.11187
3.632,-0.11164
3.634,-0.11142
3.636,-0.1112
3.638,-0.11098
3.64,-0.11075
3.642,-0.11053
3.644,-0.11031
3.646,-0.11009
3.648,-0.10987
3.65,-0.10965
3.652,-0.10943
3.654,-0.10921
3.656,-0.109
3.658,-0.10878
3.66,-0.10856
3.662,-0.10834
3.664,-0.10813
3.666,-0.10791
3.668,-0.1077
3.67,-0.10442
3.672,-0.10421
3.674,-0.104
3.676,-0.10379
3.678,-0.10358
3.68,-0.10338
3.682,-0.10317
3.684,-0.10296
3.686,-0.099693
3.688,-0.099494
3.69,-0.099295
3.692,-0.099097
3.694,-0.098899
3.696,-0.095637
3.698,-0.095445
3.7,-0.095255
3.702,-0.095064
3.704,-0.094875
3.706,-0.094685
3.708,-0.094496
3.71,-0.091242
3.712,-0.09106
3.714,-0.090878
3.716,-0.090696
3.718,-0.090515
3.72,-0.090334
3.722,-0.090154
3.724,-0.089974
3.726,-0.086729
3.728,-0.086556
3.73,-0.086383
3.732,-0.08621
3.734,-0.086038
3.736,-0.085866
3.738,-0.085694
3.74,-0.085523
3.742,-0.085352
3.744,-0.085182
3.746,-0.085012
3.748,-0.084842
3.75,-0.084672
3.752,-0.084503
3.754,-0.084334
3.756,-0.084166
3.758,-0.087062
3.76,-0.086888
3.762,-0.086715
3.764,-0.086542
3.766,-0.086369
3.768,-0.086196
3.77,-0.086024
3.772,-0.085852
3.774,-0.085681
3.776,-0.085509
3.778,-0.085338
3.78,-0.085168
3.782,-0.084998
3.784,-0.084828
3.786,-0.084658
3.788,-0.084489
3.79,-0.084321
3.792,-0.084152
3.794,-0.083984
3.796,-0.083816
3.798,-0.083649
3.8,-0.083482
3.802,-0.083315
3.804,-0.083148
3.806,-0.082982
3.808,-0.082816
3.81,-0.082651
3.812,-0.079421
3.814,-0.079262
3.816,-0.079104
3.818,-0.078946
3.82,-0.078788
3.822,-0.078631
3.824,-0.078473
3.826,-0.078317
3.828,-0.07816
3.83,-0.078004
3.832,-0.077848
3.834,-0.077693
3.836,-0.074473
3.838,-0.074324
3.84,-0.074175
3.842,-0.074027
3.844,-0.073879
3.846,-0.073732
3.848,-0.073584
3.85,-0.073437
3.852,-0.07329
3.854,-0.073144
3.856,-0.072998
3.858,-0.072852
3.86,-0.072706
3.862,-0.072561
3.864,-0.072416
3.866,-0.072272
3.868,-0.072127
3.87,-0.071983
3.872,-0.071839
3.874,-0.071696
3.876,-0.071552
3.878,-0.071409
3.88,-0.071267
3.882,-0.071124
3.884,-0.070982
3.886,-0.07084
3.888,-0.070699
3.89,-0.070558
3.892,-0.070417
3.894,-0.070276
3.896,-0.070136
3.898,-0.069995
3.9,-0.069856
3.902,-0.069716
3.904,-0.069577
3.906,-0.069438
3.908,-0.069299
3.91,-0.069161
3.912,-0.069022
3.914,-0.068884
3.916,-0.068747
3.918,-0.068609
3.92,-0.068472
3.922,-0.068336
3.924,-0.068199
3.926,-0.068063
3.928,-0.067927
3.93,-0.067791
3.932,-0.067656
3.934,-0.06752
3.936,-0.067386
3.938,-0.067251
3.94,-0.067117
3.942,-0.066982
3.944,-0.066849
3.946,-0.066715
3.948,-0.066582
3.95,-0.066449
3.952,-0.066316
3.954,-0.066183
3.956,-0.066051
3.958,-0.065919
3.96,-0.065788
3.962,-0.065656
3.964,-0.065525
3.966,-0.065394
3.968,-0.065263
3.97,-0.065133
3.972,-0.065003
3.974,-0.064873
3.976,-0.064743
3.978,-0.064614
3.98,-0.064485
3.982,-0.064356
3.984,-0.064227
3.986,-0.064099
3.988,-0.063971
3.99,-0.063843
3.992,-0.063716
3.994,-0.063588
3.996,-0.063461
3.998,-0.063335
4,-0.066273
4.002,-0.06614
4.004,-0.066008
4.006,-0.065876
4.008,-0.065745
4.01,-0.065613
4.012,-0.065482
4.014,-0.065351
4.016,-0.065221
4.018,-0.065091
4.02,-0.064961
4.022,-0.064831
4.024,-0.064701
4.026,-0.064572
4.028,-0.064443
4.03,-0.067379
4.032,-0.067244
4.034,-0.06711
4.036,-0.066976
4.038,-0.066842
4.04,-0.066709
4.042,-0.066575
4.044,-0.066442
4.046,-0.06631
4.048,-0.066177
4.05,-0.066045
4.052,-0.065913
4.054,-0.065781
4.056,-0.06565
4.058,-0.065519
4.06,-0.065388
4.062,-0.065257
4.064,-0.065127
4.066,-0.064997
4.068,-0.064867
4.07,-0.061672
4.072,-0.061549
4.074,-0.061426
4.076,-0.061303
4.078,-0.061181
4.08,-0.061059
4.082,-0.060937
4.084,-0.060815
4.086,-0.060693
4.088,-0.060572
4.09,-0.060451
4.092,-0.06033
4.094,-0.057145
4.096,-0.057031
4.098,-0.056917
4.1,-0.056803
4.102,-0.056689
4.104,-0.056576
4.106,-0.056463
4.108,-0.05635
4.11,-0.056238
4.112,-0.056125
4.114,-0.056013
4.116,-0.055901
4.118,-0.05579
4.12,-0.055678
4.122,-0.055567
4.124,-0.058521
4.126,-0.058404
4.128,-0.058287
4.13,-0.058171
4.132,-0.058055
4.134,-0.057939
4.136,-0.057823
4.138,-0.057707
4.14,-0.060657
4.142,-0.060536
4.144,-0.060415
4.146,-0.060294
4.148,-0.060174
4.15,-0.060053
4.152,-0.059933
4.154,-0.059814
4.156,-0.059694
4.158,-0.059575
4.16,-0.059456
4.162,-0.059337
4.164,-0.059218
4.166,-0.0591
4.168,-0.058982
4.17,-0.058864
4.172,-0.058747
4.174,-0.058629
4.176,-0.058512
4.178,-0.058395
4.18,-0.058278
4.182,-0.058162
4.184,-0.058046
4.186,-0.05793
4.188,-0.057814
4.19,-0.057699
4.192,-0.057583
4.194,-0.054403
4.196,-0.054295
4.198,-0.054186
4.2,-0.054078
4.202,-0.05397
4.204,-0.053862
4.206,-0.053754
4.208,-0.053647
4.21,-0.05354
4.212,-0.053433
4.214,-0.053326
4.216,-0.05322
4.218,-0.053113
4.22,-0.053007
4.222,-0.052901
4.224,-0.052795
4.226,-0.05269
4.228,-0.052585
4.23,-0.05248
4.232,-0.052375
4.234,-0.05227
4.236,-0.052166
4.238,-0.052061
4.24,-0.051957
4.242,-0.051854
4.244,-0.05175
4.246,-0.054712
4.248,-0.054602
4.25,-0.054493
4.252,-0.054384
4.254,-0.054276
4.256,-0.054167
4.258,-0.054059
4.26,-0.053951
4.262,-0.053843
4.264,-0.053736
4.266,-0.053628
4.268,-0.056586
4.27,-0.056473
4.272,-0.05636
4.274,-0.056247
4.276,-0.056135
4.278,-0.056023
4.28,-0.055911
4.282,-0.055799
4.284,-0.055688
4.286,-0.055577
4.288,-0.055465
4.29,-0.055355
4.292,-0.055244
4.294,-0.055134
4.296,-0.055024
4.298,-0.054914
4.3,-0.054804
4.302,-0.054694
4.304,-0.054585
4.306,-0.054476
4.308,-0.054367
4.31,-0.054259
4.312,-0.05415
4.314,-0.054042
4.316,-0.053934
4.318,-0.053826
4.32,-0.050654
4.322,-0.050553
4.324,-0.050452
4.326,-0.050351
4.328,-0.05025
4.33,-0.05015
4.332,-0.05005
4.334,-0.04995
4.336,-0.04985
4.338,-0.04975
4.34,-0.049651
4.342,-0.049552
4.344,-0.049453
4.346,-0.049354
4.348,-0.049255
4.35,-0.049157
4.352,-0.049059
4.354,-0.04896
4.356,-0.048863
4.358,-0.048765
4.36,-0.048668
4.362,-0.04857
4.364,-0.048473
4.366,-0.048376
4.368,-0.04828
4.37,-0.048183
4.372,-0.048087
4.374,-0.047991
4.376,-0.047895
4.378,-0.047799
4.38,-0.047704
4.382,-0.047609
4.384,-0.047513
4.386,-0.047419
4.388,-0.047324
4.39,-0.047229
4.392,-0.047135
4.394,-0.047041
4.396,-0.046947
4.398,-0.046853
4.4,-0.046759
4.402,-0.046666
4.404,-0.046573
4.406,-0.04648
4.408,-0.046387
4.41,-0.046294
4.412,-0.046202
4.414,-0.046109
4.416,-0.046017
4.418,-0.045925
4.42,-0.045833
4.422,-0.045742
4.424,-0.04565
4.426,-0.045559
4.428,-0.045468
4.43,-0.045377
4.432,-0.045287
4.434,-0.045196
4.436,-0.045106
4.438,-0.045016
4.44,-0.044926
4.442,-0.044836
4.444,-0.044747
4.446,-0.044657
4.448,-0.044568
4.45,-0.044479
4.452,-0.04439
4.454,-0.044301
4.456,-0.044213
4.458,-0.044124
4.46,-0.044036
4.462,-0.043948
4.464,-0.04386
4.466,-0.043773
4.468,-0.043685
4.47,-0.043598
4.472,-0.043511
4.474,-0.043424
4.476,-0.043337
4.478,-0.043251
4.48,-0.043164
4.482,-0.043078
4.484,-0.042992
4.486,-0.042906
4.488,-0.04282
4.49,-0.042735
4.492,-0.042649
4.494,-0.042564
4.496,-0.042479
4.498,-0.042394
4.5,-0.04231
4.502,-0.042225
4.504,-0.042141
4.506,-0.042056
4.508,-0.041972
4.51,-0.041889
4.512,-0.041805
4.514,-0.041721
4.516,-0.041638
4.518,-0.041555
4.52,-0.041472
4.522,-0.041389
4.524,-0.041306
4.526,-0.041224
4.528,-0.041141
4.53,-0.041059
4.532,-0.040977
4.534,-0.040895
4.536,-0.040814
4.538,-0.040732
4.54,-0.040651
4.542,-0.040569
4.544,-0.040488
4.546,-0.040407
4.548,-0.040327
4.55,-0.040246
4.552,-0.040166
4.554,-0.040085
4.556,-0.040005
4.558,-0.039925
4.56,-0.039846
4.562,-0.039766
4.564,-0.039687
4.566,-0.039607
4.568,-0.039528
4.57,-0.039449
4.572,-0.03937
4.574,-0.039292
4.576,-0.039213
4.578,-0.039135
4.58,-0.039057
4.582,-0.038979
4.584,-0.038901
4.586,-0.038823
4.588,-0.038745
4.59,-0.038668
4.592,-0.038591
4.594,-0.038514
4.596,-0.038437
4.598,-0.03836
4.6,-0.038283
4.602,-0.038207
4.604,-0.03813
4.606,-0.038054
4.608,-0.037978
4.61,-0.037902
4.612,-0.037827
4.614,-0.037751
4.616,-0.037676
4.618,-0.0376
4.62,-0.037525
4.622,-0.03745
4.624,-0.037375
4.626,-0.037301
4.628,-0.037226
4.63,-0.037152
4.632,-0.037078
4.634,-0.037004
4.636,-0.03693
4.638,-0.036856
4.64,-0.036782
4.642,-0.036709
4.644,-0.036635
4.646,-0.036562
4.648,-0.036489
4.65,-0.036416
4.652,-0.036343
4.654,-0.036271
4.656,-0.036198
4.658,-0.036126
4.66,-0.036054
4.662,-0.035982
4.664,-0.03591
4.666,-0.035838
4.668,-0.038831
4.67,-0.038754
4.672,-0.038676
4.674,-0.038599
4.676,-0.038522
4.678,-0.038445
4.68,-0.038368
4.682,-0.038292
4.684,-0.038215
4.686,-0.041204
4.688,-0.041121
4.69,-0.041039
4.692,-0.040957
4.694,-0.040875
4.696,-0.040794
4.698,-0.040712
4.7,-0.040631
4.702,-0.043615
4.704,-0.043527
4.706,-0.04344
4.708,-0.043354
4.71,-0.043267
4.712,-0.043181
4.714,-0.043094
4.716,-0.043008
4.718,-0.042922
4.72,-0.042836
4.722,-0.042751
4.724,-0.042665
4.726,-0.04258
4.728,-0.042495
4.73,-0.04241
4.732,-0.042326
4.734,-0.042241
4.736,-0.042157
4.738,-0.042072
4.74,-0.041988
4.742,-0.041904
4.744,-0.041821
4.746,-0.038672
4.748,-0.038595
4.75,-0.038518
4.752,-0.038441
4.754,-0.038364
4.756,-0.038287
4.758,-0.038211
4.76,-0.038135
4.762,-0.038058
4.764,-0.037982
4.766,-0.037906
4.768,-0.037831
4.77,-0.037755
4.772,-0.03768
4.774,-0.037604
4.776,-0.037529
4.778,-0.037454
4.78,-0.037379
4.782,-0.037305
4.784,-0.03723
4.786,-0.037156
4.788,-0.037082
4.79,-0.037008
4.792,-0.036934
4.794,-0.03686
4.796,-0.036786
4.798,-0.036713
4.8,-0.036639
4.802,-0.036566
4.804,-0.036493
4.806,-0.03642
4.808,-0.036347
4.81,-0.036275
4.812,-0.036202
4.814,-0.03613
4.816,-0.036058
4.818,-0.035986
4.82,-0.035914
4.822,-0.035842
4.824,-0.03577
4.826,-0.035699
4.828,-0.035628
4.83,-0.035556
4.832,-0.035485
4.834,-0.035414
4.836,-0.035344
4.838,-0.035273
4.84,-0.035203
4.842,-0.035132
4.844,-0.035062
4.846,-0.034992
4.848,-0.034922
4.85,-0.034852
4.852,-0.034783
4.854,-0.034713
4.856,-0.034644
4.858,-0.034575
4.86,-0.034506
4.862,-0.034437
4.864,-0.034368
4.866,-0.034299
4.868,-0.034231
4.87,-0.034162
4.872,-0.034094
4.874,-0.034026
4.876,-0.033958
4.878,-0.03389
4.88,-0.033822
4.882,-0.033755
4.884,-0.033687
4.886,-0.03362
4.888,-0.033553
4.89,-0.033486
4.892,-0.033419
4.894,-0.033352
4.896,-0.033285
4.898,-0.033219
4.9,-0.033153
4.902,-0.033086
4.904,-0.03302
4.906,-0.032954
4.908,-0.032888
4.91,-0.032823
4.912,-0.032757
4.914,-0.032692
4.916,-0.032626
4.918,-0.032561
4.92,-0.032496
4.922,-0.032431
4.924,-0.032366
4.926,-0.032302
4.928,-0.032237
4.93,-0.032173
4.932,-0.032109
4.934,-0.032044
4.936,-0.03198
4.938,-0.031916
4.94,-0.031853
4.942,-0.031789
4.944,-0.031726
4.946,-0.031662
4.948,-0.031599
4.95,-0.031536
4.952,-0.031473
4.954,-0.03141
4.956,-0.031347
4.958,-0.031284
4.96,-0.031222
4.962,-0.03116
4.964,-0.031097
4.966,-0.031035
4.968,-0.030973
4.97,-0.030911
4.972,-0.03085
4.974,-0.030788
4.976,-0.030726
4.978,-0.030665
4.98,-0.030604
4.982,-0.030543
4.984,-0.030482
4.986,-0.030421
4.988,-0.03036
4.99,-0.030299
4.992,-0.030239
4.994,-0.030178
4.996,-0.030118
4.998,-0.030058
5,-0.029998
5.002,-0.029938
5.004,-0.029878
5.006,-0.029818
5.008,-0.029759
5.01,-0.029699
5.012,-0.02964
5.014,-0.029581
5.016,-0.029522
5.018,-0.029463
5.02,-0.029404
5.022,-0.029345
5.024,-0.029286
5.026,-0.029228
5.028,-0.029169
5.03,-0.029111
5.032,-0.029053
5.034,-0.028995
5.036,-0.028937
5.038,-0.028879
5.04,-0.028821
5.042,-0.028764
5.044,-0.028706
5.046,-0.028649
5.048,-0.028592
5.05,-0.028535
5.052,-0.028478
5.054,-0.028421
5.056,-0.028364
5.058,-0.028307
5.06,-0.028251
5.062,-0.031259
5.064,-0.031197
5.066,-0.031134
5.068,-0.031072
5.07,-0.03101
5.072,-0.030948
5.074,-0.030886
5.076,-0.03389
5.078,-0.033822
5.08,-0.033754
5.082,-0.033687
5.084,-0.03362
5.086,-0.033552
5.088,-0.033485
5.09,-0.033418
5.092,-0.033352
5.094,-0.033285
5.096,-0.033218
5.098,-0.033152
5.1,-0.033086
5.102,-0.03302
5.104,-0.032954
5.106,-0.032888
5.108,-0.032822
5.11,-0.032757
5.112,-0.032691
5.114,-0.032626
5.116,-0.032561
5.118,-0.032496
5.12,-0.032431
5.122,-0.032366
5.124,-0.032301
5.126,-0.032237
5.128,-0.032172
5.13,-0.032108
5.132,-0.032044
5.134,-0.03198
5.136,-0.031916
5.138,-0.031852
5.14,-0.031789
5.142,-0.031725
5.144,-0.031662
5.146,-0.031598
5.148,-0.031535
5.15,-0.031472
5.152,-0.031409
5.154,-0.031347
5.156,-0.031284
5.158,-0.031221
5.16,-0.031159
5.162,-0.031097
5.164,-0.031035
5.166,-0.030973
5.168,-0.030911
5.17,-0.030849
5.172,-0.030787
5.174,-0.030726
5.176,-0.030665
5.178,-0.030603
5.18,-0.030542
5.182,-0.030481
5.184,-0.03042
5.186,-0.030359
5.188,-0.033364
5.19,-0.033297
5.192,-0.03323
5.194,-0.033164
5.196,-0.033098
5.198,-0.033032
5.2,-0.032966
5.202,-0.0329
5.204,-0.032834
5.206,-0.032768
5.208,-0.032703
5.21,-0.032638
5.212,-0.032572
5.214,-0.035572
5.216,-0.035501
5.218,-0.03543
5.22,-0.035359
5.222,-0.035289
5.224,-0.035218
5.226,-0.035148
5.228,-0.035078
5.23,-0.035008
5.232,-0.034938
5.234,-0.034868
5.236,-0.034798
5.238,-0.034729
5.24,-0.034659
5.242,-0.031525
5.244,-0.031462
5.246,-0.031399
5.248,-0.031337
5.25,-0.031274
5.252,-0.031211
5.254,-0.031149
5.256,-0.031087
5.258,-0.031025
5.26,-0.030963
5.262,-0.030901
5.264,-0.030839
5.266,-0.027713
5.268,-0.027657
5.27,-0.027602
5.272,-0.027547
5.274,-0.027492
5.276,-0.027437
5.278,-0.027382
5.28,-0.027327
5.282,-0.027273
5.284,-0.027218
5.286,-0.027164
5.288,-0.02711
5.29,-0.027055
5.292,-0.027001
5.294,-0.026947
5.296,-0.026894
5.298,-0.02684
5.3,-0.026786
5.302,-0.026733
5.304,-0.026679
5.306,-0.026626
5.308,-0.026573
5.31,-0.02652
5.312,-0.026467
5.314,-0.026414
5.316,-0.026361
5.318,-0.026308
5.32,-0.026256
5.322,-0.026203
5.324,-0.026151
5.326,-0.026099
5.328,-0.026047
5.33,-0.025995
5.332,-0.025943
5.334,-0.025891
5.336,-0.025839
5.338,-0.025787
5.34,-0.025736
5.342,-0.025685
5.344,-0.025633
5.346,-0.025582
5.348,-0.025531
5.35,-0.02548
5.352,-0.025429
5.354,-0.025378
5.356,-0.025327
5.358,-0.025277
5.36,-0.025226
5.362,-0.025176
5.364,-0.025126
5.366,-0.025075
5.368,-0.025025
5.37,-0.024975
5.372,-0.024925
5.374,-0.024876
5.376,-0.024826
5.378,-0.024776
5.38,-0.024727
5.382,-0.024677
5.384,-0.024628
5.386,-0.024579
5.388,-0.02453
5.39,-0.024481
5.392,-0.024432
5.394,-0.024383
5.396,-0.024334
5.398,-0.024286
5.4,-0.024237
5.402,-0.024189
5.404,-0.02414
5.406,-0.021027
5.408,-0.020985
5.41,-0.020943
5.412,-0.020902
5.414,-0.02086
5.416,-0.020818
5.418,-0.020777
5.42,-0.020735
5.422,-0.020694
5.424,-0.020652
5.426,-0.020611
5.428,-0.017505
5.43,-0.01747
5.432,-0.017435
5.434,-0.0174
5.436,-0.017365
5.438,-0.017331
5.44,-0.017296
5.442,-0.017262
5.444,-0.017227
5.446,-0.017193
5.448,-0.017158
5.45,-0.017124
5.452,-0.01709
5.454,-0.017056
5.456,-0.017022
5.458,-0.016988
5.46,-0.016954
5.462,-0.019985
5.464,-0.019945
5.466,-0.019905
5.468,-0.019865
5.47,-0.019825
5.472,-0.019786
5.474,-0.019746
5.476,-0.019707
5.478,-0.019667
5.48,-0.019628
5.482,-0.019589
5.484,-0.01955
5.486,-0.022576
5.488,-0.02253
5.49,-0.022485
5.492,-0.022441
5.494,-0.022396
5.496,-0.022351
5.498,-0.022306
5.5,-0.022262
5.502,-0.022217
5.504,-0.022173
5.506,-0.022129
5.508,-0.022084
5.51,-0.02204
5.512,-0.021996
5.514,-0.021952
5.516,-0.021908
5.518,-0.021865
5.52,-0.021821
5.522,-0.021777
5.524,-0.021734
5.526,-0.02169
5.528,-0.021647
5.53,-0.021604
5.532,-0.018496
5.534,-0.018459
5.536,-0.018422
5.538,-0.018385
5.54,-0.018348
5.542,-0.018312
5.544,-0.018275
5.546,-0.018239
5.548,-0.018202
5.55,-0.018166
5.552,-0.01813
5.554,-0.018093
5.556,-0.018057
5.558,-0.018021
5.56,-0.017985
5.562,-0.017949
5.564,-0.017913
5.566,-0.017877
5.568,-0.017842
5.57,-0.017806
5.572,-0.017771
5.574,-0.017735
5.576,-0.0177
5.578,-0.017664
5.58,-0.017629
5.582,-0.017594
5.584,-0.017559
5.586,-0.017523
5.588,-0.017488
5.59,-0.017454
5.592,-0.017419
5.594,-0.017384
5.596,-0.017349
5.598,-0.017314
5.6,-0.01728
5.602,-0.017245
5.604,-0.017211
5.606,-0.017176
5.608,-0.017142
5.61,-0.017108
5.612,-0.017074
5.614,-0.01704
5.616,-0.017006
5.618,-0.016972
5.62,-0.016938
5.622,-0.016904
5.624,-0.01687
5.626,-0.016836
5.628,-0.016803
5.63,-0.016769
5.632,-0.016736
5.634,-0.016702
5.636,-0.016669
5.638,-0.016636
5.64,-0.016602
5.642,-0.016569
5.644,-0.016536
5.646,-0.016503
5.648,-0.01647
5.65,-0.016437
5.652,-0.016404
5.654,-0.016371
5.656,-0.016339
5.658,-0.016306
5.66,-0.016274
5.662,-0.016241
5.664,-0.016209
5.666,-0.016176
5.668,-0.016144
5.67,-0.016112
5.672,-0.016079
5.674,-0.016047
5.676,-0.016015
5.678,-0.015983
5.68,-0.015951
5.682,-0.015919
5.684,-0.015888
5.686,-0.015856
5.688,-0.015824
5.69,-0.015793
5.692,-0.015761
5.694,-0.01573
5.696,-0.015698
5.698,-0.015667
5.7,-0.015635
5.702,-0.015604
5.704,-0.015573
5.706,-0.015542
5.708,-0.015511
5.71,-0.01548
5.712,-0.015449
5.714,-0.015418
5.716,-0.015387
5.718,-0.015357
5.72,-0.015326
5.722,-0.015295
5.724,-0.015265
5.726,-0.015234
5.728,-0.015204
5.73,-0.015173
5.732,-0.015143
5.734,-0.015113
5.736,-0.015083
5.738,-0.015052
5.74,-0.015022
5.742,-0.014992
5.744,-0.014962
5.746,-0.014933
5.748,-0.014903
5.75,-0.014873
5.752,-0.014843
5.754,-0.014814
5.756,-0.014784
5.758,-0.014754
5.76,-0.014725
5.762,-0.014695
5.764,-0.014666
5.766,-0.014637
5.768,-0.014608
5.77,-0.014578
5.772,-0.014549
5.774,-0.01452
5.776,-0.014491
5.778,-0.014462
5.78,-0.014433
5.782,-0.014405
5.784,-0.014376
5.786,-0.014347
5.788,-0.014318
5.79,-0.01429
5.792,-0.017326
5.794,-0.017291
5.796,-0.017257
5.798,-0.017222
5.8,-0.017188
5.802,-0.017154
5.804,-0.017119
5.806,-0.017085
5.808,-0.020116
5.81,-0.020076
5.812,-0.020036
5.814,-0.019996
5.816,-0.019956
5.818,-0.019916
5.82,-0.019876
5.822,-0.019836
5.824,-0.019797
5.826,-0.019757
5.828,-0.019718
5.83,-0.019678
5.832,-0.019639
5.834,-0.0196
5.836,-0.019561
5.838,-0.019521
5.84,-0.019482
5.842,-0.019444
5.844,-0.019405
5.846,-0.019366
5.848,-0.019327
5.85,-0.019289
5.852,-0.01925
5.854,-0.019212
5.856,-0.019173
5.858,-0.019135
5.86,-0.019097
5.862,-0.019059
5.864,-0.01902
5.866,-0.018982
5.868,-0.018944
5.87,-0.018907
5.872,-0.018869
5.874,-0.018831
5.876,-0.018794
5.878,-0.018756
5.88,-0.018719
5.882,-0.018681
5.884,-0.018644
5.886,-0.018607
5.888,-0.018569
5.89,-0.018532
5.892,-0.018495
5.894,-0.018458
5.896,-0.018421
5.898,-0.018385
5.9,-0.018348
5.902,-0.018311
5.904,-0.018275
5.906,-0.018238
5.908,-0.018202
5.91,-0.018165
5.912,-0.018129
5.914,-0.018093
5.916,-0.018057
5.918,-0.018021
5.92,-0.017985
5.922,-0.017949
5.924,-0.017913
5.926,-0.017877
5.928,-0.017841
5.93,-0.017806
5.932,-0.01777
5.934,-0.017735
5.936,-0.017699
5.938,-0.017664
5.94,-0.017628
5.942,-0.017593
5.944,-0.017558
5.946,-0.017523
5.948,-0.017488
5.95,-0.017453
5.952,-0.017418
5.954,-0.017383
5.956,-0.017349
5.958,-0.017314
5.96,-0.017279
5.962,-0.017245
5.964,-0.01721
5.966,-0.017176
5.968,-0.017142
5.97,-0.017107
5.972,-0.017073
5.974,-0.017039
5.976,-0.017005
5.978,-0.016971
5.98,-0.016937
5.982,-0.016903
5.984,-0.01687
5.986,-0.016836
5.988,-0.016802
5.99,-0.016769
5.992,-0.016735
5.994,-0.016702
5.996,-0.016668
5.998,-0.016635
6,-0.016602
6.002,-0.016569
6.004,-0.016536
6.006,-0.016503
6.008,-0.01647
6.01,-0.016437
6.012,-0.016404
6.014,-0.016371
6.016,-0.016338
6.018,-0.016306
6.02,-0.016273
6.022,-0.016241
6.024,-0.016208
6.026,-0.016176
6.028,-0.016143
6.03,-0.016111
6.032,-0.016079
6.034,-0.016047
6.036,-0.016015
6.038,-0.015983
6.04,-0.015951
6.042,-0.015919
6.044,-0.015887
6.046,-0.015855
6.048,-0.015824
6.05,-0.015792
6.052,-0.015761
6.054,-0.015729
6.056,-0.015698
6.058,-0.015666
6.06,-0.015635
6.062,-0.015604
6.064,-0.015573
6.066,-0.015541
6.068,-0.01551
6.07,-0.015479
6.072,-0.015449
6.074,-0.015418
6.076,-0.015387
6.078,-0.015356
6.08,-0.015325
6.082,-0.015295
6.084,-0.015264
6.086,-0.015234
6.088,-0.015203
6.09,-0.015173
6.092,-0.015143
6.094,-0.015112
6.096,-0.015082
6.098,-0.015052
6.1,-0.015022
6.102,-0.014992
6.104,-0.014962
6.106,-0.014932
6.108,-0.014902
6.11,-0.014872
6.112,-0.014843
6.114,-0.014813
6.116,-0.014784
6.118,-0.014754
6.12,-0.014725
6.122,-0.014695
6.124,-0.014666
6.126,-0.014636
6.128,-0.014607
6.13,-0.014578
6.132,-0.014549
6.134,-0.01452
6.136,-0.014491
6.138,-0.014462
6.14,-0.014433
6.142,-0.014404
6.144,-0.014375
6.146,-0.014347
6.148,-0.014318
6.15,-0.014289
6.152,-0.014261
6.154,-0.014232
6.156,-0.014204
6.158,-0.014175
6.16,-0.014147
6.162,-0.014119
6.164,-0.014091
6.166,-0.014063
6.168,-0.014034
6.17,-0.014006
6.172,-0.013978
6.174,-0.01395
6.176,-0.013923
6.178,-0.013895
6.18,-0.013867
6.182,-0.013839
6.184,-0.013812
6.186,-0.013784
6.188,-0.013757
6.19,-0.013729
6.192,-0.013702
6.194,-0.013674
6.196,-0.013647
6.198,-0.01362
6.2,-0.013592
6.202,-0.013565
6.204,-0.013538
6.206,-0.013511
6.208,-0.013484
6.21,-0.013457
6.212,-0.01343
6.214,-0.013403
6.216,-0.013377
6.218,-0.01335
6.22,-0.013323
6.222,-0.013297
6.224,-0.01327
6.226,-0.013244
6.228,-0.013217
6.23,-0.013191
6.232,-0.013164
6.234,-0.013138
6.236,-0.013112
6.238,-0.013086
6.24,-0.013059
6.242,-0.013033
6.244,-0.013007
6.246,-0.012981
6.248,-0.012955
6.25,-0.01293
6.252,-0.012904
6.254,-0.012878
6.256,-0.012852
6.258,-0.012826
6.26,-0.012801
6.262,-0.012775
6.264,-0.01275
6.266,-0.012724
6.268,-0.012699
6.27,-0.012674
6.272,-0.012648
6.274,-0.012623
6.276,-0.012598
6.278,-0.012573
6.28,-0.012547
6.282,-0.012522
6.284,-0.012497
6.286,-0.012472
6.288,-0.012447
6.29,-0.012423
6.292,-0.012398
6.294,-0.012373
6.296,-0.012348
6.298,-0.012324
6.3,-0.012299
6.302,-0.012274
6.304,-0.01225
6.306,-0.012225
6.308,-0.012201
6.31,-0.012177
6.312,-0.012152
6.314,-0.012128
6.316,-0.012104
6.318,-0.01208
6.32,-0.012055
6.322,-0.012031
6.324,-0.012007
6.326,-0.011983
6.328,-0.011959
6.33,-0.011935
6.332,-0.011912
6.334,-0.011888
6.336,-0.011864
6.338,-0.01184
6.34,-0.011817
6.342,-0.011793
6.344,-0.01177
6.346,-0.011746
6.348,-0.011723
6.35,-0.011699
6.352,-0.011676
6.354,-0.011652
6.356,-0.011629
6.358,-0.011606
6.36,-0.011583
6.362,-0.01156
6.364,-0.011536
6.366,-0.011513
6.368,-0.01149
6.37,-0.011467
6.372,-0.011445
6.374,-0.011422
6.376,-0.008334
6.378,-0.0083173
6.38,-0.0083007
6.382,-0.0082841
6.384,-0.0082676
6.386,-0.008251
6.388,-0.0051697
6.39,-0.0051593
6.392,-0.005149
6.394,-0.0051387
6.396,-0.0051285
6.398,-0.0051182
6.4,-0.0020431
6.402,-0.002039
6.404,-0.0020349
6.406,-0.0020309
6.408,-0.0020268
6.41,-0.0020228
6.412,-0.0020187
6.414,-0.0020147
6.416,-0.0020107
6.418,-0.0020066
6.42,-0.0020026
6.422,-0.0019986
6.424,-0.0019946
6.426,-0.0019907
6.428,-0.0019867
6.43,-0.0019827
6.432,-0.0019787
6.434,-0.0019748
6.436,-0.0019709
6.438,-0.0019669
6.44,-0.001963
6.442,-0.0019591
6.444,-0.0019551
6.446,-0.0019512
6.448,-0.0019473
6.45,-0.0019435
6.452,-0.0019396
6.454,-0.0019357
6.456,-0.0019318
6.458,-0.001928
6.46,-0.0019241
6.462,-0.0019203
6.464,-0.0019164
6.466,-0.0019126
6.468,-0.0019088
6.47,-0.001905
6.472,-0.0019012
6.474,-0.0018974
6.476,-0.0018936
6.478,-0.0018898
6.48,-0.001886
6.482,-0.0018822
6.484,-0.0018785
6.486,-0.0018747
6.488,-0.001871
6.49,0.0011976
6.492,0.0011953
6.494,0.0011929
6.496,0.0011905
6.498,0.0011881
6.5,0.0011857
6.502,0.0011834
6.504,0.001181
6.506,0.0011786
6.508,0.0011763
6.51,0.0011739
6.512,0.0011716
6.514,0.0011692
6.516,0.0011669
6.518,0.0011646
6.52,0.0011623
6.522,0.0011599
6.524,0.0011576
6.526,0.0011553
6.528,0.001153
6.53,0.0011507
6.532,0.0011484
6.534,0.0011461
6.536,0.0011438
6.538,0.0011415
6.54,0.0011392
6.542,0.001137
6.544,0.0011347
6.546,0.0011324
6.548,0.0011302
6.55,0.0011279
6.552,0.0011257
6.554,0.0011234
6.556,0.0011212
6.558,0.0011189
6.56,0.0011167
6.562,0.0011144
6.564,0.0011122
6.566,0.00111
6.568,0.0011078
6.57,0.0011056
6.572,0.0011034
6.574,0.0011012
6.576,0.001099
6.578,0.0010968
6.58,0.0010946
6.582,0.0010924
6.584,0.0010902
6.586,0.001088
6.588,0.0010858
6.59,0.0010837
6.592,0.0010815
6.594,0.0010794
6.596,0.0010772
6.598,0.0041399
6.6,0.0041317
6.602,0.0041234
6.604,0.0041152
6.606,0.004107
6.608,0.0040987
6.61,0.0040906
6.612,0.0040824
6.614,0.0040742
6.616,0.0040661
6.618,0.004058
6.62,0.0040499
6.622,0.0040418
6.624,0.0040337
6.626,0.0040256
6.628,0.0040176
6.63,0.0040096
6.632,0.0040015
6.634,0.0039936
6.636,0.0039856
6.638,0.0039776
6.64,0.0039697
6.642,0.0039617
6.644,0.0039538
6.646,0.0039459
6.648,0.00087314
6.65,0.00087139
6.652,0.00086965
6.654,0.00086791
6.656,0.00086618
6.658,0.00086445
6.66,0.00086272
6.662,0.000861
6.664,0.00085928
6.666,0.00085756
6.668,0.00085585
6.67,0.00085414
6.672,0.00085243
6.674,0.00085073
6.676,0.00084903
6.678,0.00084733
6.68,0.00084564
6.682,0.00084395
6.684,0.00084226
6.686,0.00084058
6.688,0.0008389
6.69,0.00083722
6.692,0.0039004
6.694,0.0038927
6.696,0.0038849
6.698,0.0038771
6.7,0.0038694
6.702,0.0038616
6.704,0.0038539
6.706,0.0038462
6.708,0.0038385
6.71,0.0038309
6.712,0.0038232
6.714,0.0068805
6.716,0.0068667
6.718,0.006853
6.72,0.0068393
6.722,0.0068256
6.724,0.006812
6.726,0.0067984
6.728,0.0067848
6.73,0.0067713
6.732,0.0067577
6.734,0.0067442
6.736,0.0067308
6.738,0.0067173
6.74,0.0067039
6.742,0.0066905
6.744,0.0036122
6.746,0.003605
6.748,0.0035978
6.75,0.0035906
6.752,0.0035834
6.754,0.0035763
6.756,0.0035691
6.758,0.003562
6.76,0.0035549
6.762,0.0035478
6.764,0.0035407
6.766,0.0035336
6.768,0.0035266
6.77,0.00045462
6.772,0.00045371
6.774,0.00045281
6.776,0.0004519
6.778,0.000451
6.78,0.0004501
6.782,0.0004492
6.784,0.0004483
6.786,0.00044741
6.788,0.00044651
6.79,0.00044562
6.792,0.00044473
6.794,0.00044384
6.796,0.00044295
6.798,0.00044207
6.8,0.00044119
6.802,0.0004403
6.804,0.00043942
6.806,0.00043855
6.808,0.00043767
6.81,0.0004368
6.812,0.00043592
6.814,0.00043505
6.816,0.00043418
6.818,0.00043332
6.82,0.0034973
6.822,0.0034904
6.824,0.0034834
6.826,0.0034764
6.828,0.0034695
6.83,0.0034625
6.832,0.0034556
6.834,0.0034487
6.836,0.0034418
6.838,0.003435
6.84,0.0034281
6.842,0.0034212
6.844,0.0034144
6.846,0.0034076
6.848,0.0034008
6.85,0.003394
6.852,0.0033872
6.854,0.0033804
6.856,0.0033737
6.858,0.0033669
6.86,0.0033602
6.862,0.0033535
6.864,0.0033468
6.866,0.0033401
6.868,0.0033334
6.87,0.0033268
6.872,0.0033201
6.874,0.0033135
6.876,0.0033069
6.878,0.0033003
6.88,0.0032937
6.882,0.0032871
6.884,0.0032805
6.886,0.003274
6.888,0.0032674
6.89,0.0032609
6.892,0.0032544
6.894,0.00018299
6.896,0.00018262
6.898,0.00018226
6.9,0.0001819
6.902,0.00018153
6.904,0.00018117
6.906,0.00018081
6.908,0.00018045
6.91,0.00018009
6.912,0.00017973
6.914,0.00017937
6.916,0.00017901
6.918,-0.0028862
6.92,-0.0028805
6.922,-0.0028747
6.924,-0.002869
6.926,-0.0028632
6.928,-0.0028575
6.93,-0.0028518
6.932,-0.0028461
6.934,-0.0028404
6.936,-0.0028348
6.938,-0.0028291
6.94,-0.0028234
6.942,-0.0028178
6.944,-0.0028122
6.946,-0.0028066
6.948,-0.0028009
6.95,-0.0027953
6.952,-0.0027898
6.954,-0.0027842
6.956,-0.0027786
6.958,-0.0027731
6.96,-0.0027675
6.962,-0.002762
6.964,-0.0027565
6.966,-0.002751
6.968,-0.0027455
6.97,-0.00274
6.972,-0.0027345
6.974,-0.0027291
6.976,-0.0027236
6.978,-0.0027182
6.98,-0.0027127
6.982,-0.0027073
6.984,-0.0027019
6.986,-0.0026965
6.988,-0.0026911
6.99,-0.0026857
6.992,-0.0026804
6.994,-0.002675
6.996,-0.0026697
6.998,-0.0026643
7,-0.002659
7.002,-0.0026537
7.004,-0.0026484
7.006,-0.0026431
7.008,-0.0026378
7.01,-0.0026326
7.012,-0.0026273
7.014,-0.0026221
7.016,-0.0026168
7.018,-0.0026116
7.02,-0.0026064
7.022,-0.0026012
7.024,-0.002596
7.026,-0.0025908
7.028,-0.0025856
7.03,-0.0025804
7.032,-0.0025753
7.034,-0.0025701
7.036,-0.002565
7.038,-0.0025599
7.04,-0.0025548
7.042,-0.0025497
7.044,-0.0025446
7.046,-0.0025395
7.048,-0.0025344
7.05,-0.0025293
7.052,-0.0025243
7.054,-0.0025192
7.056,-0.0025142
7.058,-0.0025092
7.06,-0.0025042
7.062,-0.0024992
7.064,-0.0024942
7.066,-0.0024892
7.068,-0.0024842
7.07,-0.0024793
7.072,-0.0024743
7.074,-0.0024694
7.076,-0.0024644
7.078,-0.0024595
7.08,-0.0024546
7.082,-0.0024497
7.084,-0.0024448
7.086,-0.0024399
7.088,-0.002435
7.09,-0.0024302
7.092,-0.0024253
7.094,-0.0024205
7.096,-0.0024156
7.098,-0.0024108
7.1,-0.002406
7.102,-0.0024012
7.104,-0.0023964
7.106,-0.0023916
7.108,-0.0023868
7.11,-0.002382
7.112,-0.0023773
7.114,-0.0023725
7.116,-0.0023678
7.118,-0.0023631
7.12,-0.0023583
7.122,-0.0023536
7.124,-0.0023489
7.126,-0.0023442
7.128,-0.0023395
7.13,-0.0023349
7.132,-0.0023302
7.134,-0.0023256
7.136,-0.0023209
7.138,-0.0023163
7.14,-0.0023116
7.142,-0.002307
7.144,-0.0023024
7.146,-0.0022978
7.148,-0.0022932
7.15,-0.0022886
7.152,-0.0022841
7.154,-0.0022795
7.156,-0.0022749
7.158,-0.0022704
7.16,-0.0022659
7.162,-0.0022613
7.164,-0.0022568
7.166,-0.0022523
7.168,-0.0022478
7.17,-0.0022433
7.172,-0.0022388
7.174,-0.0022344
7.176,-0.0022299
7.178,-0.0022254
7.18,-0.002221
7.182,-0.0022166
7.184,-0.0022121
7.186,-0.0022077
7.188,-0.0022033
7.19,-0.0021989
7.192,-0.0021945
7.194,-0.0021901
7.196,-0.0021857
7.198,-0.0021814
7.2,-0.002177
7.202,-0.0021727
7.204,-0.0021683
7.206,-0.002164
7.208,-0.0021597
7.21,-0.0021554
7.212,-0.0021511
7.214,-0.0021468
7.216,-0.0021425
7.218,-0.0021382
7.22,-0.0021339
7.222,-0.0021296
7.224,-0.0021254
7.226,-0.0021211
7.228,-0.0021169
7.23,-0.0021127
7.232,-0.0021085
7.234,-0.0021042
7.236,-0.0021
7.238,-0.0020958
7.24,-0.0020917
7.242,-0.0020875
7.244,-0.0020833
7.246,-0.0020791
7.248,-0.002075
7.25,-0.0020708
7.252,-0.0020667
7.254,-0.0020626
7.256,-0.0020585
7.258,-0.0020543
7.26,-0.0020502
7.262,-0.0020461
7.264,-0.0020421
7.266,-0.002038
7.268,-0.0020339
7.27,-0.0020298
7.272,-0.0020258
7.274,-0.0020217
7.276,-0.0020177
7.278,-0.0020137
7.28,-0.0020096
7.282,-0.0020056
7.284,-0.0020016
7.286,-0.0019976
7.288,-0.0019936
7.29,-0.0019896
7.292,-0.0019857
7.294,-0.0019817
7.296,-0.0019777
7.298,-0.0019738
7.3,-0.0019698
7.302,-0.0019659
7.304,-0.001962
7.306,-0.0019581
7.308,-0.0019542
7.31,-0.0019502
7.312,-0.0019464
7.314,-0.0019425
7.316,-0.0019386
7.318,-0.0019347
7.32,-0.0019308
7.322,-0.001927
7.324,-0.0019231
7.326,-0.0019193
7.328,-0.0019155
7.33,-0.0019116
7.332,-0.0019078
7.334,-0.001904
7.336,-0.0019002
7.338,-0.0018964
7.34,-0.0018926
7.342,-0.0018888
7.344,-0.0018851
7.346,-0.0018813
7.348,-0.0018775
7.35,-0.0018738
7.352,-0.00187
7.354,-0.0018663
7.356,-0.0018626
7.358,-0.0018588
7.36,-0.0018551
7.362,-0.0018514
7.364,-0.0018477
7.366,-0.001844
7.368,-0.0018404
7.37,-0.0018367
7.372,-0.001833
7.374,-0.0018293
7.376,-0.0018257
7.378,-0.001822
7.38,-0.0018184
7.382,-0.0018148
7.384,-0.0018111
7.386,-0.0018075
7.388,-0.0018039
7.39,-0.0018003
7.392,-0.0017967
7.394,-0.0017931
7.396,-0.0017895
7.398,-0.001786
7.4,-0.0017824
7.402,-0.0017788
7.404,-0.0017753
7.406,-0.0017717
7.408,-0.0017682
7.41,-0.0017647
7.412,-0.0017611
7.414,-0.0017576
7.416,-0.0017541
7.418,-0.0017506
7.42,-0.0017471
7.422,-0.0017436
7.424,-0.0017401
7.426,-0.0017366
7.428,-0.0017332
7.43,-0.0017297
7.432,-0.0017263
7.434,-0.0017228
7.436,-0.0017194
7.438,-0.0017159
7.44,-0.0017125
7.442,-0.0017091
7.444,-0.0017057
7.446,-0.0017023
7.448,-0.0016989
7.45,-0.0016955
7.452,-0.0016921
7.454,-0.0016887
7.456,-0.0016853
7.458,-0.001682
7.46,-0.0016786
7.462,-0.0016752
7.464,-0.0016719
7.466,-0.0016686
7.468,-0.0016652
7.47,-0.0016619
7.472,-0.0016586
7.474,-0.0016553
7.476,-0.001652
7.478,-0.0016486
7.48,-0.0016454
7.482,-0.0016421
7.484,-0.0016388
7.486,-0.0016355
7.488,-0.0016322
7.49,-0.001629
7.492,-0.0016257
7.494,-0.0016225
7.496,-0.0016192
7.498,-0.001616
7.5,-0.0016128
7.502,-0.0016096
7.504,-0.0016063
7.506,-0.0016031
7.508,-0.0015999
7.51,-0.0015967
7.512,-0.0015935
7.514,-0.0015904
7.516,-0.0015872
7.518,-0.001584
7.52,-0.0015808
7.522,-0.0015777
7.524,-0.0015745
7.526,-0.0015714
7.528,-0.0015682
7.53,-0.0015651
7.532,-0.001562
7.534,-0.0015589
7.536,-0.0015557
7.538,-0.0015526
7.54,-0.0015495
7.542,-0.0015464
7.544,-0.0015434
7.546,-0.0015403
7.548,-0.0015372
7.55,-0.0015341
7.552,-0.0015311
7.554,-0.001528
7.556,-0.0015249
7.558,-0.0015219
7.56,-0.0015189
7.562,-0.0015158
7.564,-0.0015128
7.566,-0.0015098
7.568,-0.0015068
7.57,-0.0015037
7.572,-0.0015007
7.574,-0.0014977
7.576,-0.0014947
7.578,-0.0014918
7.58,-0.0014888
7.582,-0.0014858
7.584,-0.0014828
7.586,-0.0014799
7.588,-0.0014769
7.59,-0.001474
7.592,-0.001471
7.594,-0.0014681
7.596,-0.0014651
7.598,-0.0014622
7.6,-0.0014593
7.602,-0.0014564
7.604,-0.0014535
7.606,-0.0014506
7.608,-0.0014477
7.61,-0.0014448
7.612,-0.0014419
7.614,-0.001439
7.616,-0.0014361
7.618,-0.0014333
7.62,-0.0014304
7.622,-0.0014275
7.624,-0.0014247
7.626,-0.0014218
7.628,-0.001419
7.63,-0.0014162
7.632,-0.0014133
7.634,-0.0014105
7.636,-0.0014077
7.638,-0.0014049
7.64,-0.0014021
7.642,-0.0013993
7.644,-0.0013965
7.646,-0.0013937
7.648,-0.0013909
7.65,-0.0013881
7.652,-0.0013854
7.654,-0.0013826
7.656,-0.0013798
7.658,-0.0013771
7.66,-0.0013743
7.662,-0.0013716
7.664,-0.0013688
7.666,-0.0013661
7.668,-0.0013634
7.67,-0.0013606
7.672,-0.0013579
7.674,-0.0013552
7.676,-0.0013525
7.678,-0.0013498
7.68,-0.0013471
7.682,-0.0013444
7.684,-0.0013417
7.686,-0.001339
7.688,-0.0013364
7.69,-0.0013337
7.692,-0.001331
7.694,-0.0013284
7.696,-0.0013257
7.698,-0.0013231
7.7,-0.0013204
7.702,-0.0013178
7.704,-0.0013152
7.706,-0.0013125
7.708,-0.0013099
7.71,-0.0013073
7.712,-0.0013047
7.714,-0.0013021
7.716,-0.0012995
7.718,-0.0012969
7.72,-0.0012943
7.722,-0.0012917
7.724,-0.0012891
7.726,-0.0012865
7.728,-0.001284
7.73,-0.0012814
7.732,-0.0012788
7.734,-0.0012763
7.736,-0.0012737
7.738,-0.0012712
7.74,-0.0012687
7.742,-0.0012661
7.744,-0.0012636
7.746,-0.0012611
7.748,-0.0012585
7.75,-0.001256
7.752,-0.0012535
7.754,-0.001251
7.756,-0.0012485
7.758,-0.001246
7.76,-0.0012435
7.762,-0.001241
7.764,-0.0012386
7.766,-0.0012361
7.768,-0.0012336
7.77,-0.0012312
7.772,-0.0012287
7.774,-0.0012262
7.776,-0.0012238
7.778,-0.0012213
7.78,-0.0012189
7.782,-0.0012165
7.784,-0.001214
7.786,-0.0012116
7.788,-0.0012092
7.79,-0.0012068
7.792,-0.0012044
7.794,-0.001202
7.796,-0.0011996
7.798,-0.0011972
7.8,-0.0011948
7.802,-0.0011924
7.804,-0.00119
7.806,-0.0011876
7.808,-0.0011853
7.81,-0.0011829
7.812,-0.0011805
7.814,-0.0011782
7.816,-0.0011758
7.818,-0.0011735
7.82,-0.0011711
7.822,-0.0011688
7.824,-0.0011664
7.826,-0.0011641
7.828,-0.0011618
7.83,-0.0011595
7.832,-0.0011571
7.834,-0.0011548
7.836,-0.0011525
7.838,-0.0011502
7.84,-0.0011479
7.842,-0.0011456
7.844,-0.0011433
7.846,-0.0011411
7.848,-0.0011388
7.85,-0.0011365
7.852,-0.0011342
7.854,-0.001132
7.856,-0.0011297
7.858,-0.0011274
7.86,-0.0011252
7.862,-0.0011229
7.864,-0.0011207
7.866,-0.0011185
7.868,-0.0011162
7.87,-0.001114
7.872,-0.0011118
7.874,-0.0011096
7.876,-0.0011073
7.878,-0.0011051
7.88,-0.0011029
7.882,-0.0011007
7.884,-0.0010985
7.886,-0.0010963
7.888,-0.0010941
7.89,-0.0010919
7.892,-0.0010898
7.894,-0.0010876
7.896,-0.0010854
7.898,-0.0010832
7.9,-0.0010811
7.902,-0.0010789
7.904,-0.0010768
7.906,-0.0010746
7.908,-0.0010725
7.91,-0.0010703
7.912,-0.0010682
7.914,-0.001066
7.916,-0.0010639
7.918,-0.0010618
7.92,-0.0010597
7.922,-0.0010576
7.924,-0.0010554
7.926,-0.0010533
7.928,-0.0010512
7.93,-0.0010491
7.932,-0.001047
7.934,-0.0010449
7.936,-0.0010428
7.938,-0.0010408
7.94,-0.0010387
7.942,-0.0010366
7.944,-0.0010345
7.946,-0.0010325
7.948,-0.0010304
7.95,-0.0010284
7.952,-0.0010263
7.954,-0.0010242
7.956,-0.0010222
7.958,-0.0010202
7.96,-0.0010181
7.962,-0.0010161
7.964,-0.0010141
7.966,-0.001012
7.968,-0.00101
7.97,-0.001008
7.972,-0.001006
7.974,-0.001004
7.976,-0.001002
7.978,-0.00099996
7.98,-0.00099796
7.982,-0.00099596
7.984,-0.00099397
7.986,-0.00099199
7.988,-0.00099001
7.99,-0.00098803
7.992,-0.00098605
7.994,-0.00098408
7.996,-0.00098212
7.998,-0.00098016
8,-0.0009782
8.002,-0.00097624
8.004,-0.00097429
8.006,-0.00097235
8.008,-0.0009704
8.01,-0.00096846
8.012,-0.00096653
8.014,-0.0009646
8.016,-0.00096267
8.018,-0.00096075
8.02,-0.00095883
8.022,-0.00095691
8.024,-0.000955
8.026,-0.00095309
8.028,-0.00095119
8.03,-0.00094929
8.032,-0.00094739
8.034,-0.0009455
8.036,-0.00094361
8.038,-0.00094172
8.04,-0.00093984
8.042,-0.00093796
8.044,-0.00093609
8.046,-0.00093422
8.048,-0.00093235
8.05,-0.00093049
8.052,-0.00092863
8.054,-0.00092678
8.056,-0.00092492
8.058,-0.00092308
8.06,-0.00092123
8.062,-0.00091939
8.064,-0.00091755
8.066,-0.00091572
8.068,-0.00091389
8.07,-0.00091207
8.072,-0.00091024
8.074,-0.00090842
8.076,-0.00090661
8.078,-0.0009048
8.08,-0.00090299
8.082,-0.00090119
8.084,-0.00089939
8.086,-0.00089759
8.088,-0.0008958
8.09,-0.00089401
8.092,-0.00089222
8.094,-0.00089044
8.096,-0.00088866
8.098,-0.00088688
8.1,-0.00088511
8.102,-0.00088334
8.104,-0.00088158
8.106,-0.00087982
8.108,-0.00087806
8.11,-0.0008763
8.112,-0.00087455
8.114,-0.0008728
8.116,-0.00087106
8.118,-0.00086932
8.12,-0.00086758
8.122,-0.00086585
8.124,-0.00086412
8.126,-0.00086239
8.128,-0.00086067
8.13,-0.00085895
8.132,-0.00085723
8.134,-0.00085552
8.136,-0.00085381
8.138,-0.00085211
8.14,-0.0008504
8.142,-0.00084871
8.144,-0.00084701
8.146,-0.00084532
8.148,-0.00084363
8.15,-0.00084194
8.152,-0.00084026
8.154,-0.00083858
8.156,-0.00083691
8.158,-0.00083523
8.16,-0.00083357
8.162,-0.0008319
8.164,-0.00083024
8.166,-0.00082858
8.168,-0.00082692
8.17,-0.00082527
8.172,-0.00082362
8.174,-0.00082198
8.176,-0.00082033
8.178,-0.0008187
8.18,-0.00081706
8.182,0.0022495
8.184,0.002245
8.186,0.0022405
8.188,0.002236
8.19,0.0022315
8.192,0.0022271
8.194,0.0022226
8.196,0.0052831
8.198,0.0052725
8.2,0.005262
8.202,0.0052515
8.204,0.005241
8.206,0.0082954
8.208,0.0082788
8.21,0.0082623
8.212,0.0082458
8.214,0.0082293
8.216,0.0082129
8.218,0.011261
8.22,0.011239
8.222,0.011216
8.224,0.011194
8.226,0.011172
8.228,0.011149
8.23,0.011127
8.232,0.011105
8.234,0.011083
8.236,0.01106
8.238,0.011038
8.24,0.011016
8.242,0.010994
8.244,0.010972
8.246,0.01095
8.248,0.010929
8.25,0.010907
8.252,0.010885
8.254,0.010863
8.256,0.010841
8.258,0.01082
8.26,0.010798
8.262,0.010777
8.264,0.010755
8.266,0.010734
8.268,0.010712
8.27,0.010691
8.272,0.010669
8.274,0.010648
8.276,0.010627
8.278,0.010606
8.28,0.010584
8.282,0.010563
8.284,0.010542
8.286,0.010521
8.288,0.0105
8.29,0.010479
8.292,0.010458
8.294,0.010437
8.296,0.010416
8.298,0.010396
8.3,0.010375
8.302,0.010354
8.304,0.010333
8.306,0.010313
8.308,0.010292
8.31,0.010272
8.312,0.010251
8.314,0.010231
8.316,0.01021
8.318,0.01019
8.32,0.010169
8.322,0.010149
8.324,0.010129
8.326,0.010109
8.328,0.010088
8.33,0.010068
8.332,0.010048
8.334,0.010028
8.336,0.010008
8.338,0.0099879
8.34,0.009968
8.342,0.0099481
8.344,0.0099282
8.346,0.0099084
8.348,0.0098886
8.35,0.0098688
8.352,0.0098491
8.354,0.0098294
8.356,0.0098098
8.358,0.0097902
8.36,0.0067057
8.362,0.0066923
8.364,0.0066789
8.366,0.0066656
8.368,0.0066523
8.37,0.006639
8.372,0.0066257
8.374,0.0066125
8.376,0.0065993
8.378,0.0065861
8.38,0.0065729
8.382,0.0065598
8.384,0.0065467
8.386,0.0065336
8.388,0.0065206
8.39,0.0065075
8.392,0.0064945
8.394,0.0064815
8.396,0.0064686
8.398,0.0064557
8.4,0.0064428
8.402,0.0064299
8.404,0.0064171
8.406,0.0064042
8.408,0.0063914
8.41,0.0063787
8.412,0.0063659
8.414,0.0063532
8.416,0.0063405
8.418,0.0063278
8.42,0.0063152
8.422,0.0063026
8.424,0.00629
8.426,0.0062774
8.428,0.0062649
8.43,0.0062524
8.432,0.0062399
8.434,0.0062274
8.436,0.006215
8.438,0.0062025
8.44,0.0061901
8.442,0.0061778
8.444,0.0061654
8.446,0.0061531
8.448,0.0061408
8.45,0.0061286
8.452,0.0061163
8.454,0.0061041
8.456,0.0060919
8.458,0.0060797
8.46,0.0060676
8.462,0.0060555
8.464,0.0060434
8.466,0.0060313
8.468,0.0060192
8.47,0.0060072
8.472,0.0059952
8.474,0.0059832
8.476,0.0059713
8.478,0.0059593
8.48,0.0059474
8.482,0.0059355
8.484,0.0059237
8.486,0.0059118
8.488,0.0059
8.49,0.0058882
8.492,0.0058765
8.494,0.0058647
8.496,0.005853
8.498,0.0058413
8.5,0.0058297
8.502,0.005818
8.504,0.0058064
8.506,0.0057948
8.508,0.0057832
8.51,0.0057717
8.512,0.0057601
8.514,0.0057486
8.516,0.0057371
8.518,0.0057257
8.52,0.0057142
8.522,0.0057028
8.524,0.0056914
8.526,0.00568
8.528,0.0056687
8.53,0.0056574
8.532,0.0056461
8.534,0.0056348
8.536,0.0056235
8.538,0.0056123
8.54,0.0056011
8.542,0.0055899
8.544,0.0055787
8.546,0.0055676
8.548,0.0055564
8.55,0.0055453
8.552,0.0055343
8.554,0.0055232
8.556,0.0055122
8.558,0.0055012
8.56,0.0054902
8.562,0.0054792
8.564,0.0054683
8.566,0.0054573
8.568,0.0054464
8.57,0.0054355
8.572,0.0054247
8.574,0.0054138
8.576,0.005403
8.578,0.0053922
8.58,0.0053815
8.582,0.0053707
8.584,0.00536
8.586,0.0053493
8.588,0.0053386
8.59,0.0053279
8.592,0.0053173
8.594,0.0053066
8.596,0.005296
8.598,0.0052855
8.6,0.0052749
8.602,0.0052644
8.604,0.0052538
8.606,0.0052433
8.608,0.0052329
8.61,0.0052224
8.612,0.005212
8.614,0.0052016
8.616,0.0051912
8.618,0.0051808
8.62,0.0051704
8.622,0.0051601
8.624,0.0051498
8.626,0.0051395
8.628,0.0051292
8.63,0.005119
8.632,0.0051088
8.634,0.0050986
8.636,0.0050884
8.638,0.0050782
8.64,0.0050681
8.642,0.0050579
8.644,0.0050478
8.646,0.0050377
8.648,0.0050277
8.65,0.0050176
8.652,0.0050076
8.654,0.0049976
8.656,0.0049876
8.658,0.0049777
8.66,0.0049677
8.662,0.0049578
8.664,0.0049479
8.666,0.004938
8.668,0.0049281
8.67,0.0049183
8.672,0.0049085
8.674,0.0048986
8.676,0.0048889
8.678,0.0048791
8.68,0.0048693
8.682,0.0048596
8.684,0.0048499
8.686,0.0048402
8.688,0.0048305
8.69,0.0048209
8.692,0.0048113
8.694,0.0048016
8.696,0.0047921
8.698,0.0047825
8.7,0.0047729
8.702,0.0047634
8.704,0.0047539
8.706,0.0047444
8.708,0.0047349
8.71,0.0047254
8.712,0.004716
8.714,0.0047066
8.716,0.0046972
8.718,0.0046878
8.72,0.0046784
8.722,0.0046691
8.724,0.0046597
8.726,0.0046504
8.728,0.0046411
8.73,0.0046319
8.732,0.0046226
8.734,0.0046134
8.736,0.0046042
8.738,0.004595
8.74,0.0045858
8.742,0.0045766
8.744,0.0045675
8.746,0.0045583
8.748,0.0045492
8.75,0.0045401
8.752,0.0045311
8.754,0.004522
8.756,0.0014481
8.758,0.0014452
8.76,0.0014423
8.762,0.0014394
8.764,0.0014365
8.766,0.0014337
8.768,0.0014308
8.77,-0.0016369
8.772,-0.0016337
8.774,-0.0016304
8.776,-0.0016271
8.778,-0.0016239
8.78,-0.0016207
8.782,-0.0016174
8.784,-0.0016142
8.786,-0.001611
8.788,-0.0016077
8.79,-0.0016045
8.792,-0.0016013
8.794,-0.004663
8.796,-0.0046537
8.798,-0.0046444
8.8,-0.0046351
8.802,-0.0046259
8.804,-0.0046166
8.806,-0.0046074
8.808,-0.0045982
8.81,-0.004589
8.812,-0.0045798
8.814,-0.0045707
8.816,-0.0045616
8.818,-0.0045524
8.82,-0.0045433
8.822,-0.0045343
8.824,-0.0045252
8.826,-0.0045162
8.828,-0.0045071
8.83,-0.0044981
8.832,-0.0044891
8.834,-0.0044802
8.836,-0.0044712
8.838,-0.0044623
8.84,-0.0044534
8.842,-0.0044445
8.844,-0.0044356
8.846,-0.0044267
8.848,-0.0044179
8.85,-0.0044091
8.852,-0.0044003
8.854,-0.0043915
8.856,-0.0043827
8.858,-0.0043739
8.86,-0.0043652
8.862,-0.0043565
8.864,-0.0043478
8.866,-0.0043391
8.868,-0.0043304
8.87,-0.0043218
8.872,-0.0043131
8.874,-0.0043045
8.876,-0.0042959
8.878,-0.0042873
8.88,-0.0042788
8.882,-0.0042702
8.884,-0.0042617
8.886,-0.0042532
8.888,-0.0042447
8.89,-0.0042362
8.892,-0.0042277
8.894,-0.0042193
8.896,-0.0042108
8.898,-0.0042024
8.9,-0.004194
8.902,-0.0041857
8.904,-0.0041773
8.906,-0.0041689
8.908,-0.0041606
8.91,-0.0041523
8.912,-0.004144
8.914,-0.0041357
8.916,-0.0041275
8.918,-0.0041192
8.92,-0.004111
8.922,-0.0041028
8.924,-0.0040946
8.926,-0.0040864
8.928,-0.0040782
8.93,-0.0040701
8.932,-0.0040619
8.934,-0.0040538
8.936,-0.0040457
8.938,-0.0040377
8.94,-0.0040296
8.942,-0.0040215
8.944,-0.0040135
8.946,-0.0040055
8.948,-0.0039975
8.95,-0.0039895
8.952,-0.0039815
8.954,-0.0039736
8.956,-0.0039656
8.958,-0.0039577
8.96,-0.0039498
8.962,-0.0039419
8.964,-0.003934
8.966,-0.0039262
8.968,-0.0039183
8.97,-0.0039105
8.972,-0.0039027
8.974,-0.0038949
8.976,-0.0038871
8.978,-0.0038793
8.98,-0.0038716
8.982,-0.0038638
8.984,-0.0038561
8.986,-0.0038484
8.988,-0.0038407
8.99,-0.0038331
8.992,-0.0038254
8.994,-0.0038178
8.996,-0.0038101
8.998,-0.0038025
9,-0.0037949
9.002,-0.0037873
9.004,-0.0037798
9.006,-0.0037722
9.008,-0.0037647
9.01,-0.0037572
9.012,-0.0037497
9.014,-0.0037422
9.016,-0.0037347
9.018,-0.0037272
9.02,-0.0037198
9.022,-0.0037123
9.024,-0.0037049
9.026,-0.0036975
9.028,-0.0036901
9.03,-0.0036828
9.032,-0.0036754
9.034,-0.0036681
9.036,-0.0036607
9.038,-0.0036534
9.04,-0.0036461
9.042,-0.0036388
9.044,-0.0036316
9.046,-0.0036243
9.048,-0.0036171
9.05,-0.0036098
9.052,-0.0036026
9.054,-0.0035954
9.056,-0.0035882
9.058,-0.0035811
9.06,-0.0035739
9.062,-0.0035668
9.064,-0.0035597
9.066,-0.0035525
9.068,-0.00048055
9.07,-0.00047959
9.072,-0.00047863
9.074,-0.00047767
9.076,-0.00047672
9.078,-0.00047576
9.08,-0.00047481
9.082,0.002591
9.084,0.0025859
9.086,0.0025807
9.088,0.0025755
9.09,0.0025704
9.092,0.0056301
9.094,0.0056189
9.096,0.0056077
9.098,0.0055965
9.1,0.0055853
9.102,0.008639
9.104,0.0086218
9.106,0.0086045
9.108,0.0085873
9.11,0.0085702
9.112,0.0085531
9.114,0.008536
9.116,0.0085189
9.118,0.0085019
9.12,0.0084849
9.122,0.008468
9.124,0.008451
9.126,0.0084342
9.128,0.0084173
9.13,0.0084005
9.132,0.0083837
9.134,0.008367
9.136,0.0083502
9.138,0.0083335
9.14,0.0083169
9.142,0.0083003
9.144,0.0082837
9.146,0.0082671
9.148,0.0082506
9.15,0.0082341
9.152,0.0082177
9.154,0.0082013
9.156,0.0081849
9.158,0.0081685
9.16,0.0081522
9.162,0.0081359
9.164,0.0081197
9.166,0.0081034
9.168,0.0080873
9.17,0.0080711
9.172,0.008055
9.174,0.0080389
9.176,0.0080228
9.178,0.0080068
9.18,0.0079908
9.182,0.0079748
9.184,0.0079589
9.186,0.007943
9.188,0.0079271
9.19,0.0079113
9.192,0.0078955
9.194,0.0078797
9.196,0.007864
9.198,0.0078482
9.2,0.0078326
9.202,0.0078169
9.204,0.0078013
9.206,0.0077857
9.208,0.0077701
9.21,0.0077546
9.212,0.0077391
9.214,0.0077237
9.216,0.0077082
9.218,0.0076928
9.22,0.0076775
9.222,0.0076621
9.224,0.0076468
9.226,0.0076315
9.228,0.0076163
9.23,0.0076011
9.232,0.0075859
9.234,0.0075707
9.236,0.0075556
9.238,0.0075405
9.24,0.0075254
9.242,0.0075104
9.244,0.0044305
9.246,0.0044217
9.248,0.0044128
9.25,0.004404
9.252,0.0043952
9.254,0.0043864
9.256,0.0043777
9.258,0.0043689
9.26,0.0043602
9.262,0.0043515
9.264,0.0043428
9.266,0.0043341
9.268,0.0043254
9.27,0.0043168
9.272,0.0043082
9.274,0.0042996
9.276,0.004291
9.278,0.0042824
9.28,0.0042738
9.282,0.0042653
9.284,0.0042568
9.286,0.0042483
9.288,0.0042398
9.29,0.0042313
9.292,0.0042229
9.294,0.0042144
9.296,0.004206
9.298,0.0041976
9.3,0.0041892
9.302,0.0041808
9.304,0.0041725
9.306,0.0041642
9.308,0.0041558
9.31,0.0041475
9.312,0.0041392
9.314,0.004131
9.316,0.0041227
9.318,0.0041145
9.32,0.0041063
9.322,0.0040981
9.324,0.0040899
9.326,0.0040817
9.328,0.0040735
9.33,0.0040654
9.332,0.0040573
9.334,0.0040492
9.336,0.0040411
9.338,0.004033
9.34,0.004025
9.342,0.0040169
9.344,0.0040089
9.346,0.0040009
9.348,0.0039929
9.35,0.0039849
9.352,0.0039769
9.354,0.003969
9.356,0.0039611
9.358,0.0039532
9.36,0.0039453
9.362,0.0039374
9.364,0.0039295
9.366,0.0039217
9.368,0.0039138
9.37,0.003906
9.372,0.0038982
9.374,0.0038904
9.376,0.0038826
9.378,0.0038749
9.38,0.0038671
9.382,0.0038594
9.384,0.0038517
9.386,0.003844
9.388,0.0038363
9.39,0.0038287
9.392,0.003821
9.394,0.0038134
9.396,0.0038057
9.398,0.0037981
9.4,0.0037906
9.402,0.003783
9.404,0.0037754
9.406,0.0037679
9.408,0.0037604
9.41,0.0037528
9.412,0.0037453
9.414,0.0037379
9.416,0.0037304
9.418,0.0037229
9.42,0.0037155
9.422,0.0037081
9.424,0.0037007
9.426,0.0036933
9.428,0.0036859
9.43,0.0036785
9.432,0.0036712
9.434,0.0036638
9.436,0.0036565
9.438,0.0036492
9.44,0.0036419
9.442,0.0036347
9.444,0.0036274
9.446,0.0036201
9.448,0.0036129
9.45,0.0036057
9.452,0.0035985
9.454,0.0035913
9.456,0.0035841
9.458,0.003577
9.46,0.0035698
9.462,0.0035627
9.464,0.0035556
9.466,0.00048356
9.468,0.00048259
9.47,0.00048163
9.472,0.00048067
9.474,0.00047971
9.476,0.00047875
9.478,0.00047779
9.48,0.00047684
9.482,-0.002589
9.484,-0.0025838
9.486,-0.0025787
9.488,-0.0025735
9.49,-0.0025684
9.492,-0.0025633
9.494,-0.0025581
9.496,-0.002553
9.498,-0.0056128
9.5,-0.0056016
9.502,-0.0055904
9.504,-0.0055792
9.506,-0.0055681
9.508,-0.005557
9.51,-0.0055459
9.512,-0.0055348
9.514,-0.0055237
9.516,-0.0055127
9.518,-0.0055017
9.52,-0.0054907
9.522,-0.0054797
9.524,-0.0054688
9.526,-0.0054578
9.528,-0.0054469
9.53,-0.005436
9.532,-0.0054252
9.534,-0.0054143
9.536,-0.0054035
9.538,-0.0053927
9.54,-0.005382
9.542,-0.0053712
9.544,-0.0053605
9.546,-0.0053498
9.548,-0.0053391
9.55,-0.0053284
9.552,-0.0053178
9.554,-0.0053071
9.556,-0.0022316
9.558,-0.0022272
9.56,-0.0022227
9.562,-0.0022183
9.564,-0.0022139
9.566,-0.0022094
9.568,-0.002205
9.57,-0.0022006
9.572,-0.0021962
9.574,-0.0021918
9.576,-0.0021874
9.578,-0.0021831
9.58,-0.0021787
9.582,-0.0021744
9.584,-0.00217
9.586,-0.0021657
9.588,-0.0021614
9.59,-0.002157
9.592,-0.0021527
9.594,-0.0021484
9.596,-0.0021441
9.598,-0.0021398
9.6,-0.0021356
9.602,-0.0021313
9.604,-0.002127
9.606,-0.0021228
9.608,-0.0021186
9.61,-0.0021143
9.612,-0.0021101
9.614,-0.0021059
9.616,-0.0021017
9.618,-0.0020975
9.62,-0.0020933
9.622,-0.0020891
9.624,-0.0020849
9.626,-0.0020808
9.628,-0.0020766
9.63,-0.0020725
9.632,-0.0020683
9.634,-0.0020642
9.636,-0.0020601
9.638,-0.0020559
9.64,-0.0020518
9.642,-0.0020477
9.644,-0.0020436
9.646,-0.0020396
9.648,-0.0020355
9.65,-0.0020314
9.652,-0.0020274
9.654,-0.0020233
9.656,-0.0020193
9.658,-0.0020152
9.66,-0.0020112
9.662,-0.0020072
9.664,-0.0020032
9.666,-0.0019992
9.668,-0.0019952
9.67,-0.0019912
9.672,-0.0019872
9.674,-0.0019832
9.676,-0.0019793
9.678,-0.0019753
9.68,-0.0019714
9.682,-0.0019674
9.684,-0.0019635
9.686,-0.0019596
9.688,-0.0019557
9.69,-0.0050167
9.692,-0.0050066
9.694,-0.0049966
9.696,-0.0049867
9.698,-0.0049767
9.7,-0.0049667
9.702,-0.0049568
9.704,-0.0049469
9.706,-0.0080019
9.708,-0.0079859
9.71,-0.00797
9.712,-0.0079541
9.714,-0.0079382
9.716,-0.010987
9.718,-0.010965
9.72,-0.010943
9.722,-0.010921
9.724,-0.0109
9.726,-0.010878
9.728,-0.010856
9.73,-0.010834
9.732,-0.013878
9.734,-0.01385
9.736,-0.013822
9.738,-0.013795
9.74,-0.013767
9.742,-0.01374
9.744,-0.013712
9.746,-0.013685
9.748,-0.013657
9.75,-0.01363
9.752,-0.013603
9.754,-0.013576
9.756,-0.013549
9.758,-0.013522
9.76,-0.013495
9.762,-0.013468
9.764,-0.013441
9.766,-0.013414
9.768,-0.013387
9.77,-0.01336
9.772,-0.013334
9.774,-0.013307
9.776,-0.010215
9.778,-0.010195
9.78,-0.010175
9.782,-0.010154
9.784,-0.010134
9.786,-0.010114
9.788,-0.010094
9.79,-0.010073
9.792,-0.010053
9.794,-0.010033
9.796,-0.010013
9.798,-0.0099931
9.8,-0.0099732
9.802,-0.0099533
9.804,-0.0099334
9.806,-0.0099135
9.808,-0.0098937
9.81,-0.0098739
9.812,-0.0098542
9.814,-0.0098345
9.816,-0.0098149
9.818,-0.0097953
9.82,-0.0097757
9.822,-0.0097562
9.824,-0.0097367
9.826,-0.0097172
9.828,-0.0096978
9.83,-0.0096784
9.832,-0.0096591
9.834,-0.0096398
9.836,-0.0096205
9.838,-0.012666
9.84,-0.012641
9.842,-0.012616
9.844,-0.01259
9.846,-0.012565
9.848,-0.01254
9.85,-0.012515
9.852,-0.01249
9.854,-0.012465
9.856,-0.01244
9.858,-0.012415
9.86,-0.012391
9.862,-0.012366
9.864,-0.012341
9.866,-0.012316
9.868,-0.012292
9.87,-0.012267
9.872,-0.012243
9.874,-0.012218
9.876,-0.012194
9.878,-0.01217
9.88,-0.012145
9.882,-0.012121
9.884,-0.012097
9.886,-0.012073
9.888,-0.012048
9.89,-0.012024
9.892,-0.012
9.894,-0.011976
9.896,-0.011952
9.898,-0.011929
9.9,-0.011905
9.902,-0.011881
9.904,-0.011857
9.906,-0.011834
9.908,-0.01181
9.91,-0.011786
9.912,-0.011763
9.914,-0.011739
9.916,-0.011716
9.918,-0.011692
9.92,-0.011669
9.922,-0.011646
9.924,-0.011622
9.926,-0.011599
9.928,-0.011576
9.93,-0.011553
9.932,-0.01153
9.934,-0.011507
9.936,-0.011484
9.938,-0.011461
9.94,-0.011438
9.942,-0.011415
9.944,-0.011392
9.946,-0.01137
9.948,-0.011347
9.95,-0.011324
9.952,-0.011302
9.954,-0.011279
9.956,-0.011256
9.958,-0.011234
9.96,-0.011211
9.962,-0.011189
9.964,-0.011167
9.966,-0.011144
9.968,-0.011122
9.97,-0.0111
9.972,-0.011078
9.974,-0.011056
9.976,-0.011034
9.978,-0.011011
9.98,-0.010989
9.982,-0.010968
9.984,-0.010946
9.986,-0.010924
9.988,-0.010902
9.99,-0.01088
9.992,-0.010858
9.994,-0.010837
9.996,-0.010815
9.998,-0.010793
10,-0.010772
