0,-1.1164
0.002,-1.2398
0.004,-1.3402
0.006,-1.4296
0.008,-1.4949
0.01,-1.5546
0.012,-1.6029
0.014,-1.6421
0.016,-1.6738
0.018,-1.6995
0.02,-1.7203
0.022,-1.7372
0.024,-1.7508
0.026,-1.7619
0.028,-1.7709
0.03,-1.7781
0.032,-1.7871
0.034,-1.7915
0.036,-1.7978
0.038,-1.8031
0.04,-1.805
0.042,-1.8089
0.044,-1.8122
0.046,-1.815
0.048,-1.8175
0.05,-1.8196
0.052,-1.8215
0.054,-1.8233
0.056,-1.8249
0.058,1.8278
0.06,1.8291
0.062,1.8317
0.064,1.8341
0.066,1.8363
0.068,1.8385
0.07,1.8406
0.072,1.8426
0.074,1.8453
0.076,1.8473
0.078,1.8498
0.08,1.8522
0.082,1.8545
0.084,1.857
0.086,1.8592
0.088,1.8615
0.09,1.8636
0.092,1.8657
0.094,1.8677
0.096,1.8691
0.098,1.8704
0.1,1.8725
0.102,1.8736
0.104,1.8736
0.106,1.8747
0.108,1.8757
0.11,1.8752
0.112,1.8763
0.114,1.8755
0.116,1.8747
0.118,1.8739
0.12,1.8707
0.122,1.8698
0.124,1.8664
0.126,1.8654
0.128,1.8616
0.13,1.8577
0.132,1.8566
0.134,1.8492
0.136,1.8481
0.138,1.8434
0.14,1.8385
0.142,1.8335
0.144,1.8283
0.146,1.8191
0.148,1.8136
0.15,1.8078
0.152,1.8018
0.154,1.7954
0.156,1.7929
0.158,1.7857
0.16,1.7782
0.162,1.7747
0.164,1.7662
0.166,1.7575
0.168,1.753
0.17,1.7479
0.172,1.7378
0.174,1.732
0.176,1.7258
0.178,1.719
0.18,1.7165
0.182,1.7085
0.184,1.7002
0.186,1.6962
0.188,1.6869
0.19,1.682
0.192,1.6765
0.194,1.6705
0.196,1.664
0.198,1.657
0.2,1.6543
0.202,1.6463
0.204,1.6426
0.206,1.6337
0.208,1.6291
0.21,1.6241
0.212,1.6186
0.214,1.6126
0.216,1.6108
0.218,1.6039
0.22,1.6012
0.222,1.5936
0.224,1.5901
0.226,1.5862
0.228,1.5819
0.23,1.5772
0.232,1.5764
0.234,1.571
0.236,1.5694
0.238,1.5634
0.24,1.5612
0.242,1.5587
0.244,1.5559
0.246,1.5566
0.248,1.5531
0.25,1.5495
0.252,1.5493
0.254,1.5488
0.256,1.548
0.258,1.5435
0.26,1.5458
0.262,1.5444
0.264,1.5429
0.266,1.5444
0.268,1.5425
0.27,1.5437
0.272,1.5446
0.274,1.5454
0.276,1.546
0.278,1.5465
0.28,1.5469
0.282,1.5472
0.284,1.5502
0.286,1.553
0.288,1.5556
0.29,1.5556
0.292,1.5605
0.294,-1.5629
0.296,-1.5652
0.298,-1.5697
0.3,-1.574
0.302,-1.5782
0.304,-1.5824
0.306,-1.5864
0.308,-1.5905
0.31,-1.5962
0.312,-1.6003
0.314,-1.6058
0.316,-1.6113
0.318,-1.6168
0.32,-1.6234
0.322,-1.63
0.324,-1.6355
0.326,-1.6419
0.328,-1.6483
0.33,-1.6553
0.332,-1.6618
0.334,-1.6686
0.336,-1.6755
0.338,-1.6823
0.34,-1.6891
0.342,-1.6957
0.344,-1.7026
0.346,-1.7091
0.348,-1.7156
0.35,-1.7214
0.352,-1.728
0.354,-1.7336
0.356,-1.7391
0.358,-1.7446
0.36,-1.75
0.362,-1.7538
0.364,-1.7575
0.366,-1.7611
0.368,-1.7646
0.37,-1.7657
0.372,-1.7692
0.374,-1.7698
0.376,-1.7703
0.378,-1.7676
0.38,-1.7647
0.382,-1.765
0.384,-1.7615
0.386,-1.7538
0.388,-1.75
0.39,-1.7458
0.392,-1.7368
0.394,-1.7276
0.396,-1.7228
0.398,-1.7124
0.4,-1.7017
0.402,-1.6906
0.404,-1.6844
0.406,-1.6718
0.408,-1.6588
0.41,-1.6451
0.412,-1.6429
0.414,-1.6273
0.416,-1.6173
0.418,-1.6065
0.42,-1.601
0.422,-1.588
0.424,-1.5805
0.426,-1.5655
0.428,-1.5562
0.43,-1.5458
0.432,-1.5344
0.434,-1.5286
0.436,-1.5148
0.438,-1.5068
0.44,-1.4976
0.442,-1.4872
0.444,-1.4758
0.446,-1.4635
0.448,-1.4568
0.45,-1.4488
0.452,-1.4397
0.454,-1.4296
0.456,-1.4185
0.458,-1.4066
0.46,-1.4003
0.462,-1.3864
0.464,-1.3783
0.466,-1.3693
0.468,-1.3593
0.47,-1.3547
0.472,-1.3429
0.474,-1.3366
0.476,-1.3293
0.478,-1.3153
0.48,-1.3127
0.482,-1.3033
0.484,-1.2932
0.486,-1.2883
0.488,-1.277
0.49,-1.271
0.492,-1.2642
0.494,-1.2623
0.496,-1.2541
0.498,-1.2455
0.5,-1.2418
0.502,-1.2375
0.504,-1.2325
0.506,-1.2271
0.508,-1.2213
0.51,-1.215
0.512,-1.2133
0.514,-1.2063
0.516,-1.2038
0.518,-1.2008
0.52,-1.1974
0.522,-1.1936
0.524,-1.194
0.526,-1.1939
0.528,-1.1891
0.53,-1.1883
0.532,-1.1873
0.534,-1.1859
0.536,-1.1882
0.538,-1.1863
0.54,-1.188
0.542,-1.1894
0.544,-1.1869
0.546,-1.188
0.548,-1.1888
0.55,-1.1929
0.552,-1.1934
0.554,-1.1971
0.556,-1.2005
0.558,-1.2038
0.56,-1.2069
0.562,-1.2099
0.564,1.2157
0.566,1.2185
0.568,1.2268
0.57,1.2295
0.572,1.2374
0.574,1.2426
0.576,1.2478
0.578,1.2553
0.58,1.2605
0.582,1.27
0.584,1.2773
0.586,1.2847
0.588,1.292
0.59,1.3011
0.592,1.3102
0.594,1.3178
0.596,1.3283
0.598,1.3375
0.6,1.3467
0.602,1.3572
0.604,1.3676
0.606,1.3781
0.608,1.3887
0.61,1.3993
0.612,1.4106
0.614,1.4215
0.616,1.4329
0.618,1.4443
0.62,1.4557
0.622,1.4673
0.624,1.479
0.626,1.4906
0.628,1.5022
0.63,1.5139
0.632,1.5257
0.634,1.5367
0.636,1.5477
0.638,1.5588
0.64,1.5699
0.642,1.581
0.644,1.5906
0.646,1.6001
0.648,1.6096
0.65,1.6191
0.652,1.6262
0.654,1.6333
0.656,1.6402
0.658,1.6442
0.66,1.6512
0.662,1.6546
0.664,1.6544
0.666,1.6576
0.668,1.6567
0.67,1.6555
0.672,1.6539
0.674,1.6473
0.676,1.6451
0.678,1.6374
0.68,1.6292
0.682,1.615
0.684,1.606
0.686,1.5963
0.688,1.5859
0.69,1.5683
0.692,1.5566
0.694,1.5439
0.696,1.5303
0.698,1.5156
0.7,1.5071
0.702,1.4898
0.704,1.4788
0.706,1.4665
0.708,1.4527
0.71,1.4451
0.712,1.428
0.714,1.4175
0.716,1.413
0.718,1.3986
0.72,1.3829
0.722,1.3736
0.724,1.3625
0.726,1.3497
0.728,1.3432
0.73,1.3346
0.732,1.3167
0.734,1.3129
0.736,1.2995
0.738,1.2848
0.74,1.2764
0.742,1.2663
0.744,1.2548
0.746,1.242
0.748,1.228
0.75,1.2202
0.752,1.2037
0.754,1.1936
0.756,1.1822
0.758,1.1698
0.76,1.1633
0.762,1.1486
0.764,1.14
0.766,1.1302
0.768,1.1195
0.77,1.108
0.772,1.1021
0.774,1.0887
0.776,1.0812
0.778,1.0727
0.78,1.0634
0.782,1.0534
0.784,1.0428
0.786,1.0377
0.788,1.0257
0.79,1.0193
0.792,1.0121
0.794,1.0043
0.796,0.99604
0.798,0.99282
0.8,0.98335
0.802,0.97898
0.804,0.97398
0.806,0.96846
0.808,0.96247
0.81,0.96117
0.812,0.9542
0.814,0.9519
0.816,0.94907
0.818,0.9458
0.82,0.94214
0.822,0.94273
0.824,0.93827
0.826,0.93803
0.828,-0.93735
0.83,-0.93631
0.832,-0.93496
0.834,-0.93337
0.836,-0.93557
0.838,-0.93344
0.84,-0.93506
0.842,-0.93636
0.844,-0.93742
0.846,-0.93828
0.848,-0.93898
0.85,-0.94302
0.852,-0.94339
0.854,-0.94703
0.856,-0.95047
0.858,0.95689
0.86,0.95998
0.862,-0.96301
0.864,-0.9689
0.866,-0.97464
0.868,-0.98027
0.87,-0.98583
0.872,-0.99134
0.874,-0.99933
0.876,-1.0048
0.878,-1.0127
0.88,-1.0205
0.882,-1.0283
0.884,-1.0361
0.886,-1.046
0.888,-1.0539
0.89,-1.0638
0.892,-1.0737
0.894,-1.0836
0.896,-1.0936
0.898,-1.1037
0.9,-1.1153
0.902,-1.127
0.904,-1.1388
0.906,-1.1507
0.908,-1.1627
0.91,-1.1749
0.912,-1.188
0.914,-1.2005
0.916,-1.2138
0.918,-1.2272
0.92,-1.2412
0.922,-1.2551
0.924,-1.2693
0.926,-1.2835
0.928,-1.2979
0.93,-1.3124
0.932,-1.3268
0.934,-1.3418
0.936,-1.3564
0.938,-1.3711
0.94,-1.386
0.942,-1.4009
0.944,-1.4149
0.946,-1.4291
0.948,-1.4433
0.95,-1.4577
0.952,-1.472
0.954,-1.4845
0.956,-1.4971
0.958,-1.5097
0.96,-1.5223
0.962,-1.5322
0.964,-1.5422
0.966,-1.552
0.968,-1.5586
0.97,-1.5684
0.972,-1.5708
0.974,-1.5768
0.976,-1.5826
0.978,-1.5837
0.98,-1.58
0.982,-1.5807
0.984,-1.576
0.986,-1.5707
0.988,-1.5594
0.99,-1.5476
0.992,-1.5412
0.994,-1.5277
0.996,-1.5134
0.998,-1.4983
1,-1.4823
1.002,-1.4653
1.004,-1.4473
1.006,-1.4358
1.008,-1.415
1.01,-1.401
1.012,-1.3855
1.014,-1.3683
1.016,-1.3497
1.018,-1.3463
1.02,-1.3318
1.022,-1.3156
1.024,-1.3061
1.026,-1.2943
1.028,-1.2805
1.03,-1.2647
1.032,-1.2557
1.034,-1.2443
1.036,-1.2309
1.038,-1.2155
1.04,-1.2069
1.042,-1.1876
1.044,-1.1753
1.046,-1.1694
1.048,-1.1529
1.05,-1.135
1.052,-1.1239
1.054,-1.1111
1.056,-1.0966
1.058,-1.0806
1.06,-1.0714
1.062,-1.0525
1.064,-1.0405
1.066,-1.027
1.068,-1.0123
1.07,-0.99646
1.072,-0.9872
1.074,-0.97647
1.076,-0.95709
1.078,-0.94449
1.08,-0.9381
1.082,-0.92308
1.084,-0.90734
1.086,-0.89798
1.088,-0.88754
1.09,-0.87616
1.092,-0.86396
1.094,-0.85107
1.096,-0.83756
1.098,0.83006
1.1,0.82162
1.102,0.81236
1.104,0.8024
1.106,0.79184
1.108,0.78685
1.11,0.77497
1.112,0.76868
1.114,0.75585
1.116,0.74859
1.118,0.74643
1.12,0.73779
1.122,0.72878
1.124,0.72488
1.126,0.72031
1.128,0.71519
1.13,0.7096
1.132,0.7036
1.134,0.69727
1.136,0.69555
1.138,0.69324
1.14,0.68571
1.142,0.68275
1.144,0.67939
1.146,0.68019
1.148,0.67602
1.15,0.67596
1.152,0.67546
1.154,0.67459
1.156,0.6734
1.158,0.67196
1.16,0.6703
1.162,0.67231
1.164,0.67019
1.166,0.67167
1.168,0.67287
1.17,0.67384
1.172,0.67463
1.174,0.67865
1.176,0.67908
1.178,0.68266
1.18,0.68604
1.182,0.68925
1.184,0.69233
1.186,0.69533
1.188,-0.70111
1.19,-0.70673
1.192,-0.70952
1.194,-0.71497
1.196,-0.72036
1.198,-0.72819
1.2,-0.73352
1.202,-0.74121
1.204,-0.74659
1.206,-0.75424
1.208,-0.76189
1.21,-0.77163
1.212,-0.77941
1.214,-0.78726
1.216,-0.79704
1.218,-0.80689
1.22,-0.81684
1.222,-0.8269
1.224,-0.8386
1.226,-0.84901
1.228,-0.86092
1.23,-0.87299
1.232,-0.88403
1.234,-0.89748
1.236,-0.91011
1.238,0.92291
1.24,0.9368
1.242,0.95092
1.244,0.96527
1.246,0.97986
1.248,0.99467
1.25,1.0102
1.252,1.0256
1.254,1.0415
1.256,1.0574
1.258,1.0737
1.26,1.0904
1.262,1.1073
1.264,1.1242
1.266,1.1414
1.268,1.1592
1.27,1.1762
1.272,1.1941
1.274,1.2122
1.276,1.2297
1.278,1.2473
1.28,1.2652
1.282,1.2832
1.284,1.3001
1.286,1.3186
1.288,1.3355
1.29,1.3526
1.292,1.3678
1.294,1.3853
1.296,1.4005
1.298,1.4157
1.3,1.4283
1.302,1.4437
1.304,1.456
1.306,1.4682
1.308,1.4768
1.31,1.4853
1.312,1.4936
1.314,1.5016
1.316,1.5048
1.318,1.5078
1.32,1.5054
1.322,1.5078
1.324,1.4987
1.326,1.4949
1.328,1.4843
1.33,1.473
1.332,1.4544
1.334,1.442
1.336,1.4285
1.338,1.4065
1.34,1.3913
1.342,1.3668
1.344,1.3494
1.346,1.3304
1.348,1.31
1.35,1.2967
1.352,1.2813
1.354,1.2639
1.356,1.2445
1.358,1.2323
1.36,1.2176
1.362,1.2007
1.364,1.1908
1.366,1.1782
1.368,1.1631
1.37,1.155
1.372,1.1347
1.374,1.1219
1.376,1.1066
1.378,1.0983
1.38,1.0872
1.382,1.0646
1.384,1.0586
1.386,1.0409
1.388,1.0214
1.39,1.0092
1.392,0.99487
1.394,0.97869
1.396,0.96949
1.398,0.94955
1.4,0.93689
1.402,0.91405
1.404,0.90705
1.406,0.88966
1.408,0.8711
1.41,0.85962
1.412,0.83856
1.414,0.82474
1.416,0.80968
1.418,0.79354
1.42,0.77645
1.422,0.76619
1.424,-0.7546
1.426,-0.74188
1.428,-0.72819
1.43,-0.71365
1.432,-0.6984
1.434,-0.6896
1.436,-0.67274
1.438,-0.6624
1.44,-0.65119
1.442,-0.63925
1.444,-0.62668
1.446,-0.62009
1.448,-0.60612
1.45,-0.59816
1.452,-0.58944
1.454,-0.58007
1.456,-0.57014
1.458,-0.55975
1.46,-0.54896
1.462,-0.54365
1.464,-0.5319
1.466,-0.52561
1.468,-0.51875
1.47,-0.5114
1.472,-0.50898
1.474,-0.50056
1.476,-0.49705
1.478,-0.48787
1.48,-0.48358
1.482,-0.47881
1.484,-0.47364
1.486,-0.46814
1.488,-0.46702
1.49,-0.46074
1.492,-0.4588
1.494,-0.4564
1.496,-0.45362
1.498,-0.45051
1.5,-0.44714
1.502,-0.44761
1.504,-0.44362
1.506,-0.44342
1.508,-0.44285
1.51,-0.44197
1.512,-0.44084
1.514,-0.4395
1.516,-0.44151
1.518,-0.4397
1.52,-0.44118
1.522,-0.44238
1.524,-0.44335
1.526,-0.44414
1.528,-0.44478
1.53,-0.4453
1.532,-0.44869
1.534,-0.45184
1.536,-0.452
1.538,-0.45491
1.54,-0.46038
1.542,-0.46302
1.544,0.46813
1.546,0.47065
1.548,0.47558
1.55,0.48042
1.552,0.48522
1.554,0.49
1.556,0.49692
1.558,0.50173
1.56,0.50859
1.562,0.51352
1.564,0.52042
1.566,0.52918
1.568,0.53624
1.57,0.54339
1.572,0.55227
1.574,0.56127
1.576,0.56888
1.578,0.57807
1.58,0.58742
1.582,0.59826
1.584,0.60804
1.586,0.6192
1.588,0.63058
1.59,0.6422
1.592,0.65405
1.594,0.66615
1.596,0.67847
1.598,0.69186
1.6,0.70481
1.602,0.71868
1.604,0.73287
1.606,0.74737
1.608,0.76216
1.61,0.77768
1.612,0.79325
1.614,0.80936
1.616,0.82585
1.618,0.8427
1.62,0.85989
1.622,-0.87739
1.624,-0.89544
1.626,-0.91358
1.628,-0.93211
1.63,-0.95136
1.632,-0.96994
1.634,-0.98953
1.636,-1.0088
1.638,-1.0292
1.64,-1.0489
1.642,-1.069
1.644,-1.0895
1.646,-1.109
1.648,-1.1302
1.65,-1.1502
1.652,-1.1705
1.654,-1.1911
1.656,-1.2118
1.658,-1.2308
1.66,-1.25
1.662,-1.2694
1.664,-1.2889
1.666,-1.306
1.668,-1.3259
1.67,-1.3429
1.672,-1.3598
1.674,-1.3735
1.676,-1.3872
1.678,-1.4008
1.68,-1.4104
1.682,-1.4239
1.684,-1.4284
1.686,-1.4373
1.688,-1.4409
1.69,-1.4441
1.692,-1.4415
1.694,-1.4383
1.696,-1.4345
1.698,-1.4237
1.7,-1.4122
1.702,-1.3999
1.704,-1.3793
1.706,-1.3655
1.708,-1.3426
1.71,-1.3186
1.712,-1.3018
1.714,-1.2747
1.716,-1.2552
1.718,-1.243
1.72,-1.2192
1.722,-1.203
1.724,-1.1846
1.726,-1.1638
1.728,-1.1506
1.73,-1.1346
1.732,-1.116
1.734,-1.1048
1.736,-1.0906
1.738,-1.0835
1.74,-1.073
1.742,-1.0498
1.744,-1.0441
1.746,-1.0253
1.748,-1.014
1.75,-0.99986
1.752,-0.98322
1.754,-0.96433
1.756,-0.95288
1.758,-0.93885
1.76,-0.92254
1.762,-0.90421
1.764,-0.88408
1.766,-0.87148
1.768,-0.85672
1.77,-0.84008
1.772,-0.82179
1.774,-0.80206
1.776,-0.78974
1.778,-0.76702
1.78,-0.75194
1.782,-0.73542
1.784,-0.71763
1.786,-0.707
1.788,0.68661
1.79,0.67355
1.792,0.65921
1.794,0.64377
1.796,0.62738
1.798,0.61019
1.8,0.5999
1.802,0.58094
1.804,0.56895
1.806,0.55602
1.808,0.54229
1.81,0.52788
1.812,0.51291
1.814,0.49746
1.816,0.48845
1.818,0.47856
1.82,0.46792
1.822,0.45012
1.824,0.44522
1.826,0.43294
1.828,0.4203
1.83,0.41354
1.832,0.39997
1.834,0.39226
1.836,0.38396
1.838,0.37518
1.84,0.36599
1.842,0.36206
1.844,0.35189
1.846,0.34696
1.848,0.34143
1.85,0.33022
1.852,0.32415
1.854,0.31769
1.856,0.31587
1.858,0.30851
1.86,0.30573
1.862,0.29776
1.864,0.29431
1.866,0.29045
1.868,0.28623
1.87,0.28172
1.872,0.28122
1.874,0.276
1.876,0.27474
1.878,0.27304
1.88,0.26707
1.882,0.26877
1.884,0.26613
1.886,0.26328
1.888,0.26025
1.89,0.26062
1.892,0.26059
1.894,0.25687
1.896,0.25644
1.898,0.25575
1.9,0.258
1.902,0.25677
1.904,0.25542
1.906,0.25692
1.908,0.25813
1.91,0.25912
1.912,0.25718
1.914,0.25794
1.916,0.26117
1.918,0.26158
1.92,0.26191
1.922,0.26462
1.924,0.26715
1.926,0.26954
1.928,0.27183
1.93,0.27403
1.932,-0.27619
1.934,-0.28037
1.936,-0.28244
1.938,-0.28647
1.94,-0.29044
1.942,-0.29439
1.944,-0.29833
1.946,-0.30228
1.948,-0.30793
1.95,-0.31198
1.952,-0.31765
1.954,-0.32337
1.956,-0.32916
1.958,-0.33504
1.96,-0.34102
1.962,-0.34711
1.964,-0.35458
1.966,-0.36219
1.968,-0.36882
1.97,-0.37669
1.972,-0.38475
1.974,-0.39401
1.976,-0.40257
1.978,-0.41132
1.98,-0.42115
1.982,-0.43126
1.984,-0.44087
1.986,-0.45214
1.988,-0.46312
1.99,-0.47438
1.992,-0.48591
1.994,-0.49826
1.996,-0.51049
1.998,-0.52388
2,-0.53701
2.002,-0.55104
2.004,-0.56529
2.006,-0.57988
2.008,-0.59499
2.01,-0.61058
2.012,-0.62654
2.014,-0.6428
2.016,-0.65949
2.018,-0.67651
2.02,-0.69425
2.022,-0.71213
2.024,-0.7308
2.026,-0.7491
2.028,-0.76889
2.03,-0.78842
2.032,-0.80783
2.034,0.82844
2.036,0.84868
2.038,0.86944
2.04,0.89067
2.042,0.91231
2.044,0.93432
2.046,0.95554
2.048,0.97849
2.05,1.0004
2.052,1.0226
2.054,1.0452
2.056,1.0681
2.058,1.0895
2.06,1.1113
2.062,1.1334
2.064,1.1558
2.066,1.1783
2.068,1.1985
2.07,1.2189
2.072,1.2395
2.074,1.2602
2.076,1.2778
2.078,1.2954
2.08,1.3131
2.082,1.327
2.084,1.3409
2.086,1.3546
2.088,1.3681
2.09,1.3766
2.092,1.3849
2.094,1.3876
2.096,1.3899
2.098,1.3917
2.1,1.3869
2.102,1.3814
2.104,1.3685
2.106,1.3549
2.108,1.3404
2.11,1.3248
2.112,1.3001
2.114,1.2744
2.116,1.256
2.118,1.2271
2.12,1.206
2.122,1.183
2.124,1.1676
2.126,1.1497
2.128,1.1295
2.13,1.1069
2.132,1.092
2.134,1.0742
2.136,1.0537
2.138,1.0408
2.14,1.0248
2.142,1.0161
2.144,1.0039
2.146,0.98848
2.148,0.97018
2.15,0.95939
2.152,0.9454
2.154,0.92852
2.156,0.90906
2.158,0.89723
2.16,0.8825
2.162,0.86519
2.164,0.8456
2.166,0.83366
2.168,0.80953
2.17,0.79344
2.172,0.77525
2.174,0.76456
2.176,0.74222
2.178,0.72773
2.18,0.70226
2.182,0.68488
2.184,0.66599
2.186,0.65459
2.188,-0.6326
2.19,-0.61834
2.192,-0.6026
2.194,-0.58559
2.196,-0.5675
2.198,-0.54848
2.2,-0.52869
2.202,-0.51628
2.204,-0.49474
2.206,-0.48066
2.208,-0.46565
2.21,-0.44983
2.212,-0.43336
2.214,-0.42377
2.216,-0.40577
2.218,-0.39471
2.22,-0.3757
2.222,-0.36363
2.224,-0.35091
2.226,-0.33767
2.228,-0.324
2.23,-0.31661
2.232,-0.30186
2.234,-0.29339
2.236,-0.27794
2.238,-0.26874
2.24,-0.25904
2.242,-0.24893
2.244,-0.24442
2.246,-0.23329
2.248,-0.22202
2.25,-0.21629
2.252,-0.20446
2.254,-0.19812
2.256,-0.19134
2.258,-0.18421
2.26,-0.17679
2.262,-0.17421
2.264,-0.16603
2.266,-0.16263
2.268,-0.15395
2.27,-0.14999
2.272,-0.14564
2.274,-0.14097
2.276,-0.13603
2.278,-0.13089
2.28,-0.12557
2.282,-0.1243
2.284,-0.11846
2.286,-0.1166
2.288,-0.11435
2.29,-0.11179
2.292,-0.10895
2.294,-0.10589
2.296,-0.10266
2.298,-0.10279
2.3,-0.099048
2.302,-0.098604
2.304,-0.097804
2.306,-0.096708
2.308,-0.095365
2.31,-0.093817
2.312,-0.092097
2.314,-0.090236
2.316,-0.091092
2.318,-0.08884
2.32,-0.089234
2.322,-0.089348
2.324,-0.089229
2.326,-0.086426
2.328,-0.088542
2.33,-0.087923
2.332,-0.087196
2.334,-0.088617
2.336,-0.087607
2.338,-0.088678
2.34,-0.089545
2.342,-0.090248
2.344,-0.090817
2.346,-0.091278
2.348,-0.091651
2.35,-0.091954
2.352,-0.092199
2.354,-0.094096
2.356,-0.095837
2.358,-0.097462
2.36,-0.097481
2.362,-0.099007
2.364,0.10047
2.366,0.10328
2.368,0.10466
2.37,0.10732
2.372,0.1087
2.374,0.11129
2.376,0.11387
2.378,0.11646
2.38,0.11907
2.382,0.12171
2.384,0.1244
2.386,0.12714
2.388,0.13086
2.39,0.13378
2.392,0.13761
2.394,0.14154
2.396,0.14558
2.398,0.14973
2.4,0.15401
2.402,0.15842
2.404,0.1636
2.406,0.16838
2.408,0.17387
2.41,0.17956
2.412,0.18497
2.414,0.19099
2.416,0.19723
2.418,0.20412
2.42,0.21095
2.422,0.218
2.424,0.2256
2.426,0.23354
2.428,0.24153
2.43,0.24997
2.432,0.25875
2.434,0.26785
2.436,0.27743
2.438,0.28736
2.44,0.29758
2.442,0.30817
2.444,0.31922
2.446,0.33072
2.448,0.34265
2.45,0.35499
2.452,0.36774
2.454,0.38087
2.456,0.39426
2.458,0.40837
2.46,0.42263
2.462,0.43744
2.464,0.45275
2.466,0.46856
2.468,0.48484
2.47,0.5012
2.472,0.51863
2.474,0.53599
2.476,0.55396
2.478,0.57251
2.48,0.5916
2.482,0.61118
2.484,0.63123
2.486,0.65099
2.488,0.6722
2.49,0.69293
2.492,0.71425
2.494,0.7361
2.496,0.75845
2.498,0.78124
2.5,-0.80328
2.502,-0.82594
2.504,-0.84917
2.506,-0.87289
2.508,-0.89705
2.51,-0.92158
2.512,-0.94475
2.514,-0.97022
2.516,-0.994
2.518,-1.0182
2.52,-1.0427
2.522,-1.0652
2.524,-1.0881
2.526,-1.1114
2.528,-1.1349
2.53,-1.1585
2.532,-1.1822
2.534,-1.2028
2.536,-1.2202
2.538,-1.2414
2.54,-1.2587
2.542,-1.2761
2.544,-1.2933
2.546,-1.306
2.548,-1.3231
2.55,-1.3302
2.552,-1.337
2.554,-1.3435
2.556,-1.3495
2.558,-1.349
2.56,-1.3416
2.562,-1.3336
2.564,-1.3249
2.566,-1.3152
2.568,-1.2969
2.57,-1.2776
2.572,-1.2488
2.574,-1.2276
2.576,-1.2048
2.578,-1.1804
2.58,-1.1543
2.582,-1.1263
2.584,-1.1064
2.586,-1.084
2.588,-1.0593
2.59,-1.0424
2.592,-1.0227
2.594,-1
2.596,-0.98532
2.598,-0.97789
2.6,-0.96658
2.602,-0.95173
2.604,-0.93364
2.606,-0.92314
2.608,-0.90909
2.61,-0.89185
2.612,-0.87172
2.614,-0.85939
2.616,-0.84387
2.618,-0.83574
2.62,-0.81406
2.622,-0.80032
2.624,-0.77382
2.626,-0.75569
2.628,-0.73533
2.63,-0.72282
2.632,-0.69805
2.634,-0.6911
2.636,-0.67179
2.638,-0.6508
2.64,-0.62837
2.642,-0.60468
2.644,-0.58909
2.646,0.5718
2.648,0.55307
2.65,0.54191
2.652,0.52023
2.654,0.49775
2.656,0.48312
2.658,0.4588
2.66,0.44245
2.662,0.43331
2.664,0.41454
2.666,0.39516
2.668,0.37529
2.67,0.35504
2.672,0.34222
2.674,0.32852
2.676,0.31408
2.678,0.29905
2.68,0.28354
2.682,0.26765
2.684,0.25147
2.686,0.24208
2.688,0.23191
2.69,0.22111
2.692,0.20316
2.694,0.19195
2.696,0.18037
2.698,0.16851
2.7,0.16267
2.702,0.14997
2.704,0.14327
2.706,0.13009
2.708,0.12286
2.71,0.11521
2.712,0.10159
2.714,0.093813
2.716,0.091241
2.718,0.082619
2.72,0.073926
2.722,0.065205
2.724,0.06157
2.726,0.057467
2.728,0.048126
2.73,0.043754
2.732,0.039098
2.734,0.034222
2.736,0.02918
2.738,0.024018
2.74,0.023099
2.742,0.017461
2.744,0.015989
2.746,0.010088
2.748,0.008267
2.75,0.0022584
2.752,0.00023979
2.754,-0.002011
2.756,-0.0044452
2.758,-0.0070209
2.76,-0.006229
2.762,-0.0092838
2.764,-0.012354
2.766,-0.012176
2.768,-5.4679
2.77,-5.4985
2.772,-5.322
2.774,-5.1948
2.776,-4.5443
2.778,-4.7835
2.78,-4.4635
2.782,-4.1969
2.784,-3.6471
2.786,-2.9275
2.788,-3.0943
2.79,-2.1314
2.792,-1.833
2.794,-1.5757
2.796,-1.0242
2.798,-0.29287
2.8,0.36473
2.802,0.71973
2.804,1.2742
2.806,1.5364
2.808,2.0074
2.81,2.1945
2.812,2.5978
2.814,2.724
2.816,3.0726
2.818,3.3856
2.82,3.6668
2.822,3.9192
2.824,4.1458
2.826,4.3491
2.828,4.5315
2.83,4.9312
2.832,4.7234
2.834,4.5257
2.836,4.1007
2.838,4.5107
2.84,4.5484
2.842,3.7683
2.844,3.8486
2.846,3.9108
2.848,3.1528
2.85,3.2529
2.852,2.7653
2.854,2.5418
2.856,2.0843
2.858,1.6516
2.86,2.0451
2.862,1.5859
2.864,1.1518
2.866,0.97652
2.868,0.79849
2.87,0.61801
2.872,0.1991
2.874,0.037447
2.876,-0.36452
2.878,0.056655
2.88,-0.14137
2.882,-0.57608
2.884,-0.4206
2.886,-0.62214
2.888,-1.06
2.89,-0.67114
2.892,-0.5669
2.894,-0.81455
2.896,-0.72635
2.898,-0.65709
2.9,-0.60488
2.902,-0.56801
2.904,-0.30873
2.906,-0.32111
2.908,0.22519
2.91,-0.086331
2.912,0.095028
2.914,0.012508
2.916,0.49569
2.918,0.12736
2.92,0.25759
2.922,0.46039
2.924,0.31158
2.926,0.16752
2.928,0.59531
2.93,0.41337
2.932,0.80707
2.934,0.59444
2.936,0.39295
2.938,0.76906
2.94,0.54059
2.942,0.89243
2.944,0.64212
2.946,0.97429
2.948,0.70628
2.95,0.45495
2.952,0.7862
2.954,0.51736
2.956,0.26529
2.958,0.59587
2.96,0.32644
2.962,0.07382
2.964,0.40391
2.966,0.13404
2.968,0.68483
2.97,0.37797
2.972,0.091667
2.974,0.39144
2.976,0.094284
2.978,-0.18328
2.98,0.12435
2.982,0.0705
2.984,0.34386
2.986,0.022928
2.988,0.29154
2.99,-0.033676
2.992,0.23108
2.994,-0.097595
2.996,0.16404
2.998,-0.16744
3,0.091673
3.002,-0.24208
3.004,-0.55259
3.006,-0.2746
3.008,-0.02379
3.01,-0.36502
3.012,-0.11468
3.014,-0.45634
3.016,-0.20638
3.018,0.0192
3.02,-0.34474
3.022,-0.11484
3.024,-0.47488
3.026,-0.24148
3.028,-0.030796
3.03,-0.40814
3.032,-0.19031
3.034,-0.22988
3.036,-0.59683
3.038,-0.36963
3.04,-0.16455
3.042,0.020647
3.044,-0.048299
3.046,-0.44169
3.048,-0.23829
3.05,-0.054624
3.052,-0.12494
3.054,0.048008
3.056,-0.3633
3.058,-0.41226
3.06,-0.22009
3.062,-0.046522
3.064,-0.12593
3.066,0.038832
3.068,0.18773
3.07,-0.48145
3.072,-0.29064
3.074,-0.1183
3.076,-0.19882
3.078,-0.03505
3.08,-0.12328
3.082,0.033551
3.084,0.17531
3.086,-0.5003
3.088,-0.31528
3.09,-0.14815
3.092,-0.23335
3.094,-0.073795
3.096,-0.16582
3.098,-0.012405
3.1,-0.10995
3.102,0.038487
3.104,-0.063536
3.106,-0.4867
3.108,-0.54633
3.11,-0.36376
3.112,-0.43507
3.114,-0.26301
3.116,-0.34379
3.118,-0.18025
3.12,-0.26868
3.122,-0.11204
3.124,-0.20668
3.126,-0.055621
3.128,-0.15529
3.13,-0.24499
3.132,-0.089491
3.134,-0.18516
3.136,-0.035028
3.138,-0.13553
3.14,-0.22598
3.142,-0.071153
3.144,-0.16743
3.146,-0.25408
3.148,-0.095825
3.15,-0.18902
3.152,-0.27289
3.154,-0.11215
3.156,-0.2031
3.158,-0.048717
3.16,-0.14539
3.162,-0.2324
3.164,-0.074481
3.166,-0.16797
3.168,-0.25211
3.17,-0.32783
3.172,-0.15975
3.174,-0.2441
3.176,-0.32001
3.178,-0.38833
3.18,-0.44982
3.182,-0.26893
3.184,-0.34175
3.186,-0.40728
3.188,-0.23003
3.19,-0.30612
3.192,-0.3746
3.194,-0.43624
3.196,-0.49171
3.198,-0.54163
3.2,-0.58657
3.202,-0.39077
3.204,-0.45018
3.206,0.063934
3.208,-0.030203
3.21,-0.11493
3.212,-0.19118
3.214,-0.2598
3.216,-0.32157
3.218,0.19042
3.22,0.094371
3.222,0.0079282
3.224,-0.06987
3.226,-0.13989
3.228,0.36467
3.23,0.26193
3.232,0.16947
3.234,0.086256
3.236,0.011362
3.238,-0.056042
3.24,-0.11671
3.242,0.39627
3.244,0.30111
3.246,0.21547
3.248,0.13839
3.25,0.069025
3.252,0.006592
3.254,-0.049597
3.256,-0.10017
3.258,-0.14568
3.26,-0.18664
3.262,0.34406
3.264,0.26487
3.266,0.19359
3.268,0.12944
3.27,0.0717
3.272,0.019738
3.274,-0.027028
3.276,-0.069118
3.278,-0.107
3.28,0.095142
3.282,0.04145
3.284,-0.0068741
3.286,-0.050365
3.288,-0.089507
3.29,-0.12474
3.292,-0.15644
3.294,-0.18498
3.296,-0.21066
3.298,0.3338
3.3,0.26698
3.302,0.20684
3.304,0.15272
3.306,0.10401
3.308,0.060164
3.31,0.020707
3.312,-0.014804
3.314,-0.046765
3.316,-0.075529
3.318,-0.10142
3.32,-0.12472
3.322,-0.14569
3.324,-0.16456
3.326,-0.18154
3.328,-0.19683
3.33,-0.21059
3.332,0.3446
3.334,0.28744
3.336,0.23599
3.338,0.18969
3.34,0.14802
3.342,0.11051
3.344,0.07676
3.346,0.046381
3.348,0.01904
3.35,-0.0055668
3.352,-0.027713
3.354,-0.047645
3.356,-0.065583
3.358,-0.081728
3.36,-0.096258
3.362,-0.10933
3.364,-0.1211
3.366,-0.1317
3.368,-0.14123
3.37,-0.14981
3.372,-0.15753
3.374,-0.16448
3.376,-0.17074
3.378,-0.17637
3.38,-0.18143
3.382,-0.18599
3.384,-0.1901
3.386,0.37378
3.388,0.32444
3.39,0.28003
3.392,0.24006
3.394,0.20409
3.396,0.17172
3.398,0.14258
3.4,0.11636
3.402,0.092757
3.404,0.071516
3.406,0.052399
3.408,0.035194
3.41,0.01971
3.412,0.0057739
3.414,-0.0067685
3.416,-0.018057
3.418,-0.028216
3.42,-0.03736
3.422,-0.045589
3.424,-0.052995
3.426,-0.05966
3.428,-0.065659
3.43,-0.071059
3.432,-0.075918
3.434,-0.080291
3.436,-0.084227
3.438,-0.087769
3.44,-0.090957
3.442,-0.093827
3.444,-0.096409
3.446,-0.098733
3.448,-0.10082
3.45,-0.10271
3.452,-0.1044
3.454,-0.10593
3.456,-0.1073
3.458,-0.10853
3.46,-0.10965
3.462,-0.11065
3.464,-0.11155
3.466,-0.11236
3.468,-0.11309
3.47,-0.11374
3.472,-0.11433
3.474,-0.11487
3.476,-0.11534
3.478,-0.11577
3.48,-0.11616
3.482,-0.11651
3.484,-0.11682
3.486,-0.11711
3.488,-0.11736
3.49,-0.11759
3.492,-0.1178
3.494,-0.11798
3.496,-0.11815
3.498,-0.1183
3.5,-0.11843
3.502,-0.11856
3.504,-0.3549
3.506,-0.89956
3.508,-0.83292
3.51,-0.77294
3.512,-0.71897
3.514,-0.67039
3.516,-0.62666
3.518,-0.58731
3.52,0.015673
3.522,0.0015272
3.524,-0.24744
3.526,-0.23589
3.528,-0.22549
3.53,0.35144
3.532,0.077609
3.534,0.06678
3.536,0.057034
3.538,-0.18797
3.54,-0.17285
3.542,0.40832
3.544,0.37455
3.546,0.34415
3.548,0.080556
3.55,0.078943
3.552,0.077492
3.554,0.64376
3.556,0.59656
3.558,0.55409
3.56,0.51586
3.562,0.48145
3.564,0.21426
3.566,0.2094
3.568,0.20502
3.57,0.20109
3.572,0.19755
3.574,0.19436
3.576,0.19149
3.578,0.18891
3.58,0.18658
3.582,0.18449
3.584,0.18261
3.586,0.18092
3.588,0.17939
3.59,0.17802
3.592,0.17678
3.594,0.17567
3.596,0.17467
3.598,0.17377
3.6,-0.39461
3.602,-0.34932
3.604,-0.30856
3.606,-0.27187
3.608,-0.23886
3.61,-0.20914
3.612,-0.1824
3.614,-0.15833
3.616,-0.13667
3.618,-0.11717
3.62,-0.099626
3.622,-0.083834
3.624,-0.069622
3.626,-0.05683
3.628,-0.045318
3.63,-0.034957
3.632,-0.025632
3.634,-0.01724
3.636,-0.0096869
3.638,-0.002889
3.64,0.003229
3.642,0.0087352
3.644,0.013691
3.646,0.018151
3.648,0.022165
3.65,0.025778
3.652,0.029029
3.654,0.031955
3.656,0.034589
3.658,0.036959
3.66,0.039092
3.662,0.041012
3.664,0.04274
3.666,-0.52328
3.668,-0.47586
3.67,-0.66941
3.672,-0.608
3.674,-0.55272
3.676,-0.50297
3.678,-0.45819
3.68,-0.4179
3.682,-0.38163
3.684,-0.34899
3.686,-0.55585
3.688,0.061176
3.69,0.05966
3.692,0.058296
3.694,0.057069
3.696,-0.18027
3.698,-0.15825
3.7,0.42913
3.702,0.40095
3.704,0.37558
3.706,0.35275
3.708,0.3322
3.71,0.077471
3.712,0.083836
3.714,0.089565
3.716,0.094721
3.718,0.099362
3.72,0.67111
3.722,0.62885
3.724,0.59082
3.726,0.32035
3.728,0.31255
3.73,0.30554
3.732,0.29922
3.734,0.29353
3.736,0.28842
3.738,0.28381
3.74,0.27967
3.742,0.27594
3.744,0.27258
3.746,0.26956
3.748,0.26684
3.75,-0.30318
3.752,-0.25936
3.754,-0.21993
3.756,-0.18444
3.758,0.08374
3.76,0.089479
3.762,0.094644
3.764,0.099292
3.766,0.10348
3.768,0.10724
3.77,0.11063
3.772,0.11368
3.774,0.11642
3.776,0.11889
3.778,0.12112
3.78,0.12312
3.782,0.12492
3.784,0.12654
3.786,0.128
3.788,0.12931
3.79,-0.43708
3.792,-0.39
3.794,-0.34762
3.796,-0.30949
3.798,-0.27516
3.8,-0.24427
3.802,-0.21647
3.804,-0.19145
3.806,-0.16893
3.808,-0.14866
3.81,-0.13042
3.812,-0.35024
3.814,-0.31245
3.816,0.28913
3.818,0.27371
3.82,0.25984
3.822,0.24736
3.824,0.23612
3.826,0.22601
3.828,0.21691
3.83,0.20871
3.832,0.20134
3.834,0.19471
3.836,-0.047498
3.838,-0.029863
3.84,-0.013991
3.842,0.00029325
3.844,0.013149
3.846,0.02472
3.848,0.035133
3.85,0.044505
3.852,0.05294
3.854,0.060532
3.856,0.067364
3.858,0.073513
3.86,0.079047
3.862,0.084028
3.864,0.088511
3.866,0.092545
3.868,0.096176
3.87,0.099444
3.872,0.10238
3.874,0.10503
3.876,0.10741
3.878,0.10956
3.88,0.11149
3.882,0.11322
3.884,0.11479
3.886,0.11619
3.888,0.11746
3.89,0.1186
3.892,0.11963
3.894,0.12055
3.896,0.12138
3.898,0.12213
3.9,0.1228
3.902,0.1234
3.904,0.12395
3.906,0.12444
3.908,0.12488
3.91,0.12528
3.912,0.12564
3.914,0.12596
3.916,0.12625
3.918,0.12651
3.92,0.12674
3.922,0.12695
3.924,0.12714
3.926,0.12732
3.928,0.12747
3.93,0.12761
3.932,-0.43984
3.934,-0.39371
3.936,-0.35219
3.938,-0.31482
3.94,-0.28119
3.942,-0.25093
3.944,-0.22369
3.946,-0.19917
3.948,-0.17711
3.95,-0.15725
3.952,-0.13938
3.954,0.44428
3.956,0.41274
3.958,0.38435
3.96,0.3588
3.962,0.33581
3.964,0.31511
3.966,0.29649
3.968,0.27972
3.97,0.26464
3.972,0.25106
3.974,0.23884
3.976,0.22784
3.978,0.21794
3.98,0.20903
3.982,0.20101
3.984,0.1938
3.986,0.1873
3.988,0.18146
3.99,0.1762
3.992,0.17146
3.994,0.1672
3.996,-0.4042
3.998,-0.36164
4,-0.087092
4.002,-0.075622
4.004,-0.065299
4.006,-0.056008
4.008,-0.047646
4.01,-0.04012
4.012,-0.033347
4.014,-0.027251
4.016,-0.021765
4.018,-0.016827
4.02,-0.012383
4.022,-0.0083837
4.024,-0.0047841
4.026,-0.0015446
4.028,0.0013711
4.03,0.24023
4.032,0.21958
4.034,0.201
4.036,0.18427
4.038,0.16922
4.04,-0.4119
4.042,-0.37807
4.044,-0.34763
4.046,-0.32023
4.048,-0.29557
4.05,-0.27338
4.052,-0.2534
4.054,-0.23542
4.056,-0.21925
4.058,-0.20468
4.06,-0.19158
4.062,-0.17978
4.064,-0.16917
4.066,-0.15961
4.068,-0.15102
4.07,-0.37951
4.072,0.21804
4.074,0.19899
4.076,0.18186
4.078,0.16643
4.08,0.15255
4.082,0.14006
4.084,0.12881
4.086,0.11869
4.088,0.10958
4.09,0.10139
4.092,0.094009
4.094,-0.14886
4.096,0.43574
4.098,0.40505
4.1,0.37743
4.102,0.35258
4.104,0.3302
4.106,0.31007
4.108,0.29195
4.11,0.27564
4.112,0.26096
4.114,0.24775
4.116,0.23586
4.118,0.22516
4.12,0.21553
4.122,0.20686
4.124,0.43529
4.126,0.40526
4.128,-0.18934
4.13,-0.16764
4.132,-0.14812
4.134,-0.13054
4.136,-0.11473
4.138,-0.10049
4.14,0.14855
4.142,0.13707
4.144,0.12674
4.146,0.11744
4.148,0.10907
4.15,0.10154
4.152,-0.47281
4.154,-0.4329
4.156,-0.39697
4.158,-0.36464
4.16,-0.33554
4.162,-0.30935
4.164,-0.28577
4.166,-0.26456
4.168,-0.24547
4.17,-0.22828
4.172,-0.21282
4.174,-0.1989
4.176,-0.18637
4.178,-0.1751
4.18,-0.16495
4.182,-0.15582
4.184,-0.1476
4.186,0.42737
4.188,0.38801
4.19,0.35258
4.192,0.3207
4.194,0.05577
4.196,0.052954
4.198,0.05042
4.2,0.048139
4.202,0.046086
4.204,0.044239
4.206,0.042576
4.208,0.04108
4.21,0.039733
4.212,0.038521
4.214,0.03743
4.216,0.036448
4.218,0.035564
4.22,0.034769
4.222,0.60163
4.224,0.55496
4.226,0.51297
4.228,0.47517
4.23,0.44115
4.232,0.41053
4.234,0.38298
4.236,0.35818
4.238,0.33586
4.24,0.31577
4.242,-0.26988
4.244,-0.24013
4.246,0.022879
4.248,0.023966
4.25,0.024944
4.252,0.025824
4.254,0.026617
4.256,0.02733
4.258,0.027972
4.26,0.028549
4.262,0.029069
4.264,-0.53804
4.266,-0.4916
4.268,-0.21357
4.27,-0.19896
4.272,-0.18581
4.274,-0.17398
4.276,-0.16333
4.278,-0.15375
4.28,-0.14512
4.282,-0.13736
4.284,-0.13037
4.286,-0.12409
4.288,-0.11843
4.29,-0.11333
4.292,-0.10875
4.294,-0.10462
4.296,-0.10091
4.298,-0.09757
4.3,-0.094562
4.302,-0.091856
4.304,-0.08942
4.306,-0.087227
4.308,-0.085254
4.31,-0.083478
4.312,-0.08188
4.314,-0.080441
4.316,-0.079147
4.318,0.48959
4.32,0.20839
4.322,0.19092
4.324,0.17521
4.326,0.16106
4.328,0.14833
4.33,0.13687
4.332,0.12656
4.334,0.11728
4.336,0.10892
4.338,0.10141
4.34,0.094641
4.342,0.088551
4.344,0.083071
4.346,0.078139
4.348,0.0737
4.35,0.069704
4.352,0.066109
4.354,0.062873
4.356,0.05996
4.358,0.057339
4.36,0.05498
4.362,0.052857
4.364,0.050946
4.366,0.049226
4.368,0.047678
4.37,0.046285
4.372,0.045031
4.374,0.043903
4.376,0.042887
4.378,0.041973
4.38,0.041151
4.382,0.04041
4.384,0.039744
4.386,0.039145
4.388,0.038605
4.39,0.038119
4.392,0.037682
4.394,0.037288
4.396,0.036934
4.398,0.036616
4.4,0.036329
4.402,0.036071
4.404,0.035838
4.406,0.035629
4.408,0.035441
4.41,0.035272
4.412,0.035119
4.414,0.034982
4.416,0.034859
4.418,0.034748
4.42,0.034648
4.422,0.034558
4.424,0.034477
4.426,0.034404
4.428,0.034338
4.43,0.034279
4.432,0.034226
4.434,0.034178
4.436,0.034135
4.438,0.034096
4.44,0.034061
4.442,0.03403
4.444,0.034002
4.446,0.033976
4.448,0.033953
4.45,0.033933
4.452,0.033914
4.454,0.033898
4.456,0.033883
4.458,0.033869
4.46,0.033857
4.462,0.033846
4.464,0.033836
4.466,0.033827
4.468,0.033819
4.47,0.033812
4.472,0.033806
4.474,0.0338
4.476,0.033795
4.478,0.03379
4.48,0.033786
4.482,0.033782
4.484,0.033778
4.486,0.033775
4.488,0.033773
4.49,0.03377
4.492,0.033768
4.494,0.033766
4.496,0.033764
4.498,0.033762
4.5,0.033761
4.502,0.03376
4.504,0.033758
4.506,0.033757
4.508,0.033756
4.51,0.033755
4.512,0.033755
4.514,0.033754
4.516,0.033753
4.518,0.033753
4.52,0.033752
4.522,0.033752
4.524,0.033751
4.526,0.033751
4.528,0.033751
4.53,0.03375
4.532,0.03375
4.534,0.03375
4.536,0.03375
4.538,0.033749
4.54,0.033749
4.542,0.033749
4.544,0.033749
4.546,0.033749
4.548,0.033749
4.55,0.033749
4.552,0.033748
4.554,0.033748
4.556,0.033748
4.558,0.033748
4.56,0.033748
4.562,0.033748
4.564,0.033748
4.566,0.033748
4.568,0.033748
4.57,0.033748
4.572,0.033748
4.574,0.033748
4.576,0.033748
4.578,0.033748
4.58,0.033748
4.582,0.033748
4.584,0.033748
4.586,0.033748
4.588,0.033748
4.59,0.033748
4.592,0.033748
4.594,0.033748
4.596,0.033748
4.598,0.033748
4.6,0.033748
4.602,0.033748
4.604,0.033748
4.606,0.033748
4.608,0.033748
4.61,0.033748
4.612,0.033748
4.614,0.033748
4.616,0.033748
4.618,0.033748
4.62,0.033748
4.622,0.033748
4.624,0.033748
4.626,0.033748
4.628,0.033748
4.63,0.033748
4.632,0.033748
4.634,0.033748
4.636,0.033748
4.638,0.033748
4.64,0.033748
4.642,0.033748
4.644,0.033748
4.646,0.033748
4.648,0.033748
4.65,0.033748
4.652,0.033748
4.654,0.033748
4.656,0.033748
4.658,0.60132
4.66,0.5553
4.662,0.51388
4.664,0.47661
4.666,0.44306
4.668,0.6491
4.67,0.59892
4.672,0.55375
4.674,0.5131
4.676,-0.091055
4.678,-0.077961
4.68,-0.066177
4.682,-0.055571
4.684,-0.046025
4.686,0.1988
4.688,0.18352
4.69,-0.3978
4.692,-0.36416
4.694,-0.33388
4.696,-0.30663
4.698,-0.2821
4.7,-0.26003
4.702,-0.0039259
4.704,-0.0090556
4.706,-0.013672
4.708,-0.017828
4.71,-0.021567
4.712,-0.024933
4.714,-0.027962
4.716,-0.59826
4.718,-0.55469
4.72,-0.51549
4.722,-0.4802
4.724,-0.44844
4.726,-0.41985
4.728,-0.39413
4.73,-0.37098
4.732,-0.35014
4.734,-0.33139
4.736,-0.31451
4.738,0.26826
4.74,0.23591
4.742,0.2068
4.744,0.18059
4.746,-0.079221
4.748,-0.077435
4.75,-0.075827
4.752,-0.074381
4.754,-0.073078
4.756,-0.071907
4.758,0.49672
4.76,0.45165
4.762,0.41109
4.764,0.37458
4.766,0.34172
4.768,0.31215
4.77,0.28554
4.772,0.26159
4.774,0.24003
4.776,0.22063
4.778,0.20317
4.78,0.18745
4.782,0.17331
4.784,0.16058
4.786,0.14913
4.788,0.13881
4.79,0.12954
4.792,0.12118
4.794,0.11367
4.796,0.1069
4.798,0.10081
4.8,0.095335
4.802,-0.47717
4.804,-0.43559
4.806,-0.39817
4.808,-0.36449
4.81,-0.33417
4.812,-0.30689
4.814,-0.28234
4.816,-0.26024
4.818,-0.24035
4.82,-0.22245
4.822,-0.20634
4.824,-0.19184
4.826,-0.1788
4.828,-0.16705
4.83,-0.15648
4.832,0.4206
4.834,0.38314
4.836,0.34943
4.838,0.31909
4.84,0.29178
4.842,0.26721
4.844,0.24509
4.846,0.22518
4.848,0.20726
4.85,0.19114
4.852,0.17663
4.854,0.16357
4.856,0.15181
4.858,0.14123
4.86,0.13171
4.862,0.12314
4.864,0.11543
4.866,0.10849
4.868,0.10224
4.87,0.09662
4.872,0.09156
4.874,0.087006
4.876,0.082907
4.878,0.079218
4.88,0.075899
4.882,0.072911
4.884,0.070222
4.886,0.067801
4.888,0.065623
4.89,0.063663
4.892,0.061898
4.894,0.060311
4.896,0.058881
4.898,0.057595
4.9,0.056438
4.902,0.055396
4.904,0.054458
4.906,0.053614
4.908,0.052855
4.91,0.052171
4.912,0.051556
4.914,0.051002
4.916,0.050504
4.918,0.050056
4.92,0.049652
4.922,0.049289
4.924,0.048962
4.926,0.048668
4.928,0.048403
4.93,0.048164
4.932,0.04795
4.934,0.047757
4.936,0.047583
4.938,0.047427
4.94,0.047286
4.942,0.047159
4.944,0.047045
4.946,0.046943
4.948,0.04685
4.95,0.046767
4.952,0.046693
4.954,0.046625
4.956,0.046565
4.958,0.04651
4.96,0.046461
4.962,0.046417
4.964,0.046377
4.966,0.046341
4.968,0.046309
4.97,0.04628
4.972,0.046254
4.974,0.046231
4.976,0.04621
4.978,0.046191
4.98,0.046173
4.982,0.046158
4.984,0.046144
4.986,0.046132
4.988,0.04612
4.99,0.04611
4.992,0.046101
4.994,0.046093
4.996,0.046086
4.998,0.046079
5,0.046073
5.002,0.046068
5.004,0.046063
5.006,0.046059
5.008,0.046055
5.01,0.046051
5.012,0.046048
5.014,0.046045
5.016,0.046043
5.018,0.04604
5.02,0.046038
5.022,0.046036
5.024,0.046035
5.026,0.046033
5.028,0.046032
5.03,0.04603
5.032,0.046029
5.034,0.046028
5.036,0.046027
5.038,0.046027
5.04,0.6136
5.042,0.56758
5.044,0.52616
5.046,0.48888
5.048,0.45534
5.05,0.42514
5.052,0.39797
5.054,0.37351
5.056,0.3515
5.058,-0.23588
5.06,-0.20769
5.062,0.053911
5.064,0.053735
5.066,0.053577
5.068,0.053435
5.07,0.053307
5.072,0.053192
5.074,0.053088
5.076,0.28923
5.078,-0.30144
5.08,-0.2762
5.082,-0.25349
5.084,-0.23305
5.086,-0.21465
5.088,-0.1981
5.09,-0.1832
5.092,-0.16979
5.094,-0.15772
5.096,-0.14685
5.098,-0.13708
5.1,-0.12828
5.102,-0.12036
5.104,-0.11323
5.106,-0.10682
5.108,-0.10104
5.11,-0.095849
5.112,-0.091172
5.114,-0.086964
5.116,-0.083176
5.118,-0.079767
5.12,-0.076699
5.122,-0.073938
5.124,-0.071453
5.126,-0.069217
5.128,-0.067204
5.13,-0.065392
5.132,-0.063762
5.134,-0.062294
5.136,-0.060973
5.138,-0.059785
5.14,-0.058715
5.142,-0.057752
5.144,-0.056886
5.146,-0.056106
5.148,-0.055404
5.15,-0.054772
5.152,-0.054204
5.154,-0.053692
5.156,-0.053232
5.158,-0.052817
5.16,-0.052444
5.162,-0.052109
5.164,-0.051807
5.166,0.51604
5.168,0.47026
5.17,0.42907
5.172,0.39199
5.174,0.35862
5.176,0.32859
5.178,0.30156
5.18,0.27723
5.182,0.25534
5.184,0.23563
5.186,0.2179
5.188,-0.1294
5.19,-0.12076
5.192,-0.11298
5.194,-0.10597
5.196,-0.099672
5.198,-0.094
5.2,-0.088895
5.202,-0.084301
5.204,-0.080166
5.206,-0.076444
5.208,-0.073095
5.21,-0.070081
5.212,-0.63494
5.214,-0.35025
5.216,-0.32964
5.218,-0.3111
5.22,-0.29441
5.222,-0.27939
5.224,-0.26587
5.226,-0.2537
5.228,-0.24275
5.23,-0.23289
5.232,-0.22402
5.234,-0.21604
5.236,-0.20886
5.238,-0.20239
5.24,-0.19657
5.242,-0.42757
5.244,-0.39984
5.246,-0.37489
5.248,0.21514
5.25,0.18933
5.252,0.1661
5.254,0.1452
5.256,0.12638
5.258,0.10945
5.26,0.094208
5.262,0.080492
5.264,0.068148
5.266,-0.1792
5.268,0.40139
5.27,0.36708
5.272,0.3362
5.274,0.30841
5.276,0.2834
5.278,0.26089
5.28,0.24063
5.282,0.22239
5.284,0.20598
5.286,0.19121
5.288,0.17792
5.29,0.16596
5.292,0.15519
5.294,0.1455
5.296,0.13678
5.298,0.12893
5.3,0.12187
5.302,0.11551
5.304,0.10979
5.306,0.10464
5.308,0.1
5.31,0.095833
5.312,0.092078
5.314,0.0887
5.316,0.085659
5.318,0.082922
5.32,0.080459
5.322,0.078242
5.324,0.076247
5.326,0.074452
5.328,0.072836
5.33,0.071381
5.332,0.070072
5.334,0.068894
5.336,0.067834
5.338,0.06688
5.34,0.066021
5.342,0.065248
5.344,0.064552
5.346,0.063926
5.348,0.063363
5.35,0.062855
5.352,0.062399
5.354,0.061988
5.356,0.061619
5.358,0.061286
5.36,0.060986
5.362,0.060717
5.364,0.060474
5.366,0.060256
5.368,0.06006
5.37,0.059883
5.372,0.059724
5.374,0.05958
5.376,0.059451
5.378,0.059335
5.38,-0.50834
5.382,-0.46242
5.384,-0.42108
5.386,-0.38388
5.388,-0.3504
5.39,-0.32027
5.392,-0.29315
5.394,-0.26875
5.396,-0.24678
5.398,-0.22701
5.4,0.35835
5.402,0.32835
5.404,0.30134
5.406,0.040803
5.408,0.041939
5.41,0.04296
5.412,0.04388
5.414,0.044707
5.416,0.045452
5.418,0.046123
5.42,0.046726
5.422,0.047269
5.424,0.047757
5.426,0.048197
5.428,0.37993
5.43,0.35728
5.432,0.33689
5.434,0.31854
5.436,0.30203
5.438,0.28716
5.44,0.27379
5.442,0.26175
5.444,0.25091
5.446,0.24116
5.448,0.23239
5.45,0.22449
5.452,0.21738
5.454,0.21098
5.456,0.20522
5.458,0.20004
5.46,0.19538
5.462,-0.14016
5.464,-0.12093
5.466,-0.10362
5.468,-0.088044
5.47,-0.074024
5.472,-0.061406
5.474,-0.05005
5.476,-0.03983
5.478,-0.030631
5.48,-0.022352
5.482,-0.014902
5.484,-0.0081959
5.486,0.23407
5.488,0.21649
5.49,0.20067
5.492,-0.38114
5.494,-0.34793
5.496,-0.31805
5.498,-0.29115
5.5,-0.26695
5.502,-0.24516
5.504,-0.22555
5.506,-0.20791
5.508,-0.19202
5.51,-0.17773
5.512,-0.16487
5.514,-0.15329
5.516,-0.14287
5.518,-0.13349
5.52,-0.12505
5.522,-0.11745
5.524,-0.11062
5.526,-0.10446
5.528,-0.098926
5.53,-0.093942
5.532,-0.32569
5.534,0.26893
5.536,0.24725
5.538,0.22774
5.54,0.21018
5.542,0.19438
5.544,0.18016
5.546,0.16736
5.548,0.15584
5.55,0.14547
5.552,0.13614
5.554,0.12774
5.556,0.12018
5.558,0.11338
5.56,0.10726
5.562,0.10175
5.564,0.096787
5.566,0.092324
5.568,0.088307
5.57,0.084692
5.572,0.081438
5.574,0.07851
5.576,0.075875
5.578,0.073503
5.58,0.071368
5.582,0.069447
5.584,0.067718
5.586,0.066161
5.588,0.064761
5.59,0.0635
5.592,0.062366
5.594,0.061345
5.596,0.060426
5.598,0.059599
5.6,0.058854
5.602,0.058184
5.604,0.057582
5.606,0.057039
5.608,0.056551
5.61,0.056111
5.612,0.055715
5.614,0.055359
5.616,0.055039
5.618,0.054751
5.62,0.054491
5.622,0.054258
5.624,0.054047
5.626,0.053858
5.628,0.053688
5.63,0.053535
5.632,0.053397
5.634,0.053273
5.636,0.053161
5.638,0.05306
5.64,0.05297
5.642,0.052888
5.644,0.052815
5.646,0.052749
5.648,0.05269
5.65,0.052636
5.652,0.052588
5.654,0.052545
5.656,0.052506
5.658,0.052471
5.66,0.052439
5.662,0.052411
5.664,0.052385
5.666,0.052362
5.668,0.052342
5.67,0.052323
5.672,0.052306
5.674,0.052291
5.676,0.052278
5.678,0.052265
5.68,0.052254
5.682,0.052244
5.684,0.052236
5.686,0.052228
5.688,0.05222
5.69,0.052214
5.692,0.052208
5.694,0.052203
5.696,0.052198
5.698,0.052194
5.7,0.05219
5.702,0.052186
5.704,0.052183
5.706,0.052181
5.708,0.052178
5.71,0.052176
5.712,0.052174
5.714,0.052172
5.716,0.05217
5.718,0.052169
5.72,0.052167
5.722,0.052166
5.724,0.052165
5.726,0.052164
5.728,0.052163
5.73,0.052162
5.732,0.052162
5.734,0.052161
5.736,0.052161
5.738,0.05216
5.74,0.05216
5.742,0.052159
5.744,0.052159
5.746,0.052158
5.748,0.052158
5.75,0.052158
5.752,0.052158
5.754,0.052157
5.756,0.052157
5.758,0.052157
5.76,0.052157
5.762,0.052157
5.764,0.052157
5.766,0.052156
5.768,0.052156
5.77,0.052156
5.772,0.052156
5.774,0.61973
5.776,0.57371
5.778,0.53229
5.78,0.49502
5.782,0.46147
5.784,0.43127
5.786,0.4041
5.788,0.37964
5.79,0.35763
5.792,0.0064831
5.794,0.011664
5.796,0.016327
5.798,0.020523
5.8,0.0243
5.802,0.027699
5.804,0.030758
5.806,0.033512
5.808,-0.29535
5.81,-0.27011
5.812,-0.24739
5.814,-0.22695
5.816,-0.20855
5.818,-0.19199
5.82,-0.17709
5.822,-0.16367
5.824,-0.1516
5.826,-0.14074
5.828,-0.13096
5.83,-0.12216
5.832,-0.11424
5.834,-0.10711
5.836,-0.10069
5.838,-0.094918
5.84,-0.089721
5.842,-0.085044
5.844,-0.080835
5.846,-0.077047
5.848,-0.073637
5.85,-0.070569
5.852,-0.067807
5.854,-0.065321
5.856,-0.063084
5.858,-0.061071
5.86,-0.059259
5.862,-0.057628
5.864,-0.056161
5.866,-0.05484
5.868,-0.053651
5.87,-0.052581
5.872,-0.051618
5.874,-0.050751
5.876,-0.049971
5.878,-0.049269
5.88,-0.048638
5.882,-0.048069
5.884,-0.047557
5.886,-0.047097
5.888,-0.046682
5.89,-0.046309
5.892,-0.045973
5.894,-0.045671
5.896,-0.045399
5.898,-0.045154
5.9,-0.044934
5.902,-0.044736
5.904,-0.044557
5.906,-0.044397
5.908,-0.044252
5.91,-0.044122
5.912,-0.044005
5.914,-0.0439
5.916,-0.043805
5.918,-0.04372
5.92,-0.043643
5.922,-0.043574
5.924,-0.043511
5.926,-0.043455
5.928,-0.043405
5.93,-0.04336
5.932,-0.043319
5.934,-0.043282
5.936,-0.043249
5.938,-0.043219
5.94,-0.043193
5.942,-0.043168
5.944,-0.043147
5.946,-0.043127
5.948,-0.04311
5.95,-0.043094
5.952,-0.04308
5.954,-0.043067
5.956,-0.043055
5.958,-0.043045
5.96,-0.043036
5.962,-0.043027
5.964,-0.04302
5.966,-0.043013
5.968,-0.043007
5.97,-0.043001
5.972,-0.042996
5.974,-0.042992
5.976,-0.042988
5.978,-0.042984
5.98,-0.042981
5.982,-0.042978
5.984,-0.042975
5.986,-0.042973
5.988,-0.042971
5.99,-0.042969
5.992,-0.042967
5.994,-0.042965
5.996,-0.042964
5.998,-0.042963
6,-0.042962
6.002,-0.042961
6.004,-0.04296
6.006,-0.042959
6.008,-0.042958
6.01,-0.042957
6.012,-0.042957
6.014,-0.042956
6.016,-0.042956
6.018,-0.042955
6.02,-0.042955
6.022,-0.042955
6.024,-0.042954
6.026,-0.042954
6.028,-0.042954
6.03,-0.042954
6.032,-0.042953
6.034,-0.042953
6.036,-0.042953
6.038,-0.042953
6.04,-0.042953
6.042,-0.042953
6.044,-0.042952
6.046,-0.042952
6.048,-0.042952
6.05,-0.042952
6.052,-0.042952
6.054,-0.042952
6.056,-0.042952
6.058,-0.042952
6.06,-0.042952
6.062,-0.042952
6.064,-0.042952
6.066,-0.042952
6.068,-0.042952
6.07,-0.042952
6.072,-0.042952
6.074,-0.042952
6.076,-0.042952
6.078,-0.042952
6.08,-0.042952
6.082,-0.042952
6.084,-0.042952
6.086,-0.042952
6.088,-0.042952
6.09,-0.042952
6.092,-0.042952
6.094,-0.042952
6.096,-0.042952
6.098,-0.042952
6.1,-0.042952
6.102,-0.042952
6.104,-0.042952
6.106,-0.042952
6.108,-0.042951
6.11,-0.042951
6.112,-0.042951
6.114,-0.042951
6.116,-0.042951
6.118,-0.042951
6.12,-0.042951
6.122,-0.042951
6.124,-0.042951
6.126,-0.042951
6.128,-0.042951
6.13,-0.042951
6.132,-0.042951
6.134,-0.042951
6.136,-0.042951
6.138,-0.042951
6.14,-0.042951
6.142,-0.042951
6.144,-0.042951
6.146,-0.042951
6.148,-0.042951
6.15,-0.042951
6.152,-0.042951
6.154,-0.042951
6.156,-0.042951
6.158,-0.042951
6.16,-0.042951
6.162,-0.042951
6.164,-0.042951
6.166,-0.042951
6.168,-0.042951
6.17,-0.042951
6.172,-0.042951
6.174,-0.042951
6.176,-0.042951
6.178,-0.042951
6.18,-0.042951
6.182,-0.042951
6.184,-0.042951
6.186,-0.042951
6.188,-0.042951
6.19,-0.042951
6.192,-0.042951
6.194,-0.042951
6.196,-0.042951
6.198,-0.042951
6.2,-0.042951
6.202,-0.042951
6.204,-0.042951
6.206,-0.042951
6.208,-0.042951
6.21,-0.042951
6.212,-0.042951
6.214,-0.042951
6.216,-0.042951
6.218,-0.042951
6.22,-0.042951
6.222,-0.042951
6.224,-0.042951
6.226,-0.042951
6.228,-0.042951
6.23,-0.042951
6.232,-0.042951
6.234,-0.042951
6.236,-0.042951
6.238,-0.042951
6.24,-0.042951
6.242,-0.042951
6.244,-0.042951
6.246,-0.042951
6.248,-0.042951
6.25,-0.042951
6.252,-0.042951
6.254,-0.042951
6.256,-0.042951
6.258,-0.042951
6.26,-0.042951
6.262,-0.042951
6.264,-0.042951
6.266,-0.042951
6.268,-0.042951
6.27,-0.042951
6.272,-0.042951
6.274,-0.042951
6.276,-0.042951
6.278,-0.042951
6.28,-0.042951
6.282,-0.042951
6.284,-0.042951
6.286,-0.042951
6.288,-0.042951
6.29,-0.042951
6.292,-0.042951
6.294,-0.042951
6.296,-0.042951
6.298,-0.042951
6.3,-0.042951
6.302,-0.042951
6.304,-0.042951
6.306,-0.042951
6.308,-0.042951
6.31,-0.042951
6.312,-0.042951
6.314,-0.042951
6.316,-0.042951
6.318,-0.042951
6.32,-0.042951
6.322,-0.042951
6.324,-0.042951
6.326,-0.042951
6.328,-0.042951
6.33,-0.042951
6.332,-0.042951
6.334,-0.042951
6.336,-0.042951
6.338,-0.042951
6.34,-0.042951
6.342,-0.042951
6.344,-0.042951
6.346,-0.042951
6.348,-0.042951
6.35,-0.042951
6.352,-0.042951
6.354,-0.61052
6.356,-0.5645
6.358,-0.52309
6.36,-0.48581
6.362,-0.45226
6.364,-0.42207
6.366,-0.3949
6.368,-0.37044
6.37,-0.34843
6.372,-0.32862
6.374,-0.31079
6.376,0.036596
6.378,0.028028
6.38,0.020316
6.382,0.013376
6.384,0.0071294
6.386,0.0015077
6.388,-0.23978
6.39,-0.22133
6.392,0.36285
6.394,0.33178
6.396,0.30382
6.398,0.27866
6.4,0.019772
6.402,0.022397
6.404,0.024759
6.406,0.026885
6.408,0.028799
6.41,0.59809
6.412,0.55362
6.414,0.5136
6.416,0.47758
6.418,0.44516
6.42,0.41599
6.422,0.38973
6.424,0.36609
6.426,0.34482
6.428,0.32568
6.43,0.30845
6.432,0.29295
6.434,0.27899
6.436,0.26643
6.438,-0.31244
6.44,-0.2766
6.442,-0.24433
6.444,-0.2153
6.446,-0.18917
6.448,-0.16565
6.45,-0.14448
6.452,-0.12543
6.454,-0.10829
6.456,-0.092856
6.458,-0.078969
6.46,-0.06647
6.462,-0.62279
6.464,-0.56665
6.466,-0.51612
6.468,-0.47065
6.47,-0.42972
6.472,-0.39288
6.474,-0.35973
6.476,-0.32989
6.478,-0.30304
6.48,-0.27887
6.482,-0.25712
6.484,-0.23754
6.486,0.34765
6.488,0.31749
6.49,0.054105
6.492,0.052683
6.494,0.051403
6.496,0.050251
6.498,0.049215
6.5,0.048281
6.502,0.047442
6.504,0.61426
6.506,0.56756
6.508,0.52553
6.51,0.4877
6.512,0.45366
6.514,0.42302
6.516,0.39544
6.518,0.37063
6.52,0.34829
6.522,0.32819
6.524,0.31009
6.526,0.29381
6.528,0.27916
6.53,0.26597
6.532,0.2541
6.534,-0.32416
6.536,-0.28776
6.538,-0.25499
6.54,-0.2255
6.542,-0.19897
6.544,-0.17508
6.546,-0.15358
6.548,-0.13424
6.55,-0.11683
6.552,-0.10115
6.554,-0.087051
6.556,-0.074357
6.558,-0.062933
6.56,-0.052652
6.562,-0.043398
6.564,-0.03507
6.566,-0.59515
6.568,-0.54238
6.57,-0.49489
6.572,-0.45215
6.574,-0.41369
6.576,-0.37907
6.578,-0.34791
6.58,-0.31987
6.582,-0.29463
6.584,-0.27192
6.586,0.3161
6.588,0.28848
6.59,0.26362
6.592,0.24124
6.594,0.22111
6.596,0.20298
6.598,-0.049558
6.6,-0.041228
6.602,-0.03373
6.604,-0.026983
6.606,-0.02091
6.608,-0.015444
6.61,-0.010525
6.612,0.56148
6.614,0.51944
6.616,0.48161
6.618,0.44756
6.62,0.41692
6.622,0.38934
6.624,0.36452
6.626,0.34218
6.628,0.32207
6.63,0.30398
6.632,0.28769
6.634,0.27304
6.636,-0.30773
6.638,-0.27358
6.64,-0.24285
6.642,-0.21519
6.644,-0.19029
6.646,-0.16789
6.648,0.088507
6.65,0.083644
6.652,0.079268
6.654,0.07533
6.656,0.071785
6.658,0.068595
6.66,0.065724
6.662,0.06314
6.664,0.060814
6.666,-0.50885
6.668,-0.46472
6.67,-0.42499
6.672,-0.38924
6.674,-0.35707
6.676,-0.32811
6.678,-0.30205
6.68,-0.27859
6.682,-0.25748
6.684,-0.23849
6.686,-0.22139
6.688,-0.206
6.69,0.37543
6.692,0.10564
6.694,0.098449
6.696,0.091979
6.698,0.086156
6.7,0.080915
6.702,0.076198
6.704,0.071953
6.706,0.068133
6.708,0.064694
6.71,0.62917
6.712,0.58037
6.714,0.30021
6.716,0.28369
6.718,0.26882
6.72,0.25544
6.722,0.24339
6.724,0.23255
6.726,0.2228
6.728,0.21401
6.73,0.20611
6.732,0.199
6.734,0.1926
6.736,0.18684
6.738,0.18165
6.74,0.17699
6.742,0.17279
6.744,0.40524
6.746,0.37883
6.748,0.35506
6.75,-0.23391
6.752,-0.20714
6.754,-0.18305
6.756,-0.16137
6.758,-0.14186
6.76,-0.1243
6.762,-0.1085
6.764,-0.094271
6.766,-0.081469
6.768,-0.069947
6.77,0.17666
6.772,0.16298
6.774,0.15067
6.776,0.13959
6.778,0.12962
6.78,-0.44693
6.782,-0.40898
6.784,-0.37484
6.786,-0.3441
6.788,-0.31644
6.79,-0.29155
6.792,-0.26914
6.794,-0.24898
6.796,-0.23083
6.798,-0.21449
6.8,-0.19979
6.802,-0.18656
6.804,-0.17466
6.806,-0.16394
6.808,-0.1543
6.81,-0.14562
6.812,0.42977
6.814,0.39078
6.816,0.35569
6.818,0.32411
6.82,0.059454
6.822,0.056883
6.824,0.05457
6.826,0.052487
6.828,0.050613
6.83,0.048927
6.832,0.047409
6.834,0.046043
6.836,0.044813
6.838,0.043707
6.84,0.042711
6.842,0.041814
6.844,0.041008
6.846,0.040282
6.848,0.039628
6.85,0.03904
6.852,0.038511
6.854,0.038035
6.856,0.037606
6.858,0.03722
6.86,0.036873
6.862,0.03656
6.864,0.036279
6.866,0.036026
6.868,0.035798
6.87,0.035593
6.872,0.035408
6.874,0.60282
6.876,0.55665
6.878,0.51509
6.88,0.4777
6.882,0.44404
6.884,0.41375
6.886,0.38649
6.888,0.36195
6.89,0.33987
6.892,-0.24758
6.894,0.016787
6.896,0.019096
6.898,0.021175
6.9,0.023046
6.902,0.02473
6.904,0.026245
6.906,0.027609
6.908,0.028836
6.91,-0.53763
6.912,-0.49062
6.914,-0.44831
6.916,-0.41022
6.918,-0.13972
6.92,-0.13188
6.922,-0.12483
6.924,-0.11848
6.926,-0.11277
6.928,-0.10763
6.93,-0.103
6.932,-0.098838
6.934,-0.09509
6.936,-0.091717
6.938,-0.088682
6.94,-0.085949
6.942,-0.08349
6.944,-0.081277
6.946,-0.079285
6.948,-0.077493
6.95,-0.075879
6.952,-0.074427
6.954,-0.073121
6.956,-0.071944
6.958,-0.070886
6.96,-0.069933
6.962,-0.069076
6.964,-0.068304
6.966,-0.06761
6.968,-0.066985
6.97,-0.066422
6.972,-0.065916
6.974,-0.06546
6.976,-0.06505
6.978,-0.064681
6.98,-0.064349
6.982,-0.06405
6.984,-0.063781
6.986,-0.063539
6.988,-0.063321
6.99,-0.063125
6.992,-0.062948
6.994,-0.062789
6.996,-0.062646
6.998,-0.062517
7,-0.062402
7.002,-0.062297
7.004,-0.062204
7.006,-0.062119
7.008,-0.062043
7.01,-0.061975
7.012,-0.061913
7.014,-0.061858
7.016,-0.061808
7.018,-0.061763
7.02,-0.061723
7.022,-0.061686
7.024,-0.061654
7.026,-0.061624
7.028,-0.061598
7.03,-0.061574
7.032,-0.061552
7.034,-0.061533
7.036,-0.061516
7.038,-0.0615
7.04,-0.061486
7.042,-0.061473
7.044,-0.061462
7.046,-0.061452
7.048,-0.061442
7.05,-0.061434
7.052,-0.061427
7.054,-0.06142
7.056,-0.061414
7.058,-0.061408
7.06,-0.061403
7.062,-0.061399
7.064,-0.061395
7.066,-0.061391
7.068,-0.061388
7.07,-0.061385
7.072,-0.061383
7.074,-0.06138
7.076,-0.061378
7.078,-0.061376
7.08,-0.061375
7.082,-0.061373
7.084,-0.061372
7.086,-0.06137
7.088,-0.061369
7.09,-0.061368
7.092,-0.061367
7.094,-0.061367
7.096,-0.061366
7.098,-0.061365
7.1,-0.061365
7.102,-0.061364
7.104,-0.061364
7.106,-0.061363
7.108,-0.061363
7.11,-0.061362
7.112,-0.061362
7.114,-0.061362
7.116,-0.061362
7.118,-0.061361
7.12,-0.061361
7.122,-0.061361
7.124,-0.061361
7.126,-0.061361
7.128,-0.06136
7.13,-0.06136
7.132,-0.06136
7.134,-0.06136
7.136,-0.06136
7.138,-0.06136
7.14,-0.06136
7.142,-0.06136
7.144,-0.06136
7.146,-0.06136
7.148,-0.06136
7.15,-0.06136
7.152,-0.06136
7.154,-0.06136
7.156,-0.06136
7.158,-0.061359
7.16,-0.061359
7.162,-0.061359
7.164,-0.061359
7.166,-0.061359
7.168,-0.061359
7.17,-0.061359
7.172,-0.061359
7.174,-0.061359
7.176,-0.061359
7.178,-0.061359
7.18,-0.061359
7.182,-0.061359
7.184,-0.061359
7.186,-0.061359
7.188,-0.061359
7.19,-0.061359
7.192,-0.061359
7.194,-0.061359
7.196,-0.061359
7.198,-0.061359
7.2,-0.061359
7.202,-0.061359
7.204,-0.061359
7.206,-0.061359
7.208,-0.061359
7.21,-0.061359
7.212,-0.061359
7.214,-0.061359
7.216,-0.061359
7.218,-0.061359
7.22,-0.061359
7.222,-0.061359
7.224,-0.061359
7.226,-0.061359
7.228,-0.061359
7.23,-0.061359
7.232,-0.061359
7.234,-0.061359
7.236,-0.061359
7.238,-0.061359
7.24,-0.061359
7.242,-0.061359
7.244,-0.061359
7.246,-0.061359
7.248,-0.061359
7.25,-0.061359
7.252,-0.061359
7.254,-0.061359
7.256,-0.061359
7.258,-0.061359
7.26,-0.061359
7.262,-0.061359
7.264,-0.061359
7.266,-0.061359
7.268,-0.061359
7.27,-0.061359
7.272,-0.061359
7.274,-0.061359
7.276,-0.061359
7.278,-0.061359
7.28,-0.061359
7.282,-0.061359
7.284,-0.061359
7.286,-0.061359
7.288,-0.061359
7.29,-0.061359
7.292,-0.061359
7.294,-0.061359
7.296,-0.061359
7.298,-0.061359
7.3,-0.061359
7.302,-0.061359
7.304,-0.061359
7.306,-0.061359
7.308,-0.061359
7.31,-0.061359
7.312,-0.061359
7.314,-0.061359
7.316,-0.061359
7.318,-0.061359
7.32,-0.061359
7.322,-0.061359
7.324,-0.061359
7.326,-0.061359
7.328,-0.061359
7.33,-0.061359
7.332,-0.061359
7.334,-0.061359
7.336,-0.061359
7.338,-0.061359
7.34,-0.061359
7.342,-0.061359
7.344,-0.061359
7.346,-0.061359
7.348,-0.061359
7.35,-0.061359
7.352,-0.061359
7.354,-0.061359
7.356,-0.061359
7.358,-0.061359
7.36,-0.061359
7.362,-0.061359
7.364,-0.061359
7.366,-0.061359
7.368,-0.061359
7.37,-0.061359
7.372,-0.061359
7.374,-0.061359
7.376,-0.061359
7.378,-0.061359
7.38,-0.061359
7.382,-0.061359
7.384,-0.061359
7.386,-0.061359
7.388,-0.061359
7.39,-0.061359
7.392,-0.061359
7.394,-0.061359
7.396,-0.061359
7.398,-0.061359
7.4,-0.061359
7.402,-0.061359
7.404,-0.061359
7.406,-0.061359
7.408,-0.061359
7.41,-0.061359
7.412,-0.061359
7.414,-0.061359
7.416,-0.061359
7.418,-0.061359
7.42,-0.061359
7.422,-0.061359
7.424,-0.061359
7.426,-0.061359
7.428,-0.061359
7.43,-0.061359
7.432,-0.061359
7.434,-0.061359
7.436,-0.061359
7.438,-0.061359
7.44,-0.061359
7.442,-0.061359
7.444,-0.061359
7.446,-0.061359
7.448,-0.061359
7.45,-0.061359
7.452,-0.061359
7.454,-0.061359
7.456,-0.061359
7.458,-0.061359
7.46,-0.061359
7.462,-0.061359
7.464,-0.061359
7.466,-0.061359
7.468,-0.061359
7.47,-0.061359
7.472,-0.061359
7.474,-0.061359
7.476,-0.061359
7.478,-0.061359
7.48,-0.061359
7.482,-0.061359
7.484,-0.061359
7.486,-0.061359
7.488,-0.061359
7.49,-0.061359
7.492,-0.061359
7.494,-0.061359
7.496,-0.061359
7.498,-0.061359
7.5,-0.061359
7.502,-0.061359
7.504,-0.061359
7.506,-0.061359
7.508,-0.061359
7.51,-0.061359
7.512,-0.061359
7.514,-0.061359
7.516,-0.061359
7.518,-0.061359
7.52,-0.061359
7.522,-0.061359
7.524,-0.061359
7.526,-0.061359
7.528,-0.061359
7.53,-0.061359
7.532,-0.061359
7.534,-0.061359
7.536,-0.061359
7.538,-0.061359
7.54,-0.061359
7.542,-0.061359
7.544,-0.061359
7.546,-0.061359
7.548,-0.061359
7.55,-0.061359
7.552,-0.061359
7.554,-0.061359
7.556,-0.061359
7.558,-0.061359
7.56,-0.061359
7.562,-0.061359
7.564,-0.061359
7.566,-0.061359
7.568,-0.061359
7.57,-0.061359
7.572,-0.061359
7.574,-0.061359
7.576,-0.061359
7.578,-0.061359
7.58,-0.061359
7.582,-0.061359
7.584,-0.061359
7.586,-0.061359
7.588,-0.061359
7.59,-0.061359
7.592,-0.061359
7.594,-0.061359
7.596,-0.061359
7.598,-0.061359
7.6,-0.061359
7.602,-0.061359
7.604,-0.061359
7.606,-0.061359
7.608,-0.061359
7.61,-0.061359
7.612,-0.061359
7.614,-0.061359
7.616,-0.061359
7.618,-0.061359
7.62,-0.061359
7.622,-0.061359
7.624,-0.061359
7.626,-0.061359
7.628,-0.061359
7.63,-0.061359
7.632,-0.061359
7.634,-0.061359
7.636,-0.061359
7.638,-0.061359
7.64,-0.061359
7.642,-0.061359
7.644,-0.061359
7.646,-0.061359
7.648,-0.061359
7.65,-0.061359
7.652,-0.061359
7.654,-0.061359
7.656,-0.061359
7.658,-0.061359
7.66,-0.061359
7.662,-0.061359
7.664,-0.061359
7.666,-0.061359
7.668,-0.061359
7.67,-0.061359
7.672,-0.061359
7.674,-0.061359
7.676,-0.061359
7.678,-0.061359
7.68,-0.061359
7.682,-0.061359
7.684,-0.061359
7.686,-0.061359
7.688,-0.061359
7.69,-0.061359
7.692,-0.061359
7.694,-0.061359
7.696,-0.061359
7.698,-0.061359
7.7,-0.061359
7.702,-0.061359
7.704,-0.061359
7.706,-0.061359
7.708,-0.061359
7.71,-0.061359
7.712,-0.061359
7.714,-0.061359
7.716,-0.061359
7.718,-0.061359
7.72,-0.061359
7.722,-0.061359
7.724,-0.061359
7.726,-0.061359
7.728,-0.061359
7.73,-0.061359
7.732,-0.061359
7.734,-0.061359
7.736,-0.061359
7.738,-0.061359
7.74,-0.061359
7.742,-0.061359
7.744,-0.061359
7.746,-0.061359
7.748,-0.061359
7.75,-0.061359
7.752,-0.061359
7.754,-0.061359
7.756,-0.061359
7.758,-0.061359
7.76,-0.061359
7.762,-0.061359
7.764,-0.061359
7.766,-0.061359
7.768,-0.061359
7.77,-0.061359
7.772,-0.061359
7.774,-0.061359
7.776,-0.061359
7.778,-0.061359
7.78,-0.061359
7.782,-0.061359
7.784,-0.061359
7.786,-0.061359
7.788,-0.061359
7.79,-0.061359
7.792,-0.061359
7.794,-0.061359
7.796,-0.061359
7.798,-0.061359
7.8,-0.061359
7.802,-0.061359
7.804,-0.061359
7.806,-0.061359
7.808,-0.061359
7.81,-0.061359
7.812,-0.061359
7.814,-0.061359
7.816,-0.061359
7.818,-0.061359
7.82,-0.061359
7.822,-0.061359
7.824,-0.061359
7.826,-0.061359
7.828,-0.061359
7.83,-0.061359
7.832,-0.061359
7.834,-0.061359
7.836,-0.061359
7.838,-0.061359
7.84,-0.061359
7.842,-0.061359
7.844,-0.061359
7.846,-0.061359
7.848,-0.061359
7.85,-0.061359
7.852,-0.061359
7.854,-0.061359
7.856,-0.061359
7.858,-0.061359
7.86,-0.061359
7.862,-0.061359
7.864,-0.061359
7.866,-0.061359
7.868,-0.061359
7.87,-0.061359
7.872,-0.061359
7.874,-0.061359
7.876,-0.061359
7.878,-0.061359
7.88,-0.061359
7.882,-0.061359
7.884,-0.061359
7.886,-0.061359
7.888,-0.061359
7.89,-0.061359
7.892,-0.061359
7.894,-0.061359
7.896,-0.061359
7.898,-0.061359
7.9,-0.061359
7.902,-0.061359
7.904,-0.061359
7.906,-0.061359
7.908,-0.061359
7.91,-0.061359
7.912,-0.061359
7.914,-0.061359
7.916,-0.061359
7.918,-0.061359
7.92,-0.061359
7.922,-0.061359
7.924,-0.061359
7.926,-0.061359
7.928,-0.061359
7.93,-0.061359
7.932,-0.061359
7.934,-0.061359
7.936,-0.061359
7.938,-0.061359
7.94,-0.061359
7.942,-0.061359
7.944,-0.061359
7.946,-0.061359
7.948,-0.061359
7.95,-0.061359
7.952,-0.061359
7.954,-0.061359
7.956,-0.061359
7.958,-0.061359
7.96,-0.061359
7.962,-0.061359
7.964,-0.061359
7.966,-0.061359
7.968,-0.061359
7.97,-0.061359
7.972,-0.061359
7.974,-0.061359
7.976,-0.061359
7.978,-0.061359
7.98,-0.061359
7.982,-0.061359
7.984,-0.061359
7.986,-0.061359
7.988,-0.061359
7.99,-0.061359
7.992,-0.061359
7.994,-0.061359
7.996,-0.061359
7.998,-0.061359
8,-0.061359
8.002,-0.061359
8.004,-0.061359
8.006,-0.061359
8.008,-0.061359
8.01,-0.061359
8.012,-0.061359
8.014,-0.061359
8.016,-0.061359
8.018,-0.061359
8.02,-0.061359
8.022,-0.061359
8.024,-0.061359
8.026,-0.061359
8.028,-0.061359
8.03,-0.061359
8.032,-0.061359
8.034,-0.061359
8.036,-0.061359
8.038,-0.061359
8.04,-0.061359
8.042,-0.061359
8.044,-0.061359
8.046,-0.061359
8.048,-0.061359
8.05,-0.061359
8.052,-0.061359
8.054,-0.061359
8.056,-0.061359
8.058,-0.061359
8.06,-0.061359
8.062,-0.061359
8.064,-0.061359
8.066,-0.061359
8.068,-0.061359
8.07,-0.061359
8.072,-0.061359
8.074,-0.061359
8.076,-0.061359
8.078,-0.061359
8.08,-0.061359
8.082,-0.061359
8.084,-0.061359
8.086,-0.061359
8.088,-0.061359
8.09,-0.061359
8.092,-0.061359
8.094,-0.061359
8.096,-0.061359
8.098,-0.061359
8.1,-0.061359
8.102,-0.061359
8.104,-0.061359
8.106,-0.061359
8.108,-0.061359
8.11,-0.061359
8.112,-0.061359
8.114,-0.061359
8.116,-0.061359
8.118,-0.061359
8.12,-0.061359
8.122,-0.061359
8.124,-0.061359
8.126,-0.061359
8.128,-0.061359
8.13,-0.061359
8.132,-0.061359
8.134,-0.061359
8.136,-0.061359
8.138,-0.061359
8.14,-0.061359
8.142,-0.061359
8.144,-0.061359
8.146,-0.061359
8.148,-0.061359
8.15,-0.061359
8.152,-0.061359
8.154,-0.061359
8.156,-0.061359
8.158,-0.061359
8.16,-0.061359
8.162,-0.061359
8.164,-0.061359
8.166,-0.061359
8.168,-0.62893
8.17,-0.58291
8.172,-0.5415
8.174,-0.50422
8.176,-0.47067
8.178,-0.44048
8.18,-0.4133
8.182,-0.62508
8.184,-0.58006
8.186,-0.53954
8.188,0.064498
8.19,0.051299
8.192,0.03942
8.194,0.028728
8.196,-0.21713
8.198,-0.20278
8.2,-0.18986
8.202,0.38933
8.204,0.35377
8.206,0.085539
8.208,0.079746
8.21,0.074533
8.212,0.069841
8.214,0.63319
8.216,0.58337
8.218,0.3023
8.22,0.28495
8.222,0.26934
8.224,0.2553
8.226,0.24265
8.228,0.23127
8.23,0.22103
8.232,0.21181
8.234,0.20352
8.236,0.19605
8.238,0.18933
8.24,0.18328
8.242,0.17784
8.244,0.17294
8.246,0.16853
8.248,0.16457
8.25,0.16099
8.252,0.15778
8.254,0.15489
8.256,0.15228
8.258,0.14994
8.26,0.14783
8.262,0.14593
8.264,0.14423
8.266,0.14269
8.268,0.14131
8.27,0.14006
8.272,0.13894
8.274,0.13793
8.276,0.13702
8.278,0.13621
8.28,-0.4321
8.282,-0.38674
8.284,-0.34592
8.286,-0.30918
8.288,-0.27612
8.29,-0.24636
8.292,-0.21957
8.294,-0.19547
8.296,-0.17377
8.298,-0.15425
8.3,-0.13668
8.302,-0.12086
8.304,-0.10663
8.306,-0.093817
8.308,-0.082288
8.31,-0.071912
8.312,-0.062573
8.314,-0.054168
8.316,-0.046604
8.318,-0.039796
8.32,-0.033669
8.322,-0.028154
8.324,0.54438
8.326,0.50283
8.328,0.46543
8.33,0.43177
8.332,0.40148
8.334,0.37422
8.336,0.34968
8.338,0.3276
8.34,0.30773
8.342,0.28984
8.344,0.27374
8.346,-0.30832
8.348,-0.27534
8.35,-0.24566
8.352,-0.21895
8.354,-0.1949
8.356,-0.17327
8.358,-0.15379
8.36,0.099968
8.362,0.092732
8.364,0.08622
8.366,0.080359
8.368,0.075084
8.37,0.070337
8.372,0.066065
8.374,0.062219
8.376,0.058759
8.378,0.055644
8.38,0.052841
8.382,0.050318
8.384,0.048047
8.386,0.046004
8.388,0.044164
8.39,0.042509
8.392,0.041019
8.394,0.039679
8.396,0.038472
8.398,0.037386
8.4,0.036408
8.402,0.035529
8.404,0.034737
8.406,0.034025
8.408,0.033383
8.41,0.032806
8.412,0.032287
8.414,0.031819
8.416,0.031398
8.418,0.03102
8.42,0.030679
8.422,0.030372
8.424,0.030096
8.426,0.029848
8.428,0.029624
8.43,0.029423
8.432,0.029242
8.434,0.029079
8.436,0.028932
8.438,0.0288
8.44,0.028681
8.442,0.028574
8.444,0.028478
8.446,0.028391
8.448,0.028313
8.45,0.028243
8.452,0.02818
8.454,0.028123
8.456,0.028072
8.458,0.028026
8.46,0.027985
8.462,0.027947
8.464,0.027914
8.466,0.027884
8.468,0.027856
8.47,0.027832
8.472,0.02781
8.474,0.02779
8.476,0.027772
8.478,0.027756
8.48,0.027742
8.482,0.027729
8.484,0.027717
8.486,0.027706
8.488,0.027697
8.49,0.027688
8.492,0.027681
8.494,0.027674
8.496,0.027668
8.498,0.027662
8.5,0.027657
8.502,0.027652
8.504,0.027648
8.506,0.027645
8.508,0.027641
8.51,0.027638
8.512,0.027636
8.514,0.027633
8.516,0.027631
8.518,0.027629
8.52,0.027627
8.522,0.027626
8.524,0.027624
8.526,0.027623
8.528,0.027622
8.53,0.027621
8.532,0.02762
8.534,0.027619
8.536,0.027618
8.538,0.027618
8.54,0.027617
8.542,0.027617
8.544,0.027616
8.546,0.027616
8.548,0.027615
8.55,0.027615
8.552,0.027615
8.554,0.027614
8.556,0.027614
8.558,0.027614
8.56,0.027614
8.562,0.027613
8.564,0.027613
8.566,0.027613
8.568,0.027613
8.57,0.027613
8.572,0.027613
8.574,0.027613
8.576,0.027612
8.578,0.027612
8.58,0.027612
8.582,0.027612
8.584,0.027612
8.586,0.027612
8.588,0.027612
8.59,0.027612
8.592,0.027612
8.594,0.027612
8.596,0.027612
8.598,0.027612
8.6,0.027612
8.602,0.027612
8.604,0.027612
8.606,0.027612
8.608,0.027612
8.61,0.027612
8.612,0.027612
8.614,0.027612
8.616,0.027612
8.618,0.027612
8.62,0.027612
8.622,0.027612
8.624,0.027612
8.626,0.027612
8.628,0.027612
8.63,0.027612
8.632,0.027612
8.634,0.027612
8.636,0.027612
8.638,0.027612
8.64,0.027612
8.642,0.027612
8.644,0.027612
8.646,0.027612
8.648,0.027612
8.65,0.027612
8.652,0.027612
8.654,0.027612
8.656,0.027612
8.658,0.027612
8.66,0.027612
8.662,0.027612
8.664,0.027612
8.666,0.027612
8.668,0.027612
8.67,0.027612
8.672,0.027612
8.674,0.027612
8.676,0.027612
8.678,0.027612
8.68,0.027612
8.682,0.027612
8.684,0.027612
8.686,0.027612
8.688,0.027612
8.69,0.027612
8.692,0.027612
8.694,0.027612
8.696,0.027612
8.698,0.027612
8.7,0.027612
8.702,0.027612
8.704,0.027612
8.706,0.027612
8.708,0.027612
8.71,0.027612
8.712,0.027612
8.714,0.027612
8.716,0.027612
8.718,0.027612
8.72,0.027612
8.722,0.027612
8.724,0.027612
8.726,0.027612
8.728,0.027612
8.73,0.027612
8.732,0.027612
8.734,0.027612
8.736,0.027612
8.738,0.59518
8.74,0.54917
8.742,0.50775
8.744,0.47047
8.746,0.43692
8.748,0.40673
8.75,0.37956
8.752,0.3551
8.754,0.33309
8.756,0.54951
8.758,-0.058899
8.76,-0.049635
8.762,-0.041297
8.764,-0.033792
8.766,-0.027038
8.768,-0.02096
8.77,0.22074
8.772,0.20266
8.774,-0.38119
8.776,-0.34982
8.778,-0.32159
8.78,-0.29618
8.782,-0.27331
8.784,-0.25273
8.786,-0.23421
8.788,-0.21754
8.79,-0.20253
8.792,-0.18903
8.794,0.059358
8.796,0.047287
8.798,0.036422
8.8,0.026644
8.802,0.017844
8.804,0.0099234
8.806,0.0027951
8.808,-0.0036203
8.81,-0.0093942
8.812,-0.014591
8.814,-0.019268
8.816,-0.023477
8.818,-0.027265
8.82,-0.030674
8.822,-0.033743
8.824,-0.036505
8.826,-0.03899
8.828,-0.041227
8.83,-0.04324
8.832,-0.045052
8.834,-0.046683
8.836,-0.04815
8.838,-0.049471
8.84,-0.05066
8.842,-0.05173
8.844,-0.052693
8.846,-0.05356
8.848,-0.05434
8.85,-0.055041
8.852,-0.055673
8.854,-0.056242
8.856,-0.056754
8.858,-0.057214
8.86,-0.057629
8.862,-0.058002
8.864,-0.058337
8.866,-0.05864
8.868,-0.058912
8.87,-0.059156
8.872,-0.059377
8.874,-0.059575
8.876,-0.059753
8.878,-0.059914
8.88,-0.060058
8.882,-0.060189
8.884,-0.060306
8.886,-0.060411
8.888,-0.060506
8.89,-0.060591
8.892,-0.060668
8.894,-0.060737
8.896,-0.060799
8.898,-0.060855
8.9,-0.060906
8.902,-0.060951
8.904,-0.060992
8.906,-0.061029
8.908,-0.061062
8.91,-0.061091
8.912,-0.061118
8.914,-0.061142
8.916,-0.061164
8.918,-0.061184
8.92,-0.061201
8.922,-0.061217
8.924,-0.061231
8.926,-0.061244
8.928,-0.061255
8.93,-0.061266
8.932,-0.061275
8.934,-0.061284
8.936,-0.061291
8.938,-0.061298
8.94,-0.061304
8.942,-0.06131
8.944,-0.061315
8.946,-0.061319
8.948,-0.061323
8.95,-0.061327
8.952,-0.06133
8.954,-0.061333
8.956,-0.061335
8.958,-0.061338
8.96,-0.06134
8.962,-0.061342
8.964,-0.061344
8.966,-0.061345
8.968,-0.061347
8.97,-0.061348
8.972,-0.061349
8.974,-0.06135
8.976,-0.061351
8.978,-0.061352
8.98,-0.061353
8.982,-0.061353
8.984,-0.061354
8.986,-0.061354
8.988,-0.061355
8.99,-0.061355
8.992,-0.061356
8.994,-0.061356
8.996,-0.061356
8.998,-0.061357
9,-0.061357
9.002,-0.061357
9.004,-0.061357
9.006,-0.061358
9.008,-0.061358
9.01,-0.061358
9.012,-0.061358
9.014,-0.061358
9.016,-0.061358
9.018,-0.061358
9.02,-0.061358
9.022,-0.061358
9.024,-0.061359
9.026,-0.061359
9.028,-0.061359
9.03,-0.061359
9.032,-0.061359
9.034,-0.061359
9.036,-0.061359
9.038,-0.061359
9.04,-0.061359
9.042,-0.061359
9.044,-0.061359
9.046,-0.061359
9.048,-0.061359
9.05,-0.061359
9.052,-0.061359
9.054,-0.62893
9.056,-0.58291
9.058,-0.5415
9.06,-0.50422
9.062,-0.47067
9.064,-0.44048
9.066,-0.4133
9.068,-0.62508
9.07,-0.58006
9.072,-0.53954
9.074,0.064499
9.076,0.051299
9.078,0.03942
9.08,0.028728
9.082,-0.21713
9.084,-0.20278
9.086,-0.18986
9.088,0.38933
9.09,0.35377
9.092,0.085539
9.094,0.079746
9.096,0.074533
9.098,0.069841
9.1,0.63319
9.102,0.34714
9.104,0.32531
9.106,0.30566
9.108,0.28798
9.11,0.27207
9.112,0.25775
9.114,0.24486
9.116,0.23326
9.118,0.22282
9.12,0.21342
9.122,0.20497
9.124,0.19735
9.126,0.1905
9.128,0.18434
9.13,0.17879
9.132,0.1738
9.134,0.1693
9.136,0.16526
9.138,0.16162
9.14,0.15834
9.142,0.15539
9.144,0.15274
9.146,0.15035
9.148,0.1482
9.15,0.14627
9.152,0.14452
9.154,0.14296
9.156,0.14155
9.158,0.14028
9.16,0.13914
9.162,0.13811
9.164,0.13718
9.166,0.13635
9.168,0.1356
9.17,0.13493
9.172,0.13432
9.174,-0.4338
9.176,-0.38827
9.178,-0.3473
9.18,-0.31042
9.182,-0.27723
9.184,-0.24736
9.186,-0.22048
9.188,-0.19628
9.19,-0.17451
9.192,-0.15491
9.194,-0.13727
9.196,-0.12139
9.198,-0.10711
9.2,-0.094249
9.202,-0.082677
9.204,-0.072262
9.206,-0.062888
9.208,-0.054452
9.21,-0.046859
9.212,0.52755
9.214,0.48768
9.216,0.4518
9.218,0.4195
9.22,0.39044
9.222,0.36428
9.224,0.34074
9.226,0.31955
9.228,0.30048
9.23,0.28332
9.232,0.26787
9.234,0.25397
9.236,-0.32612
9.238,-0.29136
9.24,-0.26007
9.242,-0.23192
9.244,0.029654
9.246,0.02945
9.248,0.029266
9.25,0.029101
9.252,0.028952
9.254,0.028818
9.256,0.028697
9.258,0.028588
9.26,0.028491
9.262,0.028403
9.264,0.028324
9.266,0.028253
9.268,0.028188
9.27,0.028131
9.272,0.028079
9.274,0.028032
9.276,0.02799
9.278,0.027952
9.28,0.027918
9.282,0.027888
9.284,0.02786
9.286,0.027835
9.288,0.027813
9.29,0.027793
9.292,0.027775
9.294,0.027758
9.296,0.027744
9.298,0.02773
9.3,0.027719
9.302,0.027708
9.304,0.027698
9.306,0.02769
9.308,0.027682
9.31,0.027675
9.312,0.027668
9.314,0.027663
9.316,0.027658
9.318,0.027653
9.32,0.027649
9.322,0.027645
9.324,0.027642
9.326,0.027639
9.328,0.027636
9.33,0.027634
9.332,0.027631
9.334,0.027629
9.336,0.027628
9.338,0.027626
9.34,0.027625
9.342,0.027623
9.344,0.027622
9.346,0.027621
9.348,0.02762
9.35,0.027619
9.352,0.027619
9.354,0.027618
9.356,0.027617
9.358,0.027617
9.36,0.027616
9.362,0.027616
9.364,0.027615
9.366,0.027615
9.368,0.027615
9.37,0.027614
9.372,0.027614
9.374,0.027614
9.376,0.027614
9.378,0.027613
9.38,0.027613
9.382,0.027613
9.384,0.027613
9.386,0.027613
9.388,0.027613
9.39,0.027613
9.392,0.027612
9.394,0.027612
9.396,0.027612
9.398,0.027612
9.4,0.027612
9.402,0.027612
9.404,0.027612
9.406,0.027612
9.408,0.027612
9.41,0.027612
9.412,0.027612
9.414,0.027612
9.416,0.027612
9.418,0.027612
9.42,0.027612
9.422,0.027612
9.424,0.027612
9.426,0.027612
9.428,0.027612
9.43,0.027612
9.432,0.027612
9.434,0.027612
9.436,0.027612
9.438,0.027612
9.44,0.027612
9.442,0.027612
9.444,0.027612
9.446,0.027612
9.448,0.027612
9.45,0.027612
9.452,0.027612
9.454,0.027612
9.456,0.59518
9.458,0.54917
9.46,0.50775
9.462,0.47047
9.464,0.43692
9.466,0.64296
9.468,0.59278
9.47,0.54761
9.472,0.50697
9.474,-0.097191
9.476,-0.084097
9.478,-0.072313
9.48,-0.061707
9.482,0.18407
9.484,0.16965
9.486,0.15668
9.488,-0.42258
9.49,-0.38707
9.492,-0.35511
9.494,-0.32635
9.496,-0.30046
9.498,-0.040934
9.5,-0.042976
9.502,-0.044815
9.504,-0.046469
9.506,-0.047958
9.508,-0.049298
9.51,-0.050504
9.512,-0.05159
9.514,-0.052567
9.516,-0.053446
9.518,-0.054237
9.52,-0.62252
9.522,-0.57714
9.524,-0.5363
9.526,-0.49955
9.528,-0.46647
9.53,-0.43669
9.532,-0.4099
9.534,-0.38578
9.536,-0.36408
9.538,-0.34454
9.54,0.24061
9.542,0.21041
9.544,0.18324
9.546,0.15878
9.548,0.13676
9.55,0.11695
9.552,0.09912
9.554,0.083072
9.556,-0.1676
9.558,-0.15759
9.56,0.41899
9.562,0.38108
9.564,0.34696
9.566,0.31625
9.568,0.28861
9.57,0.26374
9.572,0.24136
9.574,0.22121
9.576,0.20308
9.578,0.18676
9.58,0.17207
9.582,0.15885
9.584,0.14695
9.586,0.13625
9.588,0.12661
9.59,0.11794
9.592,0.11013
9.594,0.10311
9.596,0.096785
9.598,0.091095
9.6,0.085974
9.602,0.081365
9.604,0.077217
9.606,0.073483
9.608,0.070123
9.61,0.067099
9.612,0.064378
9.614,0.061928
9.616,0.059724
9.618,0.05774
9.62,0.055954
9.622,0.054347
9.624,0.052901
9.626,0.051599
9.628,0.050428
9.63,0.049373
9.632,0.048424
9.634,0.04757
9.636,0.046801
9.638,0.04611
9.64,0.045487
9.642,0.044927
9.644,0.044422
9.646,0.043968
9.648,0.04356
9.65,0.043192
9.652,0.042861
9.654,0.042564
9.656,0.042296
9.658,0.042054
9.66,0.041837
9.662,0.041642
9.664,0.041466
9.666,0.041308
9.668,0.041165
9.67,0.041037
9.672,0.040922
9.674,0.040818
9.676,0.040725
9.678,0.60821
9.68,0.56212
9.682,0.52063
9.684,0.4833
9.686,0.44969
9.688,0.41945
9.69,0.62846
9.692,0.58096
9.694,0.5382
9.696,-0.067852
9.698,-0.056465
9.7,-0.046216
9.702,-0.036993
9.704,-0.028692
9.706,0.21501
9.708,0.19873
9.71,0.18407
9.712,-0.39669
9.714,-0.36255
9.716,-0.095582
9.718,-0.090933
9.72,-0.086748
9.722,-0.082982
9.724,-0.079593
9.726,-0.076542
9.728,-0.073797
9.73,-0.071326
9.732,-0.40044
9.734,-0.37543
9.736,-0.35292
9.738,-0.33266
9.74,-0.31443
9.742,-0.29802
9.744,-0.28325
9.746,-0.26996
9.748,-0.25799
9.75,-0.24723
9.752,-0.23754
9.754,-0.22882
9.756,-0.22097
9.758,-0.21391
9.76,-0.20755
9.762,-0.20183
9.764,-0.19668
9.766,-0.19204
9.768,-0.18787
9.77,-0.18412
9.772,0.38684
9.774,0.34386
9.776,0.068943
9.778,0.05714
9.78,0.046517
9.782,0.036956
9.784,0.028352
9.786,0.020608
9.788,0.013639
9.79,0.007366
9.792,0.0017206
9.794,-0.0033602
9.796,-0.0079329
9.798,0.55552
9.8,0.5058
9.802,0.46105
9.804,0.42077
9.806,0.38453
9.808,0.3519
9.81,0.32254
9.812,0.29612
9.814,0.27233
9.816,0.25093
9.818,0.23167
9.82,0.21433
9.822,0.19872
9.824,0.18468
9.826,0.17204
9.828,-0.40691
9.83,-0.37112
9.832,-0.33892
9.834,-0.30994
9.836,-0.28385
9.838,-0.024142
9.84,-0.026023
9.842,-0.027716
9.844,-0.02924
9.846,-0.030611
9.848,-0.031845
9.85,-0.032956
9.852,-0.033955
9.854,-0.034855
9.856,-0.035664
9.858,-0.036393
9.86,-0.037049
9.862,-0.037639
9.864,-0.03817
9.866,-0.038649
9.868,-0.039079
9.87,-0.039466
9.872,-0.039815
9.874,-0.040128
9.876,-0.040411
9.878,-0.040665
9.88,-0.040893
9.882,-0.041099
9.884,-0.041284
9.886,-0.041451
9.888,-0.041601
9.89,-0.041736
9.892,-0.041858
9.894,-0.041967
9.896,-0.042066
9.898,-0.042154
9.9,-0.042234
9.902,-0.042306
9.904,-0.04237
9.906,-0.042428
9.908,-0.042481
9.91,-0.042528
9.912,-0.04257
9.914,-0.042608
9.916,-0.042643
9.918,-0.042673
9.92,-0.042701
9.922,-0.042726
9.924,-0.042749
9.926,-0.042769
9.928,-0.042787
9.93,-0.042804
9.932,-0.042818
9.934,-0.042832
9.936,-0.042844
9.938,-0.042855
9.94,-0.042864
9.942,-0.042873
9.944,-0.042881
9.946,-0.042888
9.948,-0.042894
9.95,-0.0429
9.952,-0.042905
9.954,-0.04291
9.956,-0.042914
9.958,-0.042918
9.96,-0.042921
9.962,-0.042924
9.964,-0.042927
9.966,-0.042929
9.968,-0.042932
9.97,-0.042933
9.972,-0.042935
9.974,-0.042937
9.976,-0.042938
9.978,-0.04294
9.98,-0.042941
9.982,-0.042942
9.984,-0.042943
9.986,-0.042944
9.988,-0.042945
9.99,-0.042945
9.992,-0.042946
9.994,-0.042946
9.996,-0.042947
9.998,-0.042947
10,-0.042948
