0,2.9913
0.002,2.9882
0.004,2.9821
0.006,2.979
0.008,2.9729
0.01,2.9667
0.012,2.9637
0.014,2.9575
0.016,2.9514
0.018,2.9452
0.02,2.9391
0.022,2.936
0.024,2.9299
0.026,2.9238
0.028,2.9176
0.03,2.9146
0.032,2.9084
0.034,2.9023
0.036,2.8962
0.038,2.89
0.04,2.8839
0.042,2.8808
0.044,2.8747
0.046,2.8685
0.048,2.8624
0.05,2.8563
0.052,2.8532
0.054,2.8471
0.056,2.8409
0.058,2.8379
0.06,2.8317
0.062,2.8287
0.064,2.8225
0.066,2.8164
0.068,2.8103
0.07,2.8072
0.072,2.801
0.074,2.798
0.076,2.7918
0.078,2.7888
0.08,2.7857
0.082,2.7796
0.084,2.7765
0.086,2.7734
0.088,2.7704
0.09,2.7642
0.092,2.7612
0.094,2.7581
0.096,2.755
0.098,2.752
0.1,2.7489
0.102,2.7458
0.104,2.7428
0.106,2.7397
0.108,2.7366
0.11,2.7336
0.112,2.7336
0.114,2.7305
0.116,2.7274
0.118,2.7274
0.12,2.7243
0.122,2.7243
0.124,2.7213
0.126,2.7213
0.128,2.7182
0.13,2.7182
0.132,2.7151
0.134,2.7151
0.136,2.7151
0.138,2.7121
0.14,2.7121
0.142,2.7121
0.144,2.7121
0.146,2.7121
0.148,2.7121
0.15,2.7121
0.152,2.7121
0.154,2.7121
0.156,2.7121
0.158,2.7121
0.16,2.7121
0.162,2.7151
0.164,2.7151
0.166,2.7151
0.168,2.7182
0.17,2.7182
0.172,2.7213
0.174,2.7243
0.176,2.7274
0.178,2.7305
0.18,2.7336
0.182,2.7366
0.184,2.7428
0.186,2.7489
0.188,2.755
0.19,2.7612
0.192,2.7673
0.194,2.7734
0.196,2.7826
0.198,2.7918
0.2,2.798
0.202,2.8072
0.204,2.8195
0.206,2.8287
0.208,2.8409
0.21,2.8532
0.212,2.8624
0.214,2.8747
0.216,2.89
0.218,2.9023
0.22,2.9176
0.222,2.9299
0.224,2.9452
0.226,2.9606
0.228,2.979
0.23,2.9943
0.232,3.0127
0.234,3.0281
0.236,3.0465
0.238,3.0649
0.24,3.0833
0.242,3.1017
0.244,3.1201
0.246,-3.1416
0.248,-3.1232
0.25,-3.1017
0.252,-3.0833
0.254,-3.0618
0.256,-3.0403
0.258,-3.0219
0.26,-3.0005
0.262,-2.979
0.264,-2.9575
0.266,-2.9391
0.268,-2.9176
0.27,-2.8962
0.272,-2.8747
0.274,-2.8563
0.276,-2.8348
0.278,-2.8164
0.28,-2.7949
0.282,-2.7765
0.284,-2.755
0.286,-2.7366
0.288,-2.7182
0.29,-2.6998
0.292,-2.6814
0.294,-2.663
0.296,-2.6477
0.298,-2.6292
0.3,-2.6108
0.302,-2.5955
0.304,-2.5771
0.306,-2.5617
0.308,-2.5464
0.31,-2.5311
0.312,-2.5157
0.314,-2.5004
0.316,-2.4881
0.318,-2.4728
0.32,-2.4605
0.322,-2.4452
0.324,-2.4329
0.326,-2.4206
0.328,-2.4083
0.33,-2.3961
0.332,-2.3838
0.334,-2.3746
0.336,-2.3623
0.338,-2.3531
0.34,-2.3439
0.342,-2.3347
0.344,-2.3255
0.346,-2.3163
0.348,-2.3071
0.35,-2.301
0.352,-2.2918
0.354,-2.2856
0.356,-2.2764
0.358,-2.2703
0.36,-2.2642
0.362,-2.258
0.364,-2.255
0.366,-2.2488
0.368,-2.2457
0.37,-2.2396
0.372,-2.2365
0.374,-2.2335
0.376,-2.2304
0.378,-2.2273
0.38,-2.2243
0.382,-2.2243
0.384,-2.2212
0.386,-2.2212
0.388,-2.2212
0.39,-2.2212
0.392,-2.2212
0.394,-2.2212
0.396,-2.2212
0.398,-2.2212
0.4,-2.2212
0.402,-2.2243
0.404,-2.2273
0.406,-2.2273
0.408,-2.2335
0.41,-2.2365
0.412,-2.2396
0.414,-2.2427
0.416,-2.2488
0.418,-2.255
0.42,-2.2611
0.422,-2.2642
0.424,-2.2734
0.426,-2.2795
0.428,-2.2887
0.43,-2.2948
0.432,-2.304
0.434,-2.3132
0.436,-2.3224
0.438,-2.3347
0.44,-2.347
0.442,-2.3562
0.444,-2.3685
0.446,-2.3807
0.448,-2.3961
0.45,-2.4083
0.452,-2.4237
0.454,-2.439
0.456,-2.4544
0.458,-2.4697
0.46,-2.485
0.462,-2.5035
0.464,-2.5219
0.466,-2.5403
0.468,-2.5587
0.47,-2.5802
0.472,-2.5986
0.474,-2.62
0.476,-2.6415
0.478,-2.663
0.48,-2.6875
0.482,-2.709
0.484,-2.7336
0.486,-2.7581
0.488,-2.7857
0.49,-2.8103
0.492,-2.8379
0.494,-2.8655
0.496,-2.8931
0.498,-2.9207
0.5,-2.9514
0.502,-2.9821
0.504,-3.0127
0.506,-3.0434
0.508,-3.0741
0.51,-3.1048
0.512,-3.1355
0.514,3.114
0.516,3.0833
0.518,3.0526
0.52,3.0189
0.522,2.9882
0.524,2.9575
0.526,2.9238
0.528,2.8931
0.53,2.8624
0.532,2.8317
0.534,2.801
0.536,2.7734
0.538,2.7428
0.54,2.7151
0.542,2.6875
0.544,2.6599
0.546,2.6323
0.548,2.6047
0.55,2.5802
0.552,2.5525
0.554,2.528
0.556,2.5035
0.558,2.4789
0.56,2.4574
0.562,2.4329
0.564,2.4114
0.566,2.3899
0.568,2.3685
0.57,2.347
0.572,2.3255
0.574,2.304
0.576,2.2856
0.578,2.2672
0.58,2.2488
0.582,2.2304
0.584,2.212
0.586,2.1936
0.588,2.1783
0.59,2.1629
0.592,2.1445
0.594,2.1292
0.596,2.1169
0.598,2.1016
0.6,2.0862
0.602,2.0739
0.604,2.0617
0.606,2.0494
0.608,2.0371
0.61,2.0249
0.612,2.0126
0.614,2.0034
0.616,1.9911
0.618,1.9819
0.62,1.9727
0.622,1.9635
0.624,1.9574
0.626,1.9482
0.628,1.939
0.63,1.9328
0.632,1.9267
0.634,1.9205
0.636,1.9144
0.638,1.9113
0.64,1.9052
0.642,1.9021
0.644,1.896
0.646,1.8929
0.648,1.8899
0.65,1.8868
0.652,1.8868
0.654,1.8837
0.656,1.8837
0.658,1.8837
0.66,1.8837
0.662,1.8837
0.664,1.8837
0.666,1.8837
0.668,1.8837
0.67,1.8868
0.672,1.8899
0.674,1.8929
0.676,1.896
0.678,1.8991
0.68,1.9052
0.682,1.9113
0.684,1.9175
0.686,1.9205
0.688,1.9267
0.69,1.9359
0.692,1.942
0.694,1.9512
0.696,1.9574
0.698,1.9666
0.7,1.9758
0.702,1.988
0.704,1.9972
0.706,2.0095
0.708,2.0187
0.71,2.031
0.712,2.0433
0.714,2.0586
0.716,2.0709
0.718,2.0862
0.72,2.0985
0.722,2.1138
0.724,2.1292
0.726,2.1476
0.728,2.1629
0.73,2.1813
0.732,2.1997
0.734,2.2181
0.736,2.2365
0.738,2.258
0.74,2.2764
0.742,2.2979
0.744,2.3194
0.746,2.3439
0.748,2.3654
0.75,2.3899
0.752,2.4114
0.754,2.439
0.756,2.4636
0.758,2.4912
0.76,2.5157
0.762,2.5433
0.764,2.574
0.766,2.6016
0.768,2.6323
0.77,2.663
0.772,2.6937
0.774,2.7274
0.776,2.7612
0.778,2.7949
0.78,2.8287
0.782,2.8655
0.784,2.9023
0.786,2.9391
0.788,2.9759
0.79,3.0158
0.792,3.0557
0.794,3.0925
0.796,3.1355
0.798,-3.1078
0.8,-3.068
0.802,-3.0311
0.804,-2.9882
0.806,-2.9514
0.808,-2.9115
0.81,-2.8716
0.812,-2.8348
0.814,-2.798
0.816,-2.7581
0.818,-2.7243
0.82,-2.6875
0.822,-2.6538
0.824,-2.617
0.826,-2.5832
0.828,-2.5525
0.83,-2.5188
0.832,-2.4881
0.834,-2.4574
0.836,-2.4268
0.838,-2.3961
0.84,-2.3654
0.842,-2.3378
0.844,-2.3102
0.846,-2.2826
0.848,-2.255
0.85,-2.2273
0.852,-2.2028
0.854,-2.1783
0.856,-2.1537
0.858,-2.1292
0.86,-2.1046
0.862,-2.0831
0.864,-2.0586
0.866,-2.0371
0.868,-2.0157
0.87,-1.9942
0.872,-1.9758
0.874,-1.9543
0.876,-1.9359
0.878,-1.9144
0.88,-1.896
0.882,-1.8776
0.884,-1.8623
0.886,-1.8438
0.888,-1.8285
0.89,-1.8132
0.892,-1.7978
0.894,-1.7825
0.896,-1.7671
0.898,-1.7518
0.9,-1.7395
0.902,-1.7273
0.904,-1.7119
0.906,-1.6997
0.908,-1.6904
0.91,-1.6782
0.912,-1.669
0.914,-1.6567
0.916,-1.6475
0.918,-1.6383
0.92,-1.6291
0.922,-1.6199
0.924,-1.6137
0.926,-1.6076
0.928,-1.5984
0.93,-1.5923
0.932,-1.5892
0.934,-1.5831
0.936,-1.5769
0.938,-1.5739
0.94,-1.5708
0.942,-1.5647
0.944,-1.5616
0.946,-1.5616
0.948,-1.5585
0.95,-1.5585
0.952,-1.5555
0.954,-1.5555
0.956,-1.5555
0.958,-1.5555
0.96,-1.5555
0.962,-1.5555
0.964,-1.5585
0.966,-1.5616
0.968,-1.5647
0.97,-1.5677
0.972,-1.5708
0.974,-1.5769
0.976,-1.58
0.978,-1.5861
0.98,-1.5923
0.982,-1.5984
0.984,-1.6045
0.986,-1.6107
0.988,-1.6199
0.99,-1.626
0.992,-1.6352
0.994,-1.6444
0.996,-1.6536
0.998,-1.6659
1,-1.6751
1.002,-1.6874
1.004,-1.6997
1.006,-1.7119
1.008,-1.7242
1.01,-1.7365
1.012,-1.7487
1.014,-1.7641
1.016,-1.7794
1.018,-1.7948
1.02,-1.8101
1.022,-1.8254
1.024,-1.8408
1.026,-1.8592
1.028,-1.8776
1.03,-1.896
1.032,-1.9144
1.034,-1.9328
1.036,-1.9543
1.038,-1.9727
1.04,-1.9942
1.042,-2.0157
1.044,-2.0402
1.046,-2.0617
1.048,-2.0862
1.05,-2.1077
1.052,-2.1322
1.054,-2.1568
1.056,-2.1844
1.058,-2.2089
1.06,-2.2365
1.062,-2.2642
1.064,-2.2918
1.066,-2.3224
1.068,-2.3531
1.07,-2.3838
1.072,-2.4145
1.074,-2.4452
1.076,-2.4789
1.078,-2.5127
1.08,-2.5464
1.082,-2.5832
1.084,-2.617
1.086,-2.6538
1.088,-2.6937
1.09,-2.7336
1.092,-2.7734
1.094,-2.8133
1.096,-2.8563
1.098,-2.8992
1.1,-2.9422
1.102,-2.9851
1.104,-3.0311
1.106,-3.0741
1.108,-3.1201
1.11,3.117
1.112,3.068
1.114,3.025
1.116,2.979
1.118,2.933
1.12,2.89
1.122,2.8471
1.124,2.8041
1.126,2.7612
1.128,2.7182
1.13,2.6783
1.132,2.6384
1.134,2.5986
1.136,2.5617
1.138,2.5249
1.14,2.4881
1.142,2.4513
1.144,2.4145
1.146,2.3807
1.148,2.347
1.15,2.3163
1.152,2.2826
1.154,2.2519
1.156,2.2212
1.158,2.1905
1.16,2.1598
1.162,2.1292
1.164,2.1016
1.166,2.0739
1.168,2.0463
1.17,2.0187
1.172,1.9942
1.174,1.9666
1.176,1.942
1.178,1.9175
1.18,1.8929
1.182,1.8684
1.184,1.8469
1.186,1.8254
1.188,1.8009
1.19,1.7794
1.192,1.761
1.194,1.7395
1.196,1.7181
1.198,1.6997
1.2,1.6782
1.202,1.6628
1.204,1.6444
1.206,1.626
1.208,1.6076
1.21,1.5923
1.212,1.5769
1.214,1.5616
1.216,1.5463
1.218,1.5309
1.22,1.5186
1.222,1.5033
1.224,1.491
1.226,1.4788
1.228,1.4665
1.23,1.4542
1.232,1.4419
1.234,1.4327
1.236,1.4205
1.238,1.4113
1.24,1.4021
1.242,1.3929
1.244,1.3837
1.246,1.3775
1.248,1.3683
1.25,1.3622
1.252,1.356
1.254,1.3499
1.256,1.3438
1.258,1.3376
1.26,1.3346
1.262,1.3315
1.264,1.3254
1.266,1.3223
1.268,1.3192
1.27,1.3192
1.272,1.3162
1.274,1.3162
1.276,1.3131
1.278,1.3131
1.28,1.3131
1.282,1.3131
1.284,1.3131
1.286,1.3162
1.288,1.3162
1.29,1.3192
1.292,1.3223
1.294,1.3254
1.296,1.3284
1.298,1.3346
1.3,1.3376
1.302,1.3407
1.304,1.3468
1.306,1.353
1.308,1.3591
1.31,1.3683
1.312,1.3744
1.314,1.3837
1.316,1.3929
1.318,1.399
1.32,1.4113
1.322,1.4205
1.324,1.4297
1.326,1.4419
1.328,1.4542
1.33,1.4665
1.332,1.4788
1.334,1.491
1.336,1.5033
1.338,1.5186
1.34,1.5309
1.342,1.5463
1.344,1.5616
1.346,1.5769
1.348,1.5923
1.35,1.6107
1.352,1.6291
1.354,1.6444
1.356,1.6628
1.358,1.6812
1.36,1.7027
1.362,1.7211
1.364,1.7426
1.366,1.7641
1.368,1.7856
1.37,1.804
1.372,1.8285
1.374,1.85
1.376,1.8745
1.378,1.8991
1.38,1.9236
1.382,1.9482
1.384,1.9727
1.386,2.0003
1.388,2.0249
1.39,2.0555
1.392,2.0831
1.394,2.1108
1.396,2.1414
1.398,2.1721
1.4,2.2028
1.402,2.2335
1.404,2.2642
1.406,2.2979
1.408,2.3317
1.41,2.3654
1.412,2.4022
1.414,2.436
1.416,2.4758
1.418,2.5127
1.42,2.5525
1.422,2.5924
1.424,2.6323
1.426,2.6753
1.428,2.7151
1.43,2.7612
1.432,2.8041
1.434,2.8532
1.436,2.8992
1.438,2.9452
1.44,2.9943
1.442,3.0465
1.444,3.0956
1.446,-3.1385
1.448,-3.0864
1.45,-3.0373
1.452,-2.9882
1.454,-2.9391
1.456,-2.89
1.458,-2.8409
1.46,-2.7949
1.462,-2.7489
1.464,-2.7029
1.466,-2.6599
1.468,-2.6139
1.47,-2.571
1.472,-2.5311
1.474,-2.4912
1.476,-2.4513
1.478,-2.4114
1.48,-2.3715
1.482,-2.3347
1.484,-2.2979
1.486,-2.2642
1.488,-2.2273
1.49,-2.1936
1.492,-2.1598
1.494,-2.1261
1.496,-2.0923
1.498,-2.0617
1.5,-2.031
1.502,-2.0003
1.504,-1.9696
1.506,-1.939
1.508,-1.9113
1.51,-1.8807
1.512,-1.853
1.514,-1.8254
1.516,-1.8009
1.518,-1.7733
1.52,-1.7487
1.522,-1.7211
1.524,-1.6966
1.526,-1.672
1.528,-1.6506
1.53,-1.626
1.532,-1.6045
1.534,-1.58
1.536,-1.5585
1.538,-1.537
1.54,-1.5186
1.542,-1.4972
1.544,-1.4757
1.546,-1.4573
1.548,-1.4389
1.55,-1.4205
1.552,-1.4021
1.554,-1.3837
1.556,-1.3683
1.558,-1.3499
1.56,-1.3346
1.562,-1.3192
1.564,-1.3039
1.566,-1.2885
1.568,-1.2732
1.57,-1.2609
1.572,-1.2456
1.574,-1.2333
1.576,-1.221
1.578,-1.2088
1.58,-1.1965
1.582,-1.1842
1.584,-1.175
1.586,-1.1658
1.588,-1.1536
1.59,-1.1443
1.592,-1.1351
1.594,-1.129
1.596,-1.1198
1.598,-1.1106
1.6,-1.1045
1.602,-1.0983
1.604,-1.0922
1.606,-1.0861
1.608,-1.0799
1.61,-1.0738
1.612,-1.0707
1.614,-1.0646
1.616,-1.0615
1.618,-1.0584
1.62,-1.0554
1.622,-1.0523
1.624,-1.0523
1.626,-1.0492
1.628,-1.0492
1.63,-1.0492
1.632,-1.0492
1.634,-1.0492
1.636,-1.0492
1.638,-1.0492
1.64,-1.0523
1.642,-1.0523
1.644,-1.0554
1.646,-1.0584
1.648,-1.0615
1.65,-1.0677
1.652,-1.0707
1.654,-1.0738
1.656,-1.0799
1.658,-1.0861
1.66,-1.0922
1.662,-1.0983
1.664,-1.1045
1.666,-1.1137
1.668,-1.1198
1.67,-1.129
1.672,-1.1382
1.674,-1.1474
1.676,-1.1566
1.678,-1.1689
1.68,-1.1781
1.682,-1.1904
1.684,-1.2026
1.686,-1.2149
1.688,-1.2272
1.69,-1.2395
1.692,-1.2548
1.694,-1.2671
1.696,-1.2824
1.698,-1.2977
1.7,-1.3131
1.702,-1.3284
1.704,-1.3438
1.706,-1.3622
1.708,-1.3775
1.71,-1.3959
1.712,-1.4143
1.714,-1.4327
1.716,-1.4511
1.718,-1.4726
1.72,-1.491
1.722,-1.5125
1.724,-1.534
1.726,-1.5555
1.728,-1.5769
1.73,-1.5984
1.732,-1.623
1.734,-1.6444
1.736,-1.669
1.738,-1.6935
1.74,-1.7181
1.742,-1.7457
1.744,-1.7702
1.746,-1.7978
1.748,-1.8224
1.75,-1.85
1.752,-1.8807
1.754,-1.9083
1.756,-1.939
1.758,-1.9666
1.76,-1.9972
1.762,-2.0279
1.764,-2.0617
1.766,-2.0923
1.768,-2.1261
1.77,-2.1598
1.772,-2.1967
1.774,-2.2304
1.776,-2.2672
1.778,-2.304
1.78,-2.3409
1.782,-2.3807
1.784,-2.4176
1.786,-2.4605
1.788,-2.5004
1.79,-2.5433
1.792,-2.5863
1.794,-2.6323
1.796,-2.6783
1.798,-2.7243
1.8,-2.7734
1.802,-2.8225
1.804,-2.8716
1.806,-2.9268
1.808,-2.9759
1.81,-3.0281
1.812,-3.0833
1.814,-3.1355
1.816,3.0925
1.818,3.0403
1.82,2.9851
1.822,2.933
1.824,2.8808
1.826,2.8287
1.828,2.7796
1.83,2.7305
1.832,2.6814
1.834,2.6323
1.836,2.5863
1.838,2.5403
1.84,2.4973
1.842,2.4544
1.844,2.4114
1.846,2.3715
1.848,2.3317
1.85,2.2918
1.852,2.2519
1.854,2.2151
1.856,2.1752
1.858,2.1384
1.86,2.1046
1.862,2.0678
1.864,2.0341
1.866,2.0003
1.868,1.9666
1.87,1.9328
1.872,1.9021
1.874,1.8684
1.876,1.8377
1.878,1.807
1.88,1.7794
1.882,1.7487
1.884,1.7211
1.886,1.6904
1.888,1.6628
1.89,1.6383
1.892,1.6107
1.894,1.5831
1.896,1.5585
1.898,1.5309
1.9,1.5064
1.902,1.4818
1.904,1.4603
1.906,1.4358
1.908,1.4113
1.91,1.3898
1.912,1.3683
1.914,1.3468
1.916,1.3254
1.918,1.3039
1.92,1.2824
1.922,1.264
1.924,1.2456
1.926,1.2241
1.928,1.2057
1.93,1.1873
1.932,1.172
1.934,1.1536
1.936,1.1351
1.938,1.1198
1.94,1.1045
1.942,1.0891
1.944,1.0738
1.946,1.0584
1.948,1.0431
1.95,1.0308
1.952,1.0155
1.954,1.0032
1.956,0.99095
1.958,0.97868
1.96,0.96641
1.962,0.95414
1.964,0.94186
1.966,0.93266
1.968,0.92346
1.97,0.91425
1.972,0.90198
1.974,0.89278
1.976,0.88664
1.978,0.87744
1.98,0.86823
1.982,0.8621
1.984,0.85596
1.986,0.84983
1.988,0.84369
1.99,0.83755
1.992,0.83142
1.994,0.82835
1.996,0.82221
1.998,0.81915
2,0.81608
2.002,0.80994
2.004,0.80994
2.006,0.80687
2.008,0.80381
2.01,0.80381
2.012,0.80074
2.014,0.80074
2.016,0.80074
2.018,0.80074
2.02,0.80074
2.022,0.80074
2.024,0.80381
2.026,0.80381
2.028,0.80687
2.03,0.80994
2.032,0.81301
2.034,0.81608
2.036,0.81915
2.038,0.82221
2.04,0.82835
2.042,0.83449
2.044,0.83755
2.046,0.84369
2.048,0.84983
2.05,0.85903
2.052,0.86517
2.054,0.8713
2.056,0.8805
2.058,0.88971
2.06,0.89891
2.062,0.90812
2.064,0.91732
2.066,0.92652
2.068,0.9388
2.07,0.948
2.072,0.96027
2.074,0.97254
2.076,0.98482
2.078,0.99709
2.08,1.0124
2.082,1.0247
2.084,1.04
2.086,1.0523
2.088,1.0677
2.09,1.083
2.092,1.0983
2.094,1.1167
2.096,1.1321
2.098,1.1474
2.1,1.1658
2.102,1.1842
2.104,1.2026
2.106,1.221
2.108,1.2395
2.11,1.2609
2.112,1.2793
2.114,1.3008
2.116,1.3223
2.118,1.3438
2.12,1.3652
2.122,1.3867
2.124,1.4113
2.126,1.4327
2.128,1.4573
2.13,1.4818
2.132,1.5064
2.134,1.5309
2.136,1.5585
2.138,1.5831
2.14,1.6107
2.142,1.6383
2.144,1.6659
2.146,1.6935
2.148,1.7211
2.15,1.7487
2.152,1.7794
2.154,1.8101
2.156,1.8408
2.158,1.8715
2.16,1.9052
2.162,1.9359
2.164,1.9696
2.166,2.0034
2.168,2.0371
2.17,2.0739
2.172,2.1077
2.174,2.1445
2.176,2.1813
2.178,2.2212
2.18,2.2611
2.182,2.301
2.184,2.3409
2.186,2.3807
2.188,2.4237
2.19,2.4666
2.192,2.5127
2.194,2.5587
2.196,2.6047
2.198,2.6538
2.2,2.7029
2.202,2.752
2.204,2.8041
2.206,2.8563
2.208,2.9115
2.21,2.9698
2.212,3.0219
2.214,3.0772
2.216,3.1355
2.218,-3.0894
2.22,-3.0342
2.222,-2.9759
2.224,-2.9207
2.226,-2.8685
2.228,-2.8164
2.23,-2.7642
2.232,-2.7121
2.234,-2.663
2.236,-2.6108
2.238,-2.5617
2.24,-2.5157
2.242,-2.4697
2.244,-2.4237
2.246,-2.3807
2.248,-2.3378
2.25,-2.2979
2.252,-2.255
2.254,-2.2151
2.256,-2.1752
2.258,-2.1353
2.26,-2.0954
2.262,-2.0586
2.264,-2.0249
2.266,-1.988
2.268,-1.9512
2.27,-1.9144
2.272,-1.8807
2.274,-1.8469
2.276,-1.8162
2.278,-1.7825
2.28,-1.7518
2.282,-1.7181
2.284,-1.6874
2.286,-1.6567
2.288,-1.626
2.29,-1.5984
2.292,-1.5708
2.294,-1.5401
2.296,-1.5125
2.298,-1.4849
2.3,-1.4573
2.302,-1.4297
2.304,-1.4051
2.306,-1.3806
2.308,-1.353
2.31,-1.3284
2.312,-1.3039
2.314,-1.2824
2.316,-1.2579
2.318,-1.2333
2.32,-1.2118
2.322,-1.1904
2.324,-1.1658
2.326,-1.1443
2.328,-1.1229
2.33,-1.1045
2.332,-1.083
2.334,-1.0615
2.336,-1.0431
2.338,-1.0247
2.34,-1.0063
2.342,-0.98482
2.344,-0.96948
2.346,-0.95107
2.348,-0.93266
2.35,-0.91732
2.352,-0.89891
2.354,-0.88357
2.356,-0.86823
2.358,-0.85289
2.36,-0.83755
2.362,-0.82221
2.364,-0.80687
2.366,-0.7946
2.368,-0.77926
2.37,-0.76699
2.372,-0.75165
2.374,-0.73938
2.376,-0.72711
2.378,-0.7179
2.38,-0.70563
2.382,-0.69336
2.384,-0.68416
2.386,-0.67188
2.388,-0.66268
2.39,-0.65348
2.392,-0.64427
2.394,-0.63507
2.396,-0.62586
2.398,-0.61973
2.4,-0.61052
2.402,-0.60439
2.404,-0.59518
2.406,-0.58905
2.408,-0.58291
2.41,-0.57678
2.412,-0.57064
2.414,-0.5645
2.416,-0.56144
2.418,-0.5553
2.42,-0.55223
2.422,-0.54917
2.424,-0.5461
2.426,-0.53996
2.428,-0.53996
2.43,-0.53689
2.432,-0.53383
2.434,-0.53383
2.436,-0.53076
2.438,-0.53076
2.44,-0.53076
2.442,-0.52769
2.444,-0.52769
2.446,-0.52769
2.448,-0.52769
2.45,-0.53076
2.452,-0.53076
2.454,-0.53383
2.456,-0.53383
2.458,-0.53689
2.46,-0.53996
2.462,-0.54303
2.464,-0.5461
2.466,-0.54917
2.468,-0.55223
2.47,-0.55837
2.472,-0.56144
2.474,-0.56757
2.476,-0.57371
2.478,-0.57984
2.48,-0.58598
2.482,-0.59212
2.484,-0.59825
2.486,-0.60746
2.488,-0.61359
2.49,-0.6228
2.492,-0.62893
2.494,-0.63814
2.496,-0.64734
2.498,-0.65654
2.5,-0.66882
2.502,-0.67802
2.504,-0.68722
2.506,-0.6995
2.508,-0.7087
2.51,-0.72097
2.512,-0.73324
2.514,-0.74551
2.516,-0.75779
2.518,-0.77313
2.52,-0.7854
2.522,-0.79767
2.524,-0.81301
2.526,-0.82835
2.528,-0.84062
2.53,-0.85596
2.532,-0.8713
2.534,-0.88971
2.536,-0.90505
2.538,-0.92039
2.54,-0.9388
2.542,-0.9572
2.544,-0.97254
2.546,-0.99095
2.548,-1.0094
2.55,-1.0278
2.552,-1.0492
2.554,-1.0677
2.556,-1.0891
2.558,-1.1075
2.56,-1.129
2.562,-1.1505
2.564,-1.172
2.566,-1.1934
2.568,-1.218
2.57,-1.2395
2.572,-1.264
2.574,-1.2885
2.576,-1.3131
2.578,-1.3376
2.58,-1.3622
2.582,-1.3867
2.584,-1.4113
2.586,-1.4389
2.588,-1.4665
2.59,-1.4941
2.592,-1.5217
2.594,-1.5493
2.596,-1.5769
2.598,-1.6076
2.6,-1.6352
2.602,-1.6659
2.604,-1.6966
2.606,-1.7273
2.608,-1.761
2.61,-1.7917
2.612,-1.8254
2.614,-1.8592
2.616,-1.8929
2.618,-1.9267
2.62,-1.9635
2.622,-1.9972
2.624,-2.0341
2.626,-2.0709
2.628,-2.1108
2.63,-2.1476
2.632,-2.1875
2.634,-2.2273
2.636,-2.2703
2.638,-2.3102
2.64,-2.3562
2.642,-2.3991
2.644,-2.4452
2.646,-2.4912
2.648,-2.5372
2.65,-2.5863
2.652,-2.6354
2.654,-2.6875
2.656,-2.7397
2.658,-2.7918
2.66,-2.8471
2.662,-2.9054
2.664,-2.9606
2.666,-3.0189
2.668,-3.0772
2.67,-3.1355
2.672,3.0864
2.674,3.0281
2.676,2.9698
2.678,2.9115
2.68,2.8563
2.682,2.798
2.684,2.7458
2.686,2.6937
2.688,2.6415
2.69,2.5894
2.692,2.5403
2.694,2.4881
2.696,2.4421
2.698,2.3961
2.7,2.3531
2.702,2.3071
2.704,2.2642
2.706,2.2212
2.708,2.1783
2.71,2.1353
2.712,2.0954
2.714,2.0586
2.716,2.0187
2.718,1.9819
2.72,1.9451
2.722,1.9052
2.724,1.8684
2.726,1.8346
2.728,1.7978
2.73,1.7641
2.732,1.7303
2.734,1.6966
2.736,1.6659
2.738,1.6322
2.74,1.5984
2.742,1.5677
2.744,1.537
2.746,1.5064
2.748,1.4788
2.75,1.4481
2.752,1.4174
2.754,1.3898
2.756,1.3622
2.758,1.3346
2.76,1.307
2.762,1.2793
2.764,1.2517
2.766,1.2272
2.768,1.2026
2.77,1.175
2.772,1.1505
2.774,1.1259
2.776,1.1014
2.778,1.0799
2.78,1.0554
2.782,1.0308
2.784,1.0094
2.786,0.98788
2.788,0.96641
2.79,0.94186
2.792,0.92039
2.794,0.90198
2.796,0.8805
2.798,0.85903
2.8,0.84062
2.802,0.81915
2.804,0.80074
2.806,0.78233
2.808,0.76392
2.81,0.74551
2.812,0.72711
2.814,0.7087
2.816,0.69029
2.818,0.67495
2.82,0.65654
2.822,0.6412
2.824,0.62586
2.826,0.61052
2.828,0.59518
2.83,0.57678
2.832,0.5645
2.834,0.54917
2.836,0.53383
2.838,0.52155
2.84,0.50621
2.842,0.49394
2.844,0.48167
2.846,0.46633
2.848,0.45406
2.85,0.44179
2.852,0.42951
2.854,0.41724
2.856,0.40804
2.858,0.39577
2.86,0.38656
2.862,0.37429
2.864,0.36509
2.866,0.35588
2.868,0.34361
2.87,0.33441
2.872,0.3252
2.874,0.31907
2.876,0.31293
2.878,0.3068
2.88,0.30066
2.882,0.29759
2.884,0.29146
2.886,0.28839
2.888,0.28532
2.89,0.28532
2.892,0.28225
2.894,0.28225
2.896,0.28225
2.898,0.28225
2.9,0.28225
2.902,0.28225
2.904,0.28225
2.906,0.28532
2.908,0.28532
2.91,0.28532
2.912,0.28839
2.914,0.28839
2.916,0.28839
2.918,0.28839
2.92,0.28839
2.922,0.28839
2.924,0.28839
2.926,0.28839
2.928,0.28839
2.93,0.28839
2.932,0.28532
2.934,0.28225
2.936,0.27918
2.938,0.27918
2.94,0.27305
2.942,0.26998
2.944,0.26691
2.946,0.26384
2.948,0.25771
2.95,0.25157
2.952,0.2485
2.954,0.24237
2.956,0.23623
2.958,0.2301
2.96,0.22396
2.962,0.21783
2.964,0.21169
2.966,0.20555
2.968,0.19942
2.97,0.19328
2.972,0.18715
2.974,0.18101
2.976,0.17487
2.978,0.17181
2.98,0.16567
2.982,0.15953
2.984,0.15647
2.986,0.15033
2.988,0.14419
2.99,0.14113
2.992,0.13499
2.994,0.13192
2.996,0.12885
2.998,0.12272
3,0.11965
3.002,0.11658
3.004,0.11351
3.006,0.11045
3.008,0.10738
3.01,0.10431
3.012,0.10124
3.014,0.098175
3.016,0.098175
3.018,0.095107
3.02,0.092039
3.022,0.092039
3.024,0.088971
3.026,0.085903
3.028,0.082835
3.03,0.082835
3.032,0.079767
3.034,0.079767
3.036,0.076699
3.038,0.073631
3.04,0.070563
3.042,0.070563
3.044,0.067495
3.046,0.064427
3.048,0.064427
3.05,0.061359
3.052,0.058291
3.054,0.058291
3.056,0.055223
3.058,0.052155
3.06,0.049087
3.062,0.049087
3.064,0.046019
3.066,0.042951
3.068,0.042951
3.07,0.039884
3.072,0.036816
3.074,0.033748
3.076,0.033748
3.078,0.03068
3.08,0.027612
3.082,0.027612
3.084,0.024544
3.086,0.021476
3.088,0.021476
3.09,0.018408
3.092,0.018408
3.094,0.01534
3.096,0.012272
3.098,0.012272
3.1,0.0092039
3.102,0.0092039
3.104,0.0061359
3.106,0.0061359
3.108,0.003068
3.11,0
3.112,0
3.114,0
3.116,-0.003068
3.118,-0.003068
3.12,-0.0061359
3.122,-0.0061359
3.124,-0.0092039
3.126,-0.0092039
3.128,-0.012272
3.13,-0.012272
3.132,-0.012272
3.134,-0.01534
3.136,-0.01534
3.138,-0.01534
3.14,-0.018408
3.142,-0.018408
3.144,-0.018408
3.146,-0.018408
3.148,-0.021476
3.15,-0.021476
3.152,-0.021476
3.154,-0.021476
3.156,-0.021476
3.158,-0.024544
3.16,-0.024544
3.162,-0.024544
3.164,-0.024544
3.166,-0.024544
3.168,-0.024544
3.17,-0.027612
3.172,-0.027612
3.174,-0.027612
3.176,-0.027612
3.178,-0.027612
3.18,-0.03068
3.182,-0.03068
3.184,-0.03068
3.186,-0.03068
3.188,-0.03068
3.19,-0.03068
3.192,-0.033748
3.194,-0.033748
3.196,-0.033748
3.198,-0.033748
3.2,-0.033748
3.202,-0.033748
3.204,-0.033748
3.206,-0.033748
3.208,-0.033748
3.21,-0.036816
3.212,-0.036816
3.214,-0.036816
3.216,-0.036816
3.218,-0.036816
3.22,-0.036816
3.222,-0.036816
3.224,-0.036816
3.226,-0.036816
3.228,-0.036816
3.23,-0.036816
3.232,-0.036816
3.234,-0.036816
3.236,-0.036816
3.238,-0.036816
3.24,-0.039884
3.242,-0.039884
3.244,-0.039884
3.246,-0.039884
3.248,-0.039884
3.25,-0.039884
3.252,-0.039884
3.254,-0.039884
3.256,-0.039884
3.258,-0.039884
3.26,-0.039884
3.262,-0.039884
3.264,-0.039884
3.266,-0.039884
3.268,-0.036816
3.27,-0.036816
3.272,-0.036816
3.274,-0.036816
3.276,-0.036816
3.278,-0.036816
3.28,-0.036816
3.282,-0.036816
3.284,-0.036816
3.286,-0.036816
3.288,-0.036816
3.29,-0.033748
3.292,-0.033748
3.294,-0.033748
3.296,-0.033748
3.298,-0.033748
3.3,-0.033748
3.302,-0.033748
3.304,-0.033748
3.306,-0.033748
3.308,-0.033748
3.31,-0.033748
3.312,-0.03068
3.314,-0.03068
3.316,-0.03068
3.318,-0.03068
3.32,-0.03068
3.322,-0.03068
3.324,-0.03068
3.326,-0.03068
3.328,-0.03068
3.33,-0.03068
3.332,-0.03068
3.334,-0.03068
3.336,-0.03068
3.338,-0.03068
3.34,-0.03068
3.342,-0.03068
3.344,-0.03068
3.346,-0.03068
3.348,-0.03068
3.35,-0.03068
3.352,-0.03068
3.354,-0.03068
3.356,-0.03068
3.358,-0.03068
3.36,-0.03068
3.362,-0.03068
3.364,-0.03068
3.366,-0.03068
3.368,-0.03068
3.37,-0.03068
3.372,-0.03068
3.374,-0.027612
3.376,-0.027612
3.378,-0.027612
3.38,-0.027612
3.382,-0.027612
3.384,-0.027612
3.386,-0.027612
3.388,-0.024544
3.39,-0.024544
3.392,-0.024544
3.394,-0.024544
3.396,-0.024544
3.398,-0.024544
3.4,-0.024544
3.402,-0.024544
3.404,-0.024544
3.406,-0.024544
3.408,-0.024544
3.41,-0.021476
3.412,-0.021476
3.414,-0.021476
3.416,-0.021476
3.418,-0.021476
3.42,-0.021476
3.422,-0.021476
3.424,-0.021476
3.426,-0.021476
3.428,-0.021476
3.43,-0.021476
3.432,-0.021476
3.434,-0.021476
3.436,-0.021476
3.438,-0.018408
3.44,-0.018408
3.442,-0.018408
3.444,-0.018408
3.446,-0.018408
3.448,-0.018408
3.45,-0.018408
3.452,-0.018408
3.454,-0.018408
3.456,-0.018408
3.458,-0.018408
3.46,-0.018408
3.462,-0.018408
3.464,-0.018408
3.466,-0.018408
3.468,-0.018408
3.47,-0.018408
3.472,-0.018408
3.474,-0.018408
3.476,-0.018408
3.478,-0.018408
3.48,-0.01534
3.482,-0.01534
3.484,-0.01534
3.486,-0.01534
3.488,-0.01534
3.49,-0.01534
3.492,-0.01534
3.494,-0.01534
3.496,-0.01534
3.498,-0.01534
3.5,-0.01534
3.502,-0.01534
3.504,-0.012272
3.506,-0.012272
3.508,-0.012272
3.51,-0.012272
3.512,-0.012272
3.514,-0.012272
3.516,-0.012272
3.518,-0.012272
3.52,-0.012272
3.522,-0.012272
3.524,-0.012272
3.526,-0.012272
3.528,-0.012272
3.53,-0.012272
3.532,-0.012272
3.534,-0.012272
3.536,-0.012272
3.538,-0.012272
3.54,-0.012272
3.542,-0.012272
3.544,-0.012272
3.546,-0.012272
3.548,-0.012272
3.55,-0.012272
3.552,-0.012272
3.554,-0.01534
3.556,-0.01534
3.558,-0.01534
3.56,-0.01534
3.562,-0.01534
3.564,-0.01534
3.566,-0.01534
3.568,-0.01534
3.57,-0.01534
3.572,-0.01534
3.574,-0.01534
3.576,-0.01534
3.578,-0.01534
3.58,-0.01534
3.582,-0.012272
3.584,-0.012272
3.586,-0.012272
3.588,-0.012272
3.59,-0.012272
3.592,-0.012272
3.594,-0.012272
3.596,-0.012272
3.598,-0.0092039
3.6,-0.0092039
3.602,-0.0092039
3.604,-0.0092039
3.606,-0.0092039
3.608,-0.0092039
3.61,-0.0092039
3.612,-0.0092039
3.614,-0.0092039
3.616,-0.0092039
3.618,-0.0092039
3.62,-0.0061359
3.622,-0.0061359
3.624,-0.0061359
3.626,-0.0061359
3.628,-0.0061359
3.63,-0.0061359
3.632,-0.0061359
3.634,-0.0061359
3.636,-0.0061359
3.638,-0.0061359
3.64,-0.0061359
3.642,-0.0061359
3.644,-0.0061359
3.646,-0.0061359
3.648,-0.0061359
3.65,-0.0092039
3.652,-0.0092039
3.654,-0.0092039
3.656,-0.0092039
3.658,-0.0092039
3.66,-0.0092039
3.662,-0.0092039
3.664,-0.0092039
3.666,-0.012272
3.668,-0.012272
3.67,-0.012272
3.672,-0.012272
3.674,-0.012272
3.676,-0.012272
3.678,-0.012272
3.68,-0.012272
3.682,-0.012272
3.684,-0.012272
3.686,-0.012272
3.688,-0.012272
3.69,-0.012272
3.692,-0.012272
3.694,-0.012272
3.696,-0.0092039
3.698,-0.0092039
3.7,-0.0092039
3.702,-0.0092039
3.704,-0.0092039
3.706,-0.0092039
3.708,-0.0092039
3.71,-0.0061359
3.712,-0.0061359
3.714,-0.0061359
3.716,-0.0061359
3.718,-0.0061359
3.72,-0.0061359
3.722,-0.0061359
3.724,-0.0061359
3.726,-0.0061359
3.728,-0.0061359
3.73,-0.0061359
3.732,-0.0061359
3.734,-0.0061359
3.736,-0.0061359
3.738,-0.0061359
3.74,-0.0061359
3.742,-0.0061359
3.744,-0.0061359
3.746,-0.0061359
3.748,-0.0061359
3.75,-0.0061359
3.752,-0.0061359
3.754,-0.0061359
3.756,-0.0061359
3.758,-0.0061359
3.76,-0.0061359
3.762,-0.0061359
3.764,-0.0061359
3.766,-0.0061359
3.768,-0.0061359
3.77,-0.0061359
3.772,-0.0061359
3.774,-0.0092039
3.776,-0.0092039
3.778,-0.0092039
3.78,-0.0092039
3.782,-0.0092039
3.784,-0.0092039
3.786,-0.0092039
3.788,-0.0092039
3.79,-0.0092039
3.792,-0.0092039
3.794,-0.0092039
3.796,-0.0092039
3.798,-0.0092039
3.8,-0.0092039
3.802,-0.0092039
3.804,-0.0092039
3.806,-0.0092039
3.808,-0.0092039
3.81,-0.0092039
3.812,-0.0092039
3.814,-0.0092039
3.816,-0.0092039
3.818,-0.0092039
3.82,-0.0092039
3.822,-0.0092039
3.824,-0.0092039
3.826,-0.0092039
3.828,-0.0092039
3.83,-0.0092039
3.832,-0.0061359
3.834,-0.0061359
3.836,-0.0061359
3.838,-0.0061359
3.84,-0.0061359
3.842,-0.0061359
3.844,-0.0061359
3.846,-0.0061359
3.848,-0.0061359
3.85,-0.0061359
3.852,-0.0061359
3.854,-0.003068
3.856,-0.003068
3.858,-0.003068
3.86,-0.003068
3.862,-0.003068
3.864,-0.003068
3.866,-0.003068
3.868,-0.003068
3.87,-0.003068
3.872,-0.003068
3.874,-0.003068
3.876,-0.003068
3.878,-0.003068
3.88,-0.003068
3.882,-0.0061359
3.884,-0.0061359
3.886,-0.0061359
3.888,-0.0061359
3.89,-0.0061359
3.892,-0.0061359
3.894,-0.0061359
3.896,-0.0092039
3.898,-0.0092039
3.9,-0.0092039
3.902,-0.0092039
3.904,-0.0092039
3.906,-0.0092039
3.908,-0.0092039
3.91,-0.012272
3.912,-0.012272
3.914,-0.012272
3.916,-0.012272
3.918,-0.012272
3.92,-0.012272
3.922,-0.012272
3.924,-0.012272
3.926,-0.012272
3.928,-0.012272
3.93,-0.012272
3.932,-0.012272
3.934,-0.0092039
3.936,-0.0092039
3.938,-0.0092039
3.94,-0.0092039
3.942,-0.0092039
3.944,-0.0092039
3.946,-0.0092039
3.948,-0.0061359
3.95,-0.0061359
3.952,-0.0061359
3.954,-0.0061359
3.956,-0.0061359
3.958,-0.0061359
3.96,-0.0061359
3.962,-0.0061359
3.964,-0.0061359
3.966,-0.0061359
3.968,-0.0061359
3.97,-0.0061359
3.972,-0.0061359
3.974,-0.0061359
3.976,-0.0061359
3.978,-0.0061359
3.98,-0.0061359
3.982,-0.0061359
3.984,-0.0061359
3.986,-0.0061359
3.988,-0.0061359
3.99,-0.0061359
3.992,-0.0061359
3.994,-0.0061359
3.996,-0.0061359
3.998,-0.0061359
4,-0.0061359
4.002,-0.0061359
4.004,-0.0061359
4.006,-0.0061359
4.008,-0.0061359
4.01,-0.0061359
4.012,-0.0061359
4.014,-0.0092039
4.016,-0.0092039
4.018,-0.0092039
4.02,-0.0092039
4.022,-0.0092039
4.024,-0.0092039
4.026,-0.0092039
4.028,-0.0092039
4.03,-0.012272
4.032,-0.012272
4.034,-0.012272
4.036,-0.012272
4.038,-0.012272
4.04,-0.012272
4.042,-0.012272
4.044,-0.012272
4.046,-0.012272
4.048,-0.012272
4.05,-0.012272
4.052,-0.012272
4.054,-0.012272
4.056,-0.012272
4.058,-0.0092039
4.06,-0.0092039
4.062,-0.0092039
4.064,-0.0092039
4.066,-0.0092039
4.068,-0.0092039
4.07,-0.0092039
4.072,-0.0061359
4.074,-0.0061359
4.076,-0.0061359
4.078,-0.0061359
4.08,-0.0061359
4.082,-0.0061359
4.084,-0.0061359
4.086,-0.0061359
4.088,-0.0061359
4.09,-0.0061359
4.092,-0.0061359
4.094,-0.003068
4.096,-0.003068
4.098,-0.003068
4.1,-0.003068
4.102,-0.003068
4.104,-0.003068
4.106,-0.003068
4.108,-0.003068
4.11,-0.003068
4.112,-0.003068
4.114,-0.003068
4.116,-0.003068
4.118,-0.0061359
4.12,-0.0061359
4.122,-0.0061359
4.124,-0.0061359
4.126,-0.0061359
4.128,-0.0061359
4.13,-0.0061359
4.132,-0.0092039
4.134,-0.0092039
4.136,-0.0092039
4.138,-0.0092039
4.14,-0.0092039
4.142,-0.0092039
4.144,-0.0092039
4.146,-0.012272
4.148,-0.012272
4.15,-0.012272
4.152,-0.012272
4.154,-0.012272
4.156,-0.012272
4.158,-0.012272
4.16,-0.012272
4.162,-0.012272
4.164,-0.012272
4.166,-0.012272
4.168,-0.012272
4.17,-0.012272
4.172,-0.0092039
4.174,-0.0092039
4.176,-0.0092039
4.178,-0.0092039
4.18,-0.0092039
4.182,-0.0092039
4.184,-0.0092039
4.186,-0.0061359
4.188,-0.0061359
4.19,-0.0061359
4.192,-0.0061359
4.194,-0.0061359
4.196,-0.0061359
4.198,-0.0061359
4.2,-0.0061359
4.202,-0.0061359
4.204,-0.0061359
4.206,-0.0061359
4.208,-0.0061359
4.21,-0.0061359
4.212,-0.0061359
4.214,-0.0061359
4.216,-0.0061359
4.218,-0.0061359
4.22,-0.0061359
4.222,-0.0061359
4.224,-0.003068
4.226,-0.003068
4.228,-0.003068
4.23,-0.003068
4.232,-0.003068
4.234,-0.003068
4.236,-0.003068
4.238,-0.003068
4.24,-0.003068
4.242,-0.003068
4.244,-0.0061359
4.246,-0.0061359
4.248,-0.0061359
4.25,-0.0061359
4.252,-0.0061359
4.254,-0.0061359
4.256,-0.0061359
4.258,-0.0061359
4.26,-0.0061359
4.262,-0.0061359
4.264,-0.0061359
4.266,-0.0092039
4.268,-0.0092039
4.27,-0.0092039
4.272,-0.0092039
4.274,-0.0092039
4.276,-0.0092039
4.278,-0.0092039
4.28,-0.0092039
4.282,-0.0092039
4.284,-0.0092039
4.286,-0.0092039
4.288,-0.0092039
4.29,-0.0092039
4.292,-0.0092039
4.294,-0.0092039
4.296,-0.0092039
4.298,-0.0092039
4.3,-0.0092039
4.302,-0.0092039
4.304,-0.0092039
4.306,-0.0092039
4.308,-0.0092039
4.31,-0.0092039
4.312,-0.0092039
4.314,-0.0061359
4.316,-0.0061359
4.318,-0.0061359
4.32,-0.0061359
4.322,-0.0061359
4.324,-0.0061359
4.326,-0.0061359
4.328,-0.0061359
4.33,-0.0061359
4.332,-0.003068
4.334,-0.003068
4.336,-0.003068
4.338,-0.003068
4.34,-0.003068
4.342,-0.003068
4.344,-0.003068
4.346,-0.003068
4.348,-0.003068
4.35,-0.003068
4.352,-0.003068
4.354,-0.003068
4.356,-0.003068
4.358,-0.003068
4.36,-0.003068
4.362,-0.003068
4.364,-0.003068
4.366,-0.0061359
4.368,-0.0061359
4.37,-0.0061359
4.372,-0.0061359
4.374,-0.0061359
4.376,-0.0061359
4.378,-0.0061359
4.38,-0.0061359
4.382,-0.0061359
4.384,-0.0061359
4.386,-0.0061359
4.388,-0.0061359
4.39,-0.0092039
4.392,-0.0092039
4.394,-0.0092039
4.396,-0.0092039
4.398,-0.0092039
4.4,-0.0092039
4.402,-0.0092039
4.404,-0.0092039
4.406,-0.0092039
4.408,-0.0092039
4.41,-0.0092039
4.412,-0.0092039
4.414,-0.0092039
4.416,-0.0092039
4.418,-0.0092039
4.42,-0.0092039
4.422,-0.0061359
4.424,-0.0061359
4.426,-0.0061359
4.428,-0.0061359
4.43,-0.0061359
4.432,-0.0061359
4.434,-0.0061359
4.436,-0.0061359
4.438,-0.0061359
4.44,-0.0061359
4.442,-0.003068
4.444,-0.003068
4.446,-0.003068
4.448,-0.003068
4.45,-0.003068
4.452,-0.003068
4.454,-0.003068
4.456,-0.003068
4.458,-0.003068
4.46,-0.003068
4.462,-0.003068
4.464,-0.003068
4.466,-0.003068
4.468,-0.003068
4.47,-0.003068
4.472,-0.003068
4.474,-0.0061359
4.476,-0.0061359
4.478,-0.0061359
4.48,-0.0061359
4.482,-0.0061359
4.484,-0.0061359
4.486,-0.0061359
4.488,-0.0061359
4.49,-0.0061359
4.492,-0.0061359
4.494,-0.0092039
4.496,-0.0092039
4.498,-0.0092039
4.5,-0.0092039
4.502,-0.0092039
4.504,-0.0092039
4.506,-0.0092039
4.508,-0.0092039
4.51,-0.0092039
4.512,-0.0092039
4.514,-0.0092039
4.516,-0.0092039
4.518,-0.0092039
4.52,-0.0092039
4.522,-0.0092039
4.524,-0.0092039
4.526,-0.0092039
4.528,-0.0061359
4.53,-0.0061359
4.532,-0.0061359
4.534,-0.0061359
4.536,-0.0061359
4.538,-0.0061359
4.54,-0.0061359
4.542,-0.0061359
4.544,-0.0061359
4.546,-0.0061359
4.548,-0.0061359
4.55,-0.0061359
4.552,-0.0061359
4.554,-0.003068
4.556,-0.003068
4.558,-0.003068
4.56,-0.003068
4.562,-0.003068
4.564,-0.003068
4.566,-0.003068
4.568,-0.003068
4.57,-0.003068
4.572,-0.003068
4.574,-0.003068
4.576,-0.003068
4.578,-0.003068
4.58,-0.003068
4.582,-0.0061359
4.584,-0.0061359
4.586,-0.0061359
4.588,-0.0061359
4.59,-0.0061359
4.592,-0.0061359
4.594,-0.0061359
4.596,-0.0061359
4.598,-0.0061359
4.6,-0.0061359
4.602,-0.0061359
4.604,-0.0061359
4.606,-0.0061359
4.608,-0.0092039
4.61,-0.0092039
4.612,-0.0092039
4.614,-0.0092039
4.616,-0.0092039
4.618,-0.0092039
4.62,-0.0092039
4.622,-0.0092039
4.624,-0.0092039
4.626,-0.0092039
4.628,-0.0092039
4.63,-0.0092039
4.632,-0.0092039
4.634,-0.0092039
4.636,-0.0092039
4.638,-0.0092039
4.64,-0.0061359
4.642,-0.0061359
4.644,-0.0061359
4.646,-0.0061359
4.648,-0.0061359
4.65,-0.0061359
4.652,-0.0061359
4.654,-0.0061359
4.656,-0.0061359
4.658,-0.0061359
4.66,-0.0061359
4.662,-0.0061359
4.664,-0.003068
4.666,-0.003068
4.668,-0.003068
4.67,-0.003068
4.672,-0.003068
4.674,-0.003068
4.676,-0.003068
4.678,-0.003068
4.68,-0.003068
4.682,-0.003068
4.684,-0.003068
4.686,-0.003068
4.688,-0.0061359
4.69,-0.0061359
4.692,-0.0061359
4.694,-0.0061359
4.696,-0.0061359
4.698,-0.0061359
4.7,-0.0061359
4.702,-0.0061359
4.704,-0.0061359
4.706,-0.0061359
4.708,-0.0061359
4.71,-0.0061359
4.712,-0.0061359
4.714,-0.0061359
4.716,-0.0061359
4.718,-0.0061359
4.72,-0.0061359
4.722,-0.0061359
4.724,-0.0061359
4.726,-0.0092039
4.728,-0.0092039
4.73,-0.0092039
4.732,-0.0092039
4.734,-0.0092039
4.736,-0.0092039
4.738,-0.0092039
4.74,-0.0092039
4.742,-0.0092039
4.744,-0.0092039
4.746,-0.0092039
4.748,-0.0092039
4.75,-0.0092039
4.752,-0.0092039
4.754,-0.0092039
4.756,-0.0061359
4.758,-0.0061359
4.76,-0.0061359
4.762,-0.0061359
4.764,-0.0061359
4.766,-0.0061359
4.768,-0.0061359
4.77,-0.0061359
4.772,-0.0061359
4.774,-0.0061359
4.776,-0.0061359
4.778,-0.0061359
4.78,-0.0061359
4.782,-0.0061359
4.784,-0.0061359
4.786,-0.0061359
4.788,-0.0061359
4.79,-0.0061359
4.792,-0.0061359
4.794,-0.0061359
4.796,-0.0061359
4.798,-0.0061359
4.8,-0.0061359
4.802,-0.003068
4.804,-0.003068
4.806,-0.003068
4.808,-0.003068
4.81,-0.003068
4.812,-0.003068
4.814,-0.003068
4.816,-0.003068
4.818,-0.003068
4.82,-0.003068
4.822,-0.003068
4.824,-0.003068
4.826,-0.003068
4.828,-0.0061359
4.83,-0.0061359
4.832,-0.0061359
4.834,-0.0061359
4.836,-0.0061359
4.838,-0.0061359
4.84,-0.0061359
4.842,-0.0061359
4.844,-0.0061359
4.846,-0.0061359
4.848,-0.0061359
4.85,-0.0061359
4.852,-0.0061359
4.854,-0.0061359
4.856,-0.0061359
4.858,-0.0061359
4.86,-0.0061359
4.862,-0.0061359
4.864,-0.0061359
4.866,-0.0061359
4.868,-0.0061359
4.87,-0.0061359
4.872,-0.0061359
4.874,-0.0061359
4.876,-0.0061359
4.878,-0.0061359
4.88,-0.0061359
4.882,-0.0061359
4.884,-0.0061359
4.886,-0.0061359
4.888,-0.0061359
4.89,-0.0061359
4.892,-0.0061359
4.894,-0.0061359
4.896,-0.0061359
4.898,-0.0061359
4.9,-0.0061359
4.902,-0.003068
4.904,-0.003068
4.906,-0.003068
4.908,-0.003068
4.91,-0.003068
4.912,-0.003068
4.914,-0.003068
4.916,-0.003068
4.918,-0.003068
4.92,-0.003068
4.922,-0.003068
4.924,-0.003068
4.926,-0.003068
4.928,-0.003068
4.93,-0.003068
4.932,-0.003068
4.934,-0.003068
4.936,-0.003068
4.938,-0.0061359
4.94,-0.0061359
4.942,-0.0061359
4.944,-0.0061359
4.946,-0.0061359
4.948,-0.0061359
4.95,-0.0061359
4.952,-0.0061359
4.954,-0.0061359
4.956,-0.0061359
4.958,-0.0061359
4.96,-0.0061359
4.962,-0.0061359
4.964,-0.0061359
4.966,-0.0061359
4.968,-0.0061359
4.97,-0.0061359
4.972,-0.0061359
4.974,-0.0061359
4.976,-0.0061359
4.978,-0.0061359
4.98,-0.0061359
4.982,-0.0061359
4.984,-0.0061359
4.986,-0.0061359
4.988,-0.0061359
4.99,-0.0061359
4.992,-0.0061359
4.994,-0.0061359
4.996,-0.0061359
4.998,-0.0061359
5,-0.0061359
5.002,-0.0061359
5.004,-0.0061359
5.006,-0.0061359
5.008,-0.0061359
5.01,-0.0061359
5.012,-0.0061359
5.014,-0.0061359
5.016,-0.0061359
5.018,-0.0061359
5.02,-0.0061359
5.022,-0.0061359
5.024,-0.0061359
5.026,-0.0061359
5.028,-0.0061359
5.03,-0.0061359
5.032,-0.0061359
5.034,-0.003068
5.036,-0.003068
5.038,-0.003068
5.04,-0.003068
5.042,-0.003068
5.044,-0.003068
5.046,-0.003068
5.048,-0.003068
5.05,-0.003068
5.052,-0.003068
5.054,-0.003068
5.056,-0.003068
5.058,-0.003068
5.06,-0.003068
5.062,-0.003068
5.064,-0.003068
5.066,-0.0061359
5.068,-0.0061359
5.07,-0.0061359
5.072,-0.0061359
5.074,-0.0061359
5.076,-0.0061359
5.078,-0.0061359
5.08,-0.0061359
5.082,-0.0061359
5.084,-0.0061359
5.086,-0.0061359
5.088,-0.0061359
5.09,-0.0061359
5.092,-0.0061359
5.094,-0.0061359
5.096,-0.0061359
5.098,-0.0061359
5.1,-0.0061359
5.102,-0.0061359
5.104,-0.0061359
5.106,-0.0061359
5.108,-0.0061359
5.11,-0.0061359
5.112,-0.0061359
5.114,-0.0061359
5.116,-0.0061359
5.118,-0.0061359
5.12,-0.0061359
5.122,-0.0061359
5.124,-0.0061359
5.126,-0.0061359
5.128,-0.0061359
5.13,-0.0061359
5.132,-0.0061359
5.134,-0.0061359
5.136,-0.0061359
5.138,-0.0061359
5.14,-0.0061359
5.142,-0.0061359
5.144,-0.0061359
5.146,-0.0061359
5.148,-0.0061359
5.15,-0.0061359
5.152,-0.0061359
5.154,-0.0061359
5.156,-0.0061359
5.158,-0.0061359
5.16,-0.0061359
5.162,-0.0061359
5.164,-0.0061359
5.166,-0.0061359
5.168,-0.0061359
5.17,-0.0061359
5.172,-0.0061359
5.174,-0.0061359
5.176,-0.0061359
5.178,-0.0061359
5.18,-0.0061359
5.182,-0.0061359
5.184,-0.0061359
5.186,-0.0061359
5.188,-0.0061359
5.19,-0.0061359
5.192,-0.0061359
5.194,-0.0061359
5.196,-0.0061359
5.198,-0.0061359
5.2,-0.0061359
5.202,-0.0061359
5.204,-0.003068
5.206,-0.003068
5.208,-0.003068
5.21,-0.003068
5.212,-0.003068
5.214,-0.003068
5.216,-0.003068
5.218,-0.003068
5.22,-0.003068
5.222,-0.003068
5.224,-0.003068
5.226,-0.003068
5.228,-0.003068
5.23,-0.003068
5.232,-0.003068
5.234,-0.003068
5.236,-0.003068
5.238,-0.003068
5.24,-0.003068
5.242,-0.003068
5.244,-0.003068
5.246,-0.003068
5.248,-0.003068
5.25,-0.003068
5.252,-0.003068
5.254,-0.0061359
5.256,-0.0061359
5.258,-0.0061359
5.26,-0.0061359
5.262,-0.0061359
5.264,-0.0061359
5.266,-0.0061359
5.268,-0.0061359
5.27,-0.0061359
5.272,-0.0061359
5.274,-0.0061359
5.276,-0.0061359
5.278,-0.0061359
5.28,-0.0061359
5.282,-0.0061359
5.284,-0.0061359
5.286,-0.0061359
5.288,-0.0061359
5.29,-0.0061359
5.292,-0.0061359
5.294,-0.0061359
5.296,-0.0061359
5.298,-0.0061359
5.3,-0.0061359
5.302,-0.0061359
5.304,-0.0061359
5.306,-0.0061359
5.308,-0.003068
5.31,-0.003068
5.312,-0.003068
5.314,-0.003068
5.316,-0.003068
5.318,-0.003068
5.32,-0.003068
5.322,-0.003068
5.324,-0.003068
5.326,-0.003068
5.328,-0.003068
5.33,-0.003068
5.332,-0.003068
5.334,-0.003068
5.336,-0.003068
5.338,-0.0061359
5.34,-0.0061359
5.342,-0.0061359
5.344,-0.0061359
5.346,-0.0061359
5.348,-0.0061359
5.35,-0.0061359
5.352,-0.0061359
5.354,-0.0061359
5.356,-0.0061359
5.358,-0.0061359
5.36,-0.0061359
5.362,-0.0061359
5.364,-0.0061359
5.366,-0.0061359
5.368,-0.0061359
5.37,-0.0061359
5.372,-0.0061359
5.374,-0.0061359
5.376,-0.0061359
5.378,-0.0061359
5.38,-0.0061359
5.382,-0.0061359
5.384,-0.0061359
5.386,-0.0061359
5.388,-0.0061359
5.39,-0.0061359
5.392,-0.0061359
5.394,-0.0061359
5.396,-0.0061359
5.398,-0.0061359
5.4,-0.0061359
5.402,-0.0061359
5.404,-0.0061359
5.406,-0.0061359
5.408,-0.0061359
5.41,-0.0061359
5.412,-0.0061359
5.414,-0.0061359
5.416,-0.0061359
5.418,-0.0061359
5.42,-0.0061359
5.422,-0.0061359
5.424,-0.0061359
5.426,-0.0061359
5.428,-0.0061359
5.43,-0.0061359
5.432,-0.0061359
5.434,-0.0061359
5.436,-0.0061359
5.438,-0.0061359
5.44,-0.0061359
5.442,-0.0061359
5.444,-0.0061359
5.446,-0.0061359
5.448,-0.0061359
5.45,-0.003068
5.452,-0.003068
5.454,-0.003068
5.456,-0.003068
5.458,-0.003068
5.46,-0.003068
5.462,-0.003068
5.464,-0.003068
5.466,-0.003068
5.468,-0.003068
5.47,-0.003068
5.472,-0.003068
5.474,-0.003068
5.476,-0.003068
5.478,-0.003068
5.48,-0.003068
5.482,-0.003068
5.484,-0.003068
5.486,-0.003068
5.488,-0.003068
5.49,-0.003068
5.492,-0.003068
5.494,-0.0061359
5.496,-0.0061359
5.498,-0.0061359
5.5,-0.0061359
5.502,-0.0061359
5.504,-0.0061359
5.506,-0.0061359
5.508,-0.0061359
5.51,-0.0061359
5.512,-0.0061359
5.514,-0.0061359
5.516,-0.0061359
5.518,-0.0061359
5.52,-0.0061359
5.522,-0.0061359
5.524,-0.0061359
5.526,-0.0061359
5.528,-0.0061359
5.53,-0.0061359
5.532,-0.0061359
5.534,-0.0061359
5.536,-0.0061359
5.538,-0.0061359
5.54,-0.0061359
5.542,-0.0061359
5.544,-0.0061359
5.546,-0.0061359
5.548,-0.0061359
5.55,-0.0061359
5.552,-0.0061359
5.554,-0.0061359
5.556,-0.0061359
5.558,-0.0061359
5.56,-0.0061359
5.562,-0.0061359
5.564,-0.0061359
5.566,-0.0061359
5.568,-0.0061359
5.57,-0.0061359
5.572,-0.0061359
5.574,-0.0061359
5.576,-0.0061359
5.578,-0.0061359
5.58,-0.003068
5.582,-0.003068
5.584,-0.003068
5.586,-0.003068
5.588,-0.003068
5.59,-0.003068
5.592,-0.003068
5.594,-0.003068
5.596,-0.003068
5.598,-0.003068
5.6,-0.003068
5.602,-0.003068
5.604,-0.003068
5.606,-0.003068
5.608,-0.003068
5.61,-0.003068
5.612,-0.003068
5.614,-0.003068
5.616,-0.003068
5.618,-0.003068
5.62,-0.003068
5.622,-0.0061359
5.624,-0.0061359
5.626,-0.0061359
5.628,-0.0061359
5.63,-0.0061359
5.632,-0.0061359
5.634,-0.0061359
5.636,-0.0061359
5.638,-0.0061359
5.64,-0.0061359
5.642,-0.0061359
5.644,-0.0061359
5.646,-0.0061359
5.648,-0.0061359
5.65,-0.0061359
5.652,-0.0061359
5.654,-0.0061359
5.656,-0.0061359
5.658,-0.0061359
5.66,-0.0061359
5.662,-0.0061359
5.664,-0.0061359
5.666,-0.0061359
5.668,-0.0061359
5.67,-0.0061359
5.672,-0.0061359
5.674,-0.0061359
5.676,-0.0061359
5.678,-0.0061359
5.68,-0.0061359
5.682,-0.0061359
5.684,-0.0061359
5.686,-0.0061359
5.688,-0.0061359
5.69,-0.0061359
5.692,-0.0061359
5.694,-0.0061359
5.696,-0.0061359
5.698,-0.0061359
5.7,-0.0061359
5.702,-0.003068
5.704,-0.003068
5.706,-0.003068
5.708,-0.003068
5.71,-0.003068
5.712,-0.003068
5.714,-0.003068
5.716,-0.003068
5.718,-0.003068
5.72,-0.003068
5.722,-0.003068
5.724,-0.003068
5.726,-0.003068
5.728,-0.003068
5.73,-0.003068
5.732,-0.003068
5.734,-0.003068
5.736,-0.003068
5.738,-0.003068
5.74,-0.003068
5.742,-0.003068
5.744,-0.0061359
5.746,-0.0061359
5.748,-0.0061359
5.75,-0.0061359
5.752,-0.0061359
5.754,-0.0061359
5.756,-0.0061359
5.758,-0.0061359
5.76,-0.0061359
5.762,-0.0061359
5.764,-0.0061359
5.766,-0.0061359
5.768,-0.0061359
5.77,-0.0061359
5.772,-0.0061359
5.774,-0.0061359
5.776,-0.0061359
5.778,-0.0061359
5.78,-0.0061359
5.782,-0.0061359
5.784,-0.0061359
5.786,-0.0061359
5.788,-0.0061359
5.79,-0.0061359
5.792,-0.0061359
5.794,-0.0061359
5.796,-0.0061359
5.798,-0.0061359
5.8,-0.0061359
5.802,-0.0061359
5.804,-0.0061359
5.806,-0.0061359
5.808,-0.0061359
5.81,-0.0061359
5.812,-0.0061359
5.814,-0.0061359
5.816,-0.0061359
5.818,-0.0061359
5.82,-0.0061359
5.822,-0.0061359
5.824,-0.0061359
5.826,-0.0061359
5.828,-0.0061359
5.83,-0.0061359
5.832,-0.0061359
5.834,-0.0061359
5.836,-0.003068
5.838,-0.003068
5.84,-0.003068
5.842,-0.003068
5.844,-0.003068
5.846,-0.003068
5.848,-0.003068
5.85,-0.003068
5.852,-0.003068
5.854,-0.003068
5.856,-0.003068
5.858,-0.003068
5.86,-0.003068
5.862,-0.003068
5.864,-0.003068
5.866,-0.003068
5.868,-0.003068
5.87,-0.003068
5.872,-0.003068
5.874,-0.0061359
5.876,-0.0061359
5.878,-0.0061359
5.88,-0.0061359
5.882,-0.0061359
5.884,-0.0061359
5.886,-0.0061359
5.888,-0.0061359
5.89,-0.0061359
5.892,-0.0061359
5.894,-0.0061359
5.896,-0.0061359
5.898,-0.0061359
5.9,-0.0061359
5.902,-0.0061359
5.904,-0.0061359
5.906,-0.0061359
5.908,-0.0061359
5.91,-0.0061359
5.912,-0.0061359
5.914,-0.0061359
5.916,-0.0061359
5.918,-0.0061359
5.92,-0.0061359
5.922,-0.0061359
5.924,-0.0061359
5.926,-0.0061359
5.928,-0.0061359
5.93,-0.0061359
5.932,-0.0061359
5.934,-0.0061359
5.936,-0.0061359
5.938,-0.0061359
5.94,-0.0061359
5.942,-0.0061359
5.944,-0.0061359
5.946,-0.0061359
5.948,-0.0061359
5.95,-0.0061359
5.952,-0.0061359
5.954,-0.0061359
5.956,-0.0061359
5.958,-0.0061359
5.96,-0.0061359
5.962,-0.0061359
5.964,-0.0061359
5.966,-0.0061359
5.968,-0.0061359
5.97,-0.0061359
5.972,-0.0061359
5.974,-0.0061359
5.976,-0.0061359
5.978,-0.0061359
5.98,-0.0061359
5.982,-0.0061359
5.984,-0.003068
5.986,-0.003068
5.988,-0.003068
5.99,-0.003068
5.992,-0.003068
5.994,-0.003068
5.996,-0.003068
5.998,-0.003068
6,-0.003068
6.002,-0.003068
6.004,-0.003068
6.006,-0.003068
6.008,-0.003068
6.01,-0.003068
6.012,-0.003068
6.014,-0.003068
6.016,-0.0061359
6.018,-0.0061359
6.02,-0.0061359
6.022,-0.0061359
6.024,-0.0061359
6.026,-0.0061359
6.028,-0.0061359
6.03,-0.0061359
6.032,-0.0061359
6.034,-0.0061359
6.036,-0.0061359
6.038,-0.0061359
6.04,-0.0061359
6.042,-0.0061359
6.044,-0.0061359
6.046,-0.0061359
6.048,-0.0061359
6.05,-0.0061359
6.052,-0.0061359
6.054,-0.0061359
6.056,-0.0061359
6.058,-0.0061359
6.06,-0.0061359
6.062,-0.0061359
6.064,-0.0061359
6.066,-0.0061359
6.068,-0.0061359
6.07,-0.0061359
6.072,-0.0061359
6.074,-0.0061359
6.076,-0.0061359
6.078,-0.0061359
6.08,-0.0061359
6.082,-0.0061359
6.084,-0.003068
6.086,-0.003068
6.088,-0.003068
6.09,-0.003068
6.092,-0.003068
6.094,-0.003068
6.096,-0.003068
6.098,-0.003068
6.1,-0.003068
6.102,-0.003068
6.104,-0.003068
6.106,-0.003068
6.108,-0.003068
6.11,-0.003068
6.112,-0.003068
6.114,-0.0061359
6.116,-0.0061359
6.118,-0.0061359
6.12,-0.0061359
6.122,-0.0061359
6.124,-0.0061359
6.126,-0.0061359
6.128,-0.0061359
6.13,-0.0061359
6.132,-0.0061359
6.134,-0.0061359
6.136,-0.0061359
6.138,-0.0061359
6.14,-0.0061359
6.142,-0.0061359
6.144,-0.0061359
6.146,-0.0061359
6.148,-0.0061359
6.15,-0.0061359
6.152,-0.0061359
6.154,-0.0061359
6.156,-0.0061359
6.158,-0.0061359
6.16,-0.0061359
6.162,-0.0061359
6.164,-0.0061359
6.166,-0.0061359
6.168,-0.0061359
6.17,-0.0061359
6.172,-0.0061359
6.174,-0.0061359
6.176,-0.0061359
6.178,-0.0061359
6.18,-0.0061359
6.182,-0.0061359
6.184,-0.0061359
6.186,-0.0061359
6.188,-0.0061359
6.19,-0.0061359
6.192,-0.0061359
6.194,-0.0061359
6.196,-0.0061359
6.198,-0.0061359
6.2,-0.0061359
6.202,-0.0061359
6.204,-0.0061359
6.206,-0.0061359
6.208,-0.0061359
6.21,-0.0061359
6.212,-0.0061359
6.214,-0.0061359
6.216,-0.0061359
6.218,-0.0061359
6.22,-0.0061359
6.222,-0.0061359
6.224,-0.003068
6.226,-0.003068
6.228,-0.003068
6.23,-0.003068
6.232,-0.003068
6.234,-0.003068
6.236,-0.003068
6.238,-0.003068
6.24,-0.003068
6.242,-0.003068
6.244,-0.003068
6.246,-0.003068
6.248,-0.003068
6.25,-0.003068
6.252,-0.003068
6.254,-0.003068
6.256,-0.003068
6.258,-0.003068
6.26,-0.003068
6.262,-0.003068
6.264,-0.003068
6.266,-0.0061359
6.268,-0.0061359
6.27,-0.0061359
6.272,-0.0061359
6.274,-0.0061359
6.276,-0.0061359
6.278,-0.0061359
6.28,-0.0061359
6.282,-0.0061359
6.284,-0.0061359
6.286,-0.0061359
6.288,-0.0061359
6.29,-0.0061359
6.292,-0.0061359
6.294,-0.0061359
6.296,-0.0061359
6.298,-0.0061359
6.3,-0.0061359
6.302,-0.0061359
6.304,-0.0061359
6.306,-0.0061359
6.308,-0.0061359
6.31,-0.0061359
6.312,-0.0061359
6.314,-0.0061359
6.316,-0.0061359
6.318,-0.0061359
6.32,-0.0061359
6.322,-0.0061359
6.324,-0.0061359
6.326,-0.0061359
6.328,-0.0061359
6.33,-0.0061359
6.332,-0.0061359
6.334,-0.0061359
6.336,-0.0061359
6.338,-0.0061359
6.34,-0.0061359
6.342,-0.0061359
6.344,-0.0061359
6.346,-0.0061359
6.348,-0.0061359
6.35,-0.0061359
6.352,-0.0061359
6.354,-0.0061359
6.356,-0.0061359
6.358,-0.0061359
6.36,-0.0061359
6.362,-0.0061359
6.364,-0.0061359
6.366,-0.0061359
6.368,-0.0061359
6.37,-0.0061359
6.372,-0.0061359
6.374,-0.0061359
6.376,-0.0061359
6.378,-0.0061359
6.38,-0.0092039
6.382,-0.0092039
6.384,-0.0092039
6.386,-0.0092039
6.388,-0.0092039
6.39,-0.0092039
6.392,-0.0092039
6.394,-0.0092039
6.396,-0.0092039
6.398,-0.0092039
6.4,-0.0061359
6.402,-0.0061359
6.404,-0.0061359
6.406,-0.0061359
6.408,-0.0061359
6.41,-0.0061359
6.412,-0.0061359
6.414,-0.0061359
6.416,-0.003068
6.418,-0.003068
6.42,-0.003068
6.422,-0.003068
6.424,-0.003068
6.426,-0.003068
6.428,-0.003068
6.43,-0.003068
6.432,-0.003068
6.434,0
6.436,0
6.438,0
6.44,0
6.442,0
6.444,0
6.446,0
6.448,0
6.45,0
6.452,-0.003068
6.454,-0.003068
6.456,-0.003068
6.458,-0.003068
6.46,-0.003068
6.462,-0.003068
6.464,-0.003068
6.466,-0.003068
6.468,-0.0061359
6.47,-0.0061359
6.472,-0.0061359
6.474,-0.0061359
6.476,-0.0061359
6.478,-0.0061359
6.48,-0.0061359
6.482,-0.0061359
6.484,-0.0061359
6.486,-0.0061359
6.488,-0.0061359
6.49,-0.0061359
6.492,-0.0061359
6.494,-0.0061359
6.496,-0.0061359
6.498,-0.0061359
6.5,-0.0061359
6.502,-0.0061359
6.504,-0.0061359
6.506,-0.0061359
6.508,-0.0061359
6.51,-0.0061359
6.512,-0.0061359
6.514,-0.0061359
6.516,-0.0061359
6.518,-0.0061359
6.52,-0.0061359
6.522,-0.0061359
6.524,-0.0061359
6.526,-0.0061359
6.528,-0.003068
6.53,-0.003068
6.532,-0.003068
6.534,-0.003068
6.536,-0.003068
6.538,-0.003068
6.54,-0.003068
6.542,-0.003068
6.544,-0.003068
6.546,-0.003068
6.548,-0.003068
6.55,-0.003068
6.552,-0.003068
6.554,-0.003068
6.556,-0.003068
6.558,-0.003068
6.56,-0.003068
6.562,-0.003068
6.564,-0.003068
6.566,-0.0061359
6.568,-0.0061359
6.57,-0.0061359
6.572,-0.0061359
6.574,-0.0061359
6.576,-0.0061359
6.578,-0.0061359
6.58,-0.0061359
6.582,-0.0061359
6.584,-0.0061359
6.586,-0.0061359
6.588,-0.0061359
6.59,-0.0061359
6.592,-0.0061359
6.594,-0.0061359
6.596,-0.0061359
6.598,-0.0061359
6.6,-0.0061359
6.602,-0.0061359
6.604,-0.0061359
6.606,-0.0061359
6.608,-0.0061359
6.61,-0.0061359
6.612,-0.0061359
6.614,-0.0061359
6.616,-0.0061359
6.618,-0.0061359
6.62,-0.0061359
6.622,-0.0061359
6.624,-0.0061359
6.626,-0.0061359
6.628,-0.0061359
6.63,-0.0061359
6.632,-0.0061359
6.634,-0.0061359
6.636,-0.003068
6.638,-0.003068
6.64,-0.003068
6.642,-0.003068
6.644,-0.003068
6.646,-0.003068
6.648,-0.003068
6.65,-0.003068
6.652,-0.003068
6.654,-0.003068
6.656,-0.003068
6.658,-0.003068
6.66,-0.003068
6.662,-0.003068
6.664,-0.003068
6.666,-0.003068
6.668,-0.003068
6.67,-0.003068
6.672,-0.003068
6.674,-0.003068
6.676,-0.003068
6.678,-0.003068
6.68,-0.003068
6.682,-0.003068
6.684,-0.003068
6.686,-0.003068
6.688,-0.003068
6.69,-0.003068
6.692,-0.0061359
6.694,-0.0061359
6.696,-0.0061359
6.698,-0.0061359
6.7,-0.0061359
6.702,-0.0061359
6.704,-0.0061359
6.706,-0.0061359
6.708,-0.0061359
6.71,-0.0061359
6.712,-0.0061359
6.714,-0.0061359
6.716,-0.0061359
6.718,-0.0061359
6.72,-0.0061359
6.722,-0.0061359
6.724,-0.0061359
6.726,-0.0061359
6.728,-0.0061359
6.73,-0.003068
6.732,-0.003068
6.734,-0.003068
6.736,-0.003068
6.738,-0.003068
6.74,-0.003068
6.742,-0.003068
6.744,-0.003068
6.746,-0.003068
6.748,-0.003068
6.75,-0.003068
6.752,-0.003068
6.754,-0.003068
6.756,-0.003068
6.758,-0.003068
6.76,-0.003068
6.762,-0.003068
6.764,-0.0061359
6.766,-0.0061359
6.768,-0.0061359
6.77,-0.0061359
6.772,-0.0061359
6.774,-0.0061359
6.776,-0.0061359
6.778,-0.0061359
6.78,-0.0061359
6.782,-0.0061359
6.784,-0.0061359
6.786,-0.0061359
6.788,-0.0061359
6.79,-0.0061359
6.792,-0.0061359
6.794,-0.0061359
6.796,-0.0061359
6.798,-0.0061359
6.8,-0.0061359
6.802,-0.0061359
6.804,-0.0061359
6.806,-0.0061359
6.808,-0.0061359
6.81,-0.0061359
6.812,-0.0061359
6.814,-0.0061359
6.816,-0.0061359
6.818,-0.0061359
6.82,-0.0061359
6.822,-0.0061359
6.824,-0.0061359
6.826,-0.0061359
6.828,-0.0061359
6.83,-0.0061359
6.832,-0.0061359
6.834,-0.0061359
6.836,-0.0061359
6.838,-0.0061359
6.84,-0.0061359
6.842,-0.0061359
6.844,-0.003068
6.846,-0.003068
6.848,-0.003068
6.85,-0.003068
6.852,-0.003068
6.854,-0.003068
6.856,-0.003068
6.858,-0.003068
6.86,-0.003068
6.862,-0.003068
6.864,-0.003068
6.866,-0.003068
6.868,-0.003068
6.87,-0.003068
6.872,-0.003068
6.874,-0.003068
6.876,-0.003068
6.878,-0.003068
6.88,-0.0061359
6.882,-0.0061359
6.884,-0.0061359
6.886,-0.0061359
6.888,-0.0061359
6.89,-0.0061359
6.892,-0.0061359
6.894,-0.0061359
6.896,-0.0061359
6.898,-0.0061359
6.9,-0.0061359
6.902,-0.0061359
6.904,-0.0061359
6.906,-0.0061359
6.908,-0.0061359
6.91,-0.0061359
6.912,-0.0061359
6.914,-0.0061359
6.916,-0.0061359
6.918,-0.0061359
6.92,-0.0061359
6.922,-0.0061359
6.924,-0.0061359
6.926,-0.0061359
6.928,-0.0061359
6.93,-0.0061359
6.932,-0.0061359
6.934,-0.0061359
6.936,-0.0061359
6.938,-0.0061359
6.94,-0.0061359
6.942,-0.0061359
6.944,-0.003068
6.946,-0.003068
6.948,-0.003068
6.95,-0.003068
6.952,-0.003068
6.954,-0.003068
6.956,-0.003068
6.958,-0.003068
6.96,-0.003068
6.962,-0.003068
6.964,-0.003068
6.966,-0.003068
6.968,-0.003068
6.97,-0.003068
6.972,-0.003068
6.974,-0.003068
6.976,-0.003068
6.978,-0.003068
6.98,-0.003068
6.982,-0.003068
6.984,-0.003068
6.986,-0.003068
6.988,-0.003068
6.99,-0.003068
6.992,-0.003068
6.994,-0.003068
6.996,-0.003068
6.998,-0.003068
7,-0.003068
7.002,-0.003068
7.004,-0.003068
7.006,-0.003068
7.008,-0.003068
7.01,-0.0061359
7.012,-0.0061359
7.014,-0.0061359
7.016,-0.0061359
7.018,-0.0061359
7.02,-0.0061359
7.022,-0.0061359
7.024,-0.0061359
7.026,-0.0061359
7.028,-0.0061359
7.03,-0.0061359
7.032,-0.0061359
7.034,-0.0061359
7.036,-0.0061359
7.038,-0.0061359
7.04,-0.0061359
7.042,-0.0061359
7.044,-0.003068
7.046,-0.003068
7.048,-0.003068
7.05,-0.003068
7.052,-0.003068
7.054,-0.003068
7.056,-0.003068
7.058,-0.003068
7.06,-0.003068
7.062,-0.003068
7.064,-0.003068
7.066,-0.003068
7.068,-0.003068
7.07,-0.003068
7.072,-0.003068
7.074,-0.003068
7.076,-0.003068
7.078,-0.003068
7.08,-0.003068
7.082,-0.003068
7.084,-0.003068
7.086,-0.003068
7.088,-0.003068
7.09,-0.003068
7.092,-0.003068
7.094,-0.003068
7.096,-0.003068
7.098,-0.003068
7.1,-0.003068
7.102,-0.003068
7.104,-0.003068
7.106,-0.003068
7.108,-0.003068
7.11,-0.003068
7.112,-0.003068
7.114,-0.0061359
7.116,-0.0061359
7.118,-0.0061359
7.12,-0.0061359
7.122,-0.0061359
7.124,-0.0061359
7.126,-0.0061359
7.128,-0.0061359
7.13,-0.0061359
7.132,-0.0061359
7.134,-0.0061359
7.136,-0.0061359
7.138,-0.0061359
7.14,-0.0061359
7.142,-0.0061359
7.144,-0.0061359
7.146,-0.0061359
7.148,-0.003068
7.15,-0.003068
7.152,-0.003068
7.154,-0.003068
7.156,-0.003068
7.158,-0.003068
7.16,-0.003068
7.162,-0.003068
7.164,-0.003068
7.166,-0.003068
7.168,-0.003068
7.17,-0.003068
7.172,-0.003068
7.174,-0.003068
7.176,-0.003068
7.178,-0.003068
7.18,-0.003068
7.182,-0.003068
7.184,-0.003068
7.186,-0.003068
7.188,-0.0061359
7.19,-0.0061359
7.192,-0.0061359
7.194,-0.0061359
7.196,-0.0061359
7.198,-0.0061359
7.2,-0.0061359
7.202,-0.0061359
7.204,-0.0061359
7.206,-0.0061359
7.208,-0.0061359
7.21,-0.0061359
7.212,-0.0061359
7.214,-0.0061359
7.216,-0.0061359
7.218,-0.0061359
7.22,-0.0061359
7.222,-0.0061359
7.224,-0.0061359
7.226,-0.0061359
7.228,-0.0061359
7.23,-0.0061359
7.232,-0.0061359
7.234,-0.0061359
7.236,-0.0061359
7.238,-0.0061359
7.24,-0.0061359
7.242,-0.0061359
7.244,-0.0061359
7.246,-0.0061359
7.248,-0.0061359
7.25,-0.0061359
7.252,-0.0061359
7.254,-0.0061359
7.256,-0.0061359
7.258,-0.0061359
7.26,-0.0061359
7.262,-0.0061359
7.264,-0.0061359
7.266,-0.0061359
7.268,-0.0061359
7.27,-0.0061359
7.272,-0.0061359
7.274,-0.0061359
7.276,-0.0061359
7.278,-0.0061359
7.28,-0.0061359
7.282,-0.0061359
7.284,-0.0061359
7.286,-0.0061359
7.288,-0.0061359
7.29,-0.0061359
7.292,-0.0061359
7.294,-0.0061359
7.296,-0.0061359
7.298,-0.0061359
7.3,-0.0061359
7.302,-0.0061359
7.304,-0.0061359
7.306,-0.0061359
7.308,-0.0061359
7.31,-0.0061359
7.312,-0.0061359
7.314,-0.0061359
7.316,-0.0061359
7.318,-0.0061359
7.32,-0.0061359
7.322,-0.0061359
7.324,-0.0061359
7.326,-0.0092039
7.328,-0.0092039
7.33,-0.0092039
7.332,-0.0092039
7.334,-0.0092039
7.336,-0.0092039
7.338,-0.0092039
7.34,-0.0092039
7.342,-0.0092039
7.344,-0.0092039
7.346,-0.0092039
7.348,-0.0061359
7.35,-0.0061359
7.352,-0.0061359
7.354,-0.0061359
7.356,-0.0061359
7.358,-0.0061359
7.36,-0.0061359
7.362,-0.003068
7.364,-0.003068
7.366,-0.003068
7.368,-0.003068
7.37,-0.003068
7.372,-0.003068
7.374,-0.003068
7.376,-0.003068
7.378,-0.003068
7.38,-0.003068
7.382,0
7.384,0
7.386,0
7.388,0
7.39,0
7.392,0
7.394,0
7.396,0
7.398,0
7.4,-0.003068
7.402,-0.003068
7.404,-0.003068
7.406,-0.003068
7.408,-0.003068
7.41,-0.003068
7.412,-0.003068
7.414,-0.003068
7.416,-0.003068
7.418,-0.0061359
7.42,-0.0061359
7.422,-0.0061359
7.424,-0.0061359
7.426,-0.0061359
7.428,-0.0061359
7.43,-0.0061359
7.432,-0.0061359
7.434,-0.0061359
7.436,-0.0061359
7.438,-0.0061359
7.44,-0.0061359
7.442,-0.0061359
7.444,-0.0061359
7.446,-0.0061359
7.448,-0.0061359
7.45,-0.0061359
7.452,-0.0061359
7.454,-0.0061359
7.456,-0.0061359
7.458,-0.0061359
7.46,-0.0061359
7.462,-0.0061359
7.464,-0.0061359
7.466,-0.0061359
7.468,-0.0061359
7.47,-0.0061359
7.472,-0.0061359
7.474,-0.0061359
7.476,-0.0061359
7.478,-0.0061359
7.48,-0.003068
7.482,-0.003068
7.484,-0.003068
7.486,-0.003068
7.488,-0.003068
7.49,-0.003068
7.492,-0.003068
7.494,-0.003068
7.496,-0.003068
7.498,-0.003068
7.5,-0.003068
7.502,-0.003068
7.504,-0.003068
7.506,-0.003068
7.508,-0.003068
7.51,-0.003068
7.512,-0.003068
7.514,-0.003068
7.516,-0.003068
7.518,-0.003068
7.52,-0.003068
7.522,-0.003068
7.524,-0.003068
7.526,-0.003068
7.528,-0.003068
7.53,-0.003068
7.532,-0.003068
7.534,-0.003068
7.536,-0.003068
7.538,-0.003068
7.54,-0.003068
7.542,-0.003068
7.544,-0.003068
7.546,-0.003068
7.548,-0.003068
7.55,-0.003068
7.552,-0.003068
7.554,-0.003068
7.556,-0.003068
7.558,-0.003068
7.56,-0.003068
7.562,-0.003068
7.564,-0.003068
7.566,-0.003068
7.568,-0.003068
7.57,-0.003068
7.572,-0.003068
7.574,-0.003068
7.576,-0.003068
7.578,-0.003068
7.58,-0.003068
7.582,-0.0061359
7.584,-0.0061359
7.586,-0.0061359
7.588,-0.0061359
7.59,-0.0061359
7.592,-0.0061359
7.594,-0.0061359
7.596,-0.0061359
7.598,-0.0061359
7.6,-0.0061359
7.602,-0.0061359
7.604,-0.0061359
7.606,-0.0061359
7.608,-0.0061359
7.61,-0.0061359
7.612,-0.0061359
7.614,-0.0061359
7.616,-0.0061359
7.618,-0.0061359
7.62,-0.003068
7.622,-0.003068
7.624,-0.003068
7.626,-0.003068
7.628,-0.003068
7.63,-0.003068
7.632,-0.003068
7.634,-0.003068
7.636,-0.003068
7.638,-0.003068
7.64,-0.003068
7.642,-0.003068
7.644,-0.003068
7.646,-0.003068
7.648,-0.003068
7.65,-0.003068
7.652,-0.003068
7.654,-0.003068
7.656,-0.003068
7.658,-0.003068
7.66,-0.003068
7.662,-0.003068
7.664,-0.003068
7.666,-0.003068
7.668,-0.003068
7.67,-0.0061359
7.672,-0.0061359
7.674,-0.0061359
7.676,-0.0061359
7.678,-0.0061359
7.68,-0.0061359
7.682,-0.0061359
7.684,-0.0061359
7.686,-0.0061359
7.688,-0.0061359
7.69,-0.0061359
7.692,-0.0061359
7.694,-0.0061359
7.696,-0.0061359
7.698,-0.0061359
7.7,-0.0061359
7.702,-0.0061359
7.704,-0.0061359
7.706,-0.0061359
7.708,-0.0061359
7.71,-0.0061359
7.712,-0.0061359
7.714,-0.0061359
7.716,-0.0061359
7.718,-0.0061359
7.72,-0.0061359
7.722,-0.003068
7.724,-0.003068
7.726,-0.003068
7.728,-0.003068
7.73,-0.003068
7.732,-0.003068
7.734,-0.003068
7.736,-0.003068
7.738,-0.003068
7.74,-0.003068
7.742,-0.003068
7.744,-0.003068
7.746,-0.003068
7.748,-0.003068
7.75,-0.003068
7.752,-0.003068
7.754,-0.003068
7.756,-0.003068
7.758,-0.003068
7.76,-0.0061359
7.762,-0.0061359
7.764,-0.0061359
7.766,-0.0061359
7.768,-0.0061359
7.77,-0.0061359
7.772,-0.0061359
7.774,-0.0061359
7.776,-0.0061359
7.778,-0.0061359
7.78,-0.0061359
7.782,-0.0061359
7.784,-0.0061359
7.786,-0.0061359
7.788,-0.0061359
7.79,-0.0061359
7.792,-0.0061359
7.794,-0.0061359
7.796,-0.0061359
7.798,-0.0061359
7.8,-0.0061359
7.802,-0.0061359
7.804,-0.0061359
7.806,-0.0061359
7.808,-0.0061359
7.81,-0.0061359
7.812,-0.0061359
7.814,-0.0061359
7.816,-0.0061359
7.818,-0.0061359
7.82,-0.0061359
7.822,-0.0061359
7.824,-0.003068
7.826,-0.003068
7.828,-0.003068
7.83,-0.003068
7.832,-0.003068
7.834,-0.003068
7.836,-0.003068
7.838,-0.003068
7.84,-0.003068
7.842,-0.003068
7.844,-0.003068
7.846,-0.003068
7.848,-0.003068
7.85,-0.003068
7.852,-0.003068
7.854,-0.003068
7.856,-0.003068
7.858,-0.003068
7.86,-0.003068
7.862,-0.0061359
7.864,-0.0061359
7.866,-0.0061359
7.868,-0.0061359
7.87,-0.0061359
7.872,-0.0061359
7.874,-0.0061359
7.876,-0.0061359
7.878,-0.0061359
7.88,-0.0061359
7.882,-0.0061359
7.884,-0.0061359
7.886,-0.0061359
7.888,-0.0061359
7.89,-0.0061359
7.892,-0.0061359
7.894,-0.0061359
7.896,-0.0061359
7.898,-0.0061359
7.9,-0.0061359
7.902,-0.0061359
7.904,-0.0061359
7.906,-0.0061359
7.908,-0.0061359
7.91,-0.0061359
7.912,-0.0061359
7.914,-0.0061359
7.916,-0.0061359
7.918,-0.0061359
7.92,-0.0061359
7.922,-0.0061359
7.924,-0.003068
7.926,-0.003068
7.928,-0.003068
7.93,-0.003068
7.932,-0.003068
7.934,-0.003068
7.936,-0.003068
7.938,-0.003068
7.94,-0.003068
7.942,-0.003068
7.944,-0.003068
7.946,-0.003068
7.948,-0.003068
7.95,-0.003068
7.952,-0.003068
7.954,-0.003068
7.956,-0.003068
7.958,-0.003068
7.96,-0.003068
7.962,-0.003068
7.964,-0.003068
7.966,-0.003068
7.968,-0.0061359
7.97,-0.0061359
7.972,-0.0061359
7.974,-0.0061359
7.976,-0.0061359
7.978,-0.0061359
7.98,-0.0061359
7.982,-0.0061359
7.984,-0.0061359
7.986,-0.0061359
7.988,-0.0061359
7.99,-0.0061359
7.992,-0.0061359
7.994,-0.0061359
7.996,-0.0061359
7.998,-0.0061359
8,-0.0061359
8.002,-0.0061359
8.004,-0.0061359
8.006,-0.0061359
8.008,-0.0061359
8.01,-0.0061359
8.012,-0.0061359
8.014,-0.0061359
8.016,-0.0061359
8.018,-0.0061359
8.02,-0.0061359
8.022,-0.0061359
8.024,-0.0061359
8.026,-0.0061359
8.028,-0.0061359
8.03,-0.0061359
8.032,-0.0061359
8.034,-0.0061359
8.036,-0.003068
8.038,-0.003068
8.04,-0.003068
8.042,-0.003068
8.044,-0.003068
8.046,-0.003068
8.048,-0.003068
8.05,-0.003068
8.052,-0.003068
8.054,-0.003068
8.056,-0.003068
8.058,-0.003068
8.06,-0.003068
8.062,-0.003068
8.064,-0.003068
8.066,-0.003068
8.068,-0.003068
8.07,-0.003068
8.072,-0.003068
8.074,-0.003068
8.076,-0.003068
8.078,-0.0061359
8.08,-0.0061359
8.082,-0.0061359
8.084,-0.0061359
8.086,-0.0061359
8.088,-0.0061359
8.09,-0.0061359
8.092,-0.0061359
8.094,-0.0061359
8.096,-0.0061359
8.098,-0.0061359
8.1,-0.0061359
8.102,-0.0061359
8.104,-0.0061359
8.106,-0.0061359
8.108,-0.0061359
8.11,-0.0061359
8.112,-0.0061359
8.114,-0.0061359
8.116,-0.0061359
8.118,-0.0061359
8.12,-0.0061359
8.122,-0.0061359
8.124,-0.0061359
8.126,-0.0061359
8.128,-0.0061359
8.13,-0.0061359
8.132,-0.0061359
8.134,-0.0061359
8.136,-0.0061359
8.138,-0.003068
8.14,-0.003068
8.142,-0.003068
8.144,-0.003068
8.146,-0.003068
8.148,-0.003068
8.15,-0.003068
8.152,-0.003068
8.154,-0.003068
8.156,-0.003068
8.158,-0.003068
8.16,-0.003068
8.162,-0.003068
8.164,-0.003068
8.166,-0.003068
8.168,-0.003068
8.17,-0.003068
8.172,-0.003068
8.174,-0.003068
8.176,-0.003068
8.178,-0.003068
8.18,-0.003068
8.182,-0.003068
8.184,-0.003068
8.186,-0.0061359
8.188,-0.0061359
8.19,-0.0061359
8.192,-0.0061359
8.194,-0.0061359
8.196,-0.0061359
8.198,-0.0061359
8.2,-0.0061359
8.202,-0.0061359
8.204,-0.0061359
8.206,-0.0061359
8.208,-0.0061359
8.21,-0.0061359
8.212,-0.0061359
8.214,-0.0061359
8.216,-0.0061359
8.218,-0.0061359
8.22,-0.0061359
8.222,-0.0061359
8.224,-0.0061359
8.226,-0.0061359
8.228,-0.0061359
8.23,-0.0061359
8.232,-0.0061359
8.234,-0.0061359
8.236,-0.0061359
8.238,-0.0061359
8.24,-0.0061359
8.242,-0.0061359
8.244,-0.003068
8.246,-0.003068
8.248,-0.003068
8.25,-0.003068
8.252,-0.003068
8.254,-0.003068
8.256,-0.003068
8.258,-0.003068
8.26,-0.003068
8.262,-0.003068
8.264,-0.003068
8.266,-0.003068
8.268,-0.003068
8.27,-0.003068
8.272,-0.003068
8.274,-0.003068
8.276,-0.003068
8.278,-0.0061359
8.28,-0.0061359
8.282,-0.0061359
8.284,-0.0061359
8.286,-0.0061359
8.288,-0.0061359
8.29,-0.0061359
8.292,-0.0061359
8.294,-0.0061359
8.296,-0.0061359
8.298,-0.0061359
8.3,-0.0061359
8.302,-0.0061359
8.304,-0.0061359
8.306,-0.0061359
8.308,-0.0061359
8.31,-0.0061359
8.312,-0.0061359
8.314,-0.0061359
8.316,-0.0061359
8.318,-0.0061359
8.32,-0.0061359
8.322,-0.0061359
8.324,-0.0061359
8.326,-0.0061359
8.328,-0.0061359
8.33,-0.0061359
8.332,-0.0061359
8.334,-0.0061359
8.336,-0.0061359
8.338,-0.0061359
8.34,-0.0061359
8.342,-0.0061359
8.344,-0.0061359
8.346,-0.0061359
8.348,-0.0061359
8.35,-0.0061359
8.352,-0.0061359
8.354,-0.0061359
8.356,-0.0061359
8.358,-0.0061359
8.36,-0.0061359
8.362,-0.0061359
8.364,-0.0061359
8.366,-0.0061359
8.368,-0.0061359
8.37,-0.0061359
8.372,-0.0061359
8.374,-0.0061359
8.376,-0.0061359
8.378,-0.0061359
8.38,-0.0061359
8.382,-0.0061359
8.384,-0.0061359
8.386,-0.0061359
8.388,-0.0061359
8.39,-0.0061359
8.392,-0.0061359
8.394,-0.0061359
8.396,-0.0061359
8.398,-0.0061359
8.4,-0.0061359
8.402,-0.0061359
8.404,-0.0061359
8.406,-0.0061359
8.408,-0.0061359
8.41,-0.0061359
8.412,-0.0061359
8.414,-0.0061359
8.416,-0.0061359
8.418,-0.0061359
8.42,-0.0061359
8.422,-0.0061359
8.424,-0.0061359
8.426,-0.0061359
8.428,-0.0061359
8.43,-0.0061359
8.432,-0.0061359
8.434,-0.0061359
8.436,-0.0061359
8.438,-0.0092039
8.44,-0.0092039
8.442,-0.0092039
8.444,-0.0092039
8.446,-0.0092039
8.448,-0.0092039
8.45,-0.0092039
8.452,-0.0092039
8.454,-0.0092039
8.456,-0.0092039
8.458,-0.0061359
8.46,-0.0061359
8.462,-0.0061359
8.464,-0.0061359
8.466,-0.0061359
8.468,-0.0061359
8.47,-0.0061359
8.472,-0.0061359
8.474,-0.003068
8.476,-0.003068
8.478,-0.003068
8.48,-0.003068
8.482,-0.003068
8.484,-0.003068
8.486,-0.003068
8.488,-0.003068
8.49,-0.003068
8.492,0
8.494,0
8.496,0
8.498,0
8.5,0
8.502,0
8.504,0
8.506,0
8.508,0
8.51,0
8.512,0
8.514,-0.003068
8.516,-0.003068
8.518,-0.003068
8.52,-0.003068
8.522,-0.003068
8.524,-0.003068
8.526,-0.003068
8.528,-0.003068
8.53,-0.0061359
8.532,-0.0061359
8.534,-0.0061359
8.536,-0.0061359
8.538,-0.0061359
8.54,-0.0061359
8.542,-0.0061359
8.544,-0.0061359
8.546,-0.0061359
8.548,-0.0061359
8.55,-0.0061359
8.552,-0.0061359
8.554,-0.0061359
8.556,-0.0061359
8.558,-0.0061359
8.56,-0.0061359
8.562,-0.0061359
8.564,-0.0061359
8.566,-0.0061359
8.568,-0.0061359
8.57,-0.0061359
8.572,-0.0061359
8.574,-0.0061359
8.576,-0.0061359
8.578,-0.0061359
8.58,-0.003068
8.582,-0.003068
8.584,-0.003068
8.586,-0.003068
8.588,-0.003068
8.59,-0.003068
8.592,-0.003068
8.594,-0.003068
8.596,-0.003068
8.598,-0.003068
8.6,-0.003068
8.602,-0.003068
8.604,-0.003068
8.606,-0.003068
8.608,-0.003068
8.61,-0.003068
8.612,-0.003068
8.614,-0.003068
8.616,-0.003068
8.618,-0.003068
8.62,-0.003068
8.622,-0.003068
8.624,-0.003068
8.626,-0.003068
8.628,-0.003068
8.63,-0.003068
8.632,-0.003068
8.634,-0.003068
8.636,-0.003068
8.638,-0.003068
8.64,-0.003068
8.642,-0.003068
8.644,-0.003068
8.646,-0.003068
8.648,-0.003068
8.65,-0.003068
8.652,-0.003068
8.654,-0.003068
8.656,-0.003068
8.658,-0.003068
8.66,-0.003068
8.662,-0.003068
8.664,-0.003068
8.666,-0.003068
8.668,-0.003068
8.67,-0.003068
8.672,-0.003068
8.674,-0.003068
8.676,-0.003068
8.678,-0.003068
8.68,-0.003068
8.682,-0.003068
8.684,-0.003068
8.686,-0.003068
8.688,-0.003068
8.69,-0.003068
8.692,-0.003068
8.694,-0.003068
8.696,-0.003068
8.698,-0.003068
8.7,-0.003068
8.702,-0.0061359
8.704,-0.0061359
8.706,-0.0061359
8.708,-0.0061359
8.71,-0.0061359
8.712,-0.0061359
8.714,-0.0061359
8.716,-0.0061359
8.718,-0.0061359
8.72,-0.0061359
8.722,-0.0061359
8.724,-0.0061359
8.726,-0.0061359
8.728,-0.0061359
8.73,-0.0061359
8.732,-0.0061359
8.734,-0.0061359
8.736,-0.0061359
8.738,-0.0061359
8.74,-0.0061359
8.742,-0.0061359
8.744,-0.0061359
8.746,-0.0061359
8.748,-0.0061359
8.75,-0.003068
8.752,-0.003068
8.754,-0.003068
8.756,-0.003068
8.758,-0.003068
8.76,-0.003068
8.762,-0.003068
8.764,-0.003068
8.766,-0.003068
8.768,-0.003068
8.77,-0.003068
8.772,-0.003068
8.774,-0.003068
8.776,-0.003068
8.778,-0.003068
8.78,-0.003068
8.782,-0.003068
8.784,-0.003068
8.786,-0.003068
8.788,-0.003068
8.79,-0.003068
8.792,-0.003068
8.794,-0.003068
8.796,-0.003068
8.798,-0.003068
8.8,-0.003068
8.802,-0.003068
8.804,-0.003068
8.806,-0.003068
8.808,-0.003068
8.81,-0.003068
8.812,-0.003068
8.814,-0.003068
8.816,-0.003068
8.818,-0.0061359
8.82,-0.0061359
8.822,-0.0061359
8.824,-0.0061359
8.826,-0.0061359
8.828,-0.0061359
8.83,-0.0061359
8.832,-0.0061359
8.834,-0.0061359
8.836,-0.0061359
8.838,-0.0061359
8.84,-0.0061359
8.842,-0.0061359
8.844,-0.0061359
8.846,-0.0061359
8.848,-0.0061359
8.85,-0.0061359
8.852,-0.0061359
8.854,-0.0061359
8.856,-0.0061359
8.858,-0.0061359
8.86,-0.0061359
8.862,-0.0061359
8.864,-0.0061359
8.866,-0.0061359
8.868,-0.0061359
8.87,-0.0061359
8.872,-0.0061359
8.874,-0.0061359
8.876,-0.0061359
8.878,-0.0061359
8.88,-0.0061359
8.882,-0.0061359
8.884,-0.0061359
8.886,-0.0061359
8.888,-0.0061359
8.89,-0.0061359
8.892,-0.0061359
8.894,-0.0061359
8.896,-0.0061359
8.898,-0.0061359
8.9,-0.0061359
8.902,-0.003068
8.904,-0.003068
8.906,-0.003068
8.908,-0.003068
8.91,-0.003068
8.912,-0.003068
8.914,-0.003068
8.916,-0.003068
8.918,-0.003068
8.92,-0.003068
8.922,-0.003068
8.924,-0.003068
8.926,-0.003068
8.928,-0.003068
8.93,-0.003068
8.932,-0.003068
8.934,-0.003068
8.936,-0.0061359
8.938,-0.0061359
8.94,-0.0061359
8.942,-0.0061359
8.944,-0.0061359
8.946,-0.0061359
8.948,-0.0061359
8.95,-0.0061359
8.952,-0.0061359
8.954,-0.0061359
8.956,-0.0061359
8.958,-0.0061359
8.96,-0.0061359
8.962,-0.0061359
8.964,-0.0061359
8.966,-0.0061359
8.968,-0.0061359
8.97,-0.0061359
8.972,-0.0061359
8.974,-0.0092039
8.976,-0.0092039
8.978,-0.0092039
8.98,-0.0092039
8.982,-0.0092039
8.984,-0.0092039
8.986,-0.0092039
8.988,-0.0092039
8.99,-0.0092039
8.992,-0.0092039
8.994,-0.0092039
8.996,-0.0061359
8.998,-0.0061359
9,-0.0061359
9.002,-0.0061359
9.004,-0.0061359
9.006,-0.0061359
9.008,-0.0061359
9.01,-0.0061359
9.012,-0.0061359
9.014,-0.0061359
9.016,-0.0061359
9.018,-0.003068
9.02,-0.003068
9.022,-0.003068
9.024,-0.003068
9.026,-0.003068
9.028,-0.003068
9.03,-0.003068
9.032,-0.003068
9.034,-0.003068
9.036,-0.003068
9.038,-0.003068
9.04,-0.003068
9.042,-0.003068
9.044,-0.003068
9.046,-0.003068
9.048,-0.003068
9.05,-0.003068
9.052,-0.0061359
9.054,-0.0061359
9.056,-0.0061359
9.058,-0.0061359
9.06,-0.0061359
9.062,-0.0061359
9.064,-0.0061359
9.066,-0.0061359
9.068,-0.0061359
9.07,-0.0061359
9.072,-0.0061359
9.074,-0.0061359
9.076,-0.0061359
9.078,-0.0061359
9.08,-0.0061359
9.082,-0.0061359
9.084,-0.0061359
9.086,-0.0061359
9.088,-0.0061359
9.09,-0.0061359
9.092,-0.0061359
9.094,-0.0061359
9.096,-0.0061359
9.098,-0.0061359
9.1,-0.0061359
9.102,-0.0061359
9.104,-0.0061359
9.106,-0.0061359
9.108,-0.0061359
9.11,-0.0061359
9.112,-0.0061359
9.114,-0.0061359
9.116,-0.0061359
9.118,-0.0061359
9.12,-0.0061359
9.122,-0.0061359
9.124,-0.0061359
9.126,-0.0061359
9.128,-0.0061359
9.13,-0.0061359
9.132,-0.0061359
9.134,-0.0061359
9.136,-0.0061359
9.138,-0.0061359
9.14,-0.0061359
9.142,-0.0061359
9.144,-0.0061359
9.146,-0.0061359
9.148,-0.003068
9.15,-0.003068
9.152,-0.003068
9.154,-0.003068
9.156,-0.003068
9.158,-0.003068
9.16,-0.003068
9.162,-0.003068
9.164,-0.003068
9.166,-0.003068
9.168,-0.003068
9.17,-0.003068
9.172,-0.003068
9.174,-0.003068
9.176,-0.003068
9.178,-0.003068
9.18,-0.003068
9.182,-0.0061359
9.184,-0.0061359
9.186,-0.0061359
9.188,-0.0061359
9.19,-0.0061359
9.192,-0.0061359
9.194,-0.0061359
9.196,-0.0061359
9.198,-0.0061359
9.2,-0.0061359
9.202,-0.0061359
9.204,-0.0061359
9.206,-0.0061359
9.208,-0.0061359
9.21,-0.0061359
9.212,-0.0061359
9.214,-0.0061359
9.216,-0.0061359
9.218,-0.0061359
9.22,-0.0061359
9.222,-0.0061359
9.224,-0.0061359
9.226,-0.0061359
9.228,-0.0061359
9.23,-0.0061359
9.232,-0.0061359
9.234,-0.0061359
9.236,-0.0061359
9.238,-0.0061359
9.24,-0.0061359
9.242,-0.0061359
9.244,-0.0061359
9.246,-0.0061359
9.248,-0.0061359
9.25,-0.0061359
9.252,-0.0061359
9.254,-0.0061359
9.256,-0.0061359
9.258,-0.0061359
9.26,-0.0061359
9.262,-0.0061359
9.264,-0.0061359
9.266,-0.0061359
9.268,-0.0061359
9.27,-0.0061359
9.272,-0.0061359
9.274,-0.0061359
9.276,-0.0061359
9.278,-0.0061359
9.28,-0.0061359
9.282,-0.0061359
9.284,-0.0061359
9.286,-0.0061359
9.288,-0.0061359
9.29,-0.0061359
9.292,-0.0061359
9.294,-0.0061359
9.296,-0.0061359
9.298,-0.0061359
9.3,-0.0061359
9.302,-0.0061359
9.304,-0.0061359
9.306,-0.0061359
9.308,-0.0061359
9.31,-0.0061359
9.312,-0.0061359
9.314,-0.0061359
9.316,-0.0061359
9.318,-0.0061359
9.32,-0.0061359
9.322,-0.0061359
9.324,-0.0061359
9.326,-0.0061359
9.328,-0.0061359
9.33,-0.0061359
9.332,-0.0061359
9.334,-0.0061359
9.336,-0.0061359
9.338,-0.0061359
9.34,-0.0061359
9.342,-0.0061359
9.344,-0.0061359
9.346,-0.0061359
9.348,-0.0061359
9.35,-0.0061359
9.352,-0.0061359
9.354,-0.0061359
9.356,-0.0061359
9.358,-0.0061359
9.36,-0.0061359
9.362,-0.0061359
9.364,-0.0061359
9.366,-0.0061359
9.368,-0.0061359
9.37,-0.0061359
9.372,-0.0061359
9.374,-0.0061359
9.376,-0.0061359
9.378,-0.0061359
9.38,-0.0061359
9.382,-0.0061359
9.384,-0.0061359
9.386,-0.0061359
9.388,-0.0061359
9.39,-0.0092039
9.392,-0.0092039
9.394,-0.0092039
9.396,-0.0092039
9.398,-0.0092039
9.4,-0.0092039
9.402,-0.0092039
9.404,-0.0092039
9.406,-0.0092039
9.408,-0.0061359
9.41,-0.0061359
9.412,-0.0061359
9.414,-0.0061359
9.416,-0.0061359
9.418,-0.0061359
9.42,-0.0061359
9.422,-0.003068
9.424,-0.003068
9.426,-0.003068
9.428,-0.003068
9.43,-0.003068
9.432,-0.003068
9.434,-0.003068
9.436,-0.003068
9.438,0
9.44,0
9.442,0
9.444,0
9.446,0
9.448,0
9.45,0
9.452,0
9.454,0
9.456,0
9.458,0
9.46,0
9.462,0
9.464,0
9.466,-0.003068
9.468,-0.003068
9.47,-0.003068
9.472,-0.003068
9.474,-0.003068
9.476,-0.003068
9.478,-0.003068
9.48,-0.003068
9.482,-0.003068
9.484,-0.003068
9.486,-0.003068
9.488,-0.003068
9.49,-0.003068
9.492,-0.0061359
9.494,-0.0061359
9.496,-0.0061359
9.498,-0.0061359
9.5,-0.0061359
9.502,-0.0061359
9.504,-0.0061359
9.506,-0.0061359
9.508,-0.0061359
9.51,-0.0061359
9.512,-0.0061359
9.514,-0.0061359
9.516,-0.0061359
9.518,-0.0061359
9.52,-0.0061359
9.522,-0.003068
9.524,-0.003068
9.526,-0.003068
9.528,-0.003068
9.53,-0.003068
9.532,-0.003068
9.534,-0.003068
9.536,-0.003068
9.538,-0.003068
9.54,-0.003068
9.542,-0.003068
9.544,-0.003068
9.546,-0.003068
9.548,-0.003068
9.55,-0.003068
9.552,-0.003068
9.554,-0.003068
9.556,-0.003068
9.558,-0.003068
9.56,-0.003068
9.562,-0.003068
9.564,-0.0061359
9.566,-0.0061359
9.568,-0.0061359
9.57,-0.0061359
9.572,-0.0061359
9.574,-0.0061359
9.576,-0.0061359
9.578,-0.0061359
9.58,-0.0061359
9.582,-0.0061359
9.584,-0.0061359
9.586,-0.0061359
9.588,-0.0061359
9.59,-0.0061359
9.592,-0.0061359
9.594,-0.0061359
9.596,-0.0061359
9.598,-0.0061359
9.6,-0.0061359
9.602,-0.0061359
9.604,-0.0061359
9.606,-0.0061359
9.608,-0.0061359
9.61,-0.0061359
9.612,-0.003068
9.614,-0.003068
9.616,-0.003068
9.618,-0.003068
9.62,-0.003068
9.622,-0.003068
9.624,-0.003068
9.626,-0.003068
9.628,-0.003068
9.63,-0.003068
9.632,-0.003068
9.634,-0.003068
9.636,-0.003068
9.638,-0.003068
9.64,-0.003068
9.642,-0.003068
9.644,-0.003068
9.646,-0.003068
9.648,-0.003068
9.65,-0.003068
9.652,-0.003068
9.654,-0.003068
9.656,-0.003068
9.658,-0.003068
9.66,-0.003068
9.662,-0.003068
9.664,-0.003068
9.666,-0.003068
9.668,-0.003068
9.67,-0.003068
9.672,-0.003068
9.674,-0.003068
9.676,-0.003068
9.678,-0.003068
9.68,-0.003068
9.682,-0.003068
9.684,-0.0061359
9.686,-0.0061359
9.688,-0.0061359
9.69,-0.0061359
9.692,-0.0061359
9.694,-0.0061359
9.696,-0.0061359
9.698,-0.0061359
9.7,-0.0061359
9.702,-0.0061359
9.704,-0.0061359
9.706,-0.0061359
9.708,-0.0061359
9.71,-0.0061359
9.712,-0.0061359
9.714,-0.0061359
9.716,-0.0061359
9.718,-0.0061359
9.72,-0.0061359
9.722,-0.0061359
9.724,-0.0061359
9.726,-0.0061359
9.728,-0.003068
9.73,-0.003068
9.732,-0.003068
9.734,-0.003068
9.736,-0.003068
9.738,-0.003068
9.74,-0.003068
9.742,-0.003068
9.744,-0.003068
9.746,-0.003068
9.748,-0.003068
9.75,-0.003068
9.752,-0.003068
9.754,-0.003068
9.756,-0.003068
9.758,-0.003068
9.76,-0.003068
9.762,-0.003068
9.764,-0.003068
9.766,-0.003068
9.768,-0.003068
9.77,-0.003068
9.772,-0.003068
9.774,-0.003068
9.776,-0.003068
9.778,-0.003068
9.78,-0.003068
9.782,-0.003068
9.784,-0.003068
9.786,-0.003068
9.788,-0.0061359
9.79,-0.0061359
9.792,-0.0061359
9.794,-0.0061359
9.796,-0.0061359
9.798,-0.0061359
9.8,-0.0061359
9.802,-0.0061359
9.804,-0.0061359
9.806,-0.0061359
9.808,-0.0061359
9.81,-0.0061359
9.812,-0.0061359
9.814,-0.0061359
9.816,-0.0061359
9.818,-0.0061359
9.82,-0.0061359
9.822,-0.0061359
9.824,-0.0061359
9.826,-0.0061359
9.828,-0.0061359
9.83,-0.0061359
9.832,-0.0061359
9.834,-0.0061359
9.836,-0.0061359
9.838,-0.0061359
9.84,-0.0061359
9.842,-0.003068
9.844,-0.003068
9.846,-0.003068
9.848,-0.003068
9.85,-0.003068
9.852,-0.003068
9.854,-0.003068
9.856,-0.003068
9.858,-0.003068
9.86,-0.003068
9.862,-0.003068
9.864,-0.003068
9.866,-0.003068
9.868,-0.003068
9.87,-0.003068
9.872,-0.003068
9.874,-0.003068
9.876,-0.003068
9.878,-0.003068
9.88,-0.003068
9.882,-0.003068
9.884,-0.003068
9.886,-0.003068
9.888,-0.003068
9.89,-0.003068
9.892,-0.003068
9.894,-0.003068
9.896,-0.003068
9.898,-0.003068
9.9,-0.003068
9.902,-0.003068
9.904,-0.003068
9.906,-0.003068
9.908,-0.003068
9.91,-0.0061359
9.912,-0.0061359
9.914,-0.0061359
9.916,-0.0061359
9.918,-0.0061359
9.92,-0.0061359
9.922,-0.0061359
9.924,-0.0061359
9.926,-0.0061359
9.928,-0.0061359
9.93,-0.0061359
9.932,-0.0061359
9.934,-0.0061359
9.936,-0.0061359
9.938,-0.0061359
9.94,-0.0061359
9.942,-0.0061359
9.944,-0.0061359
9.946,-0.0061359
9.948,-0.0061359
9.95,-0.0061359
9.952,-0.0061359
9.954,-0.0061359
9.956,-0.0061359
9.958,-0.0061359
9.96,-0.0061359
9.962,-0.003068
9.964,-0.003068
9.966,-0.003068
9.968,-0.003068
9.97,-0.003068
9.972,-0.003068
9.974,-0.003068
9.976,-0.003068
9.978,-0.003068
9.98,-0.003068
9.982,-0.003068
9.984,-0.003068
9.986,-0.003068
9.988,-0.003068
9.99,-0.003068
9.992,-0.003068
9.994,-0.003068
9.996,-0.003068
9.998,-0.003068
10,-0.003068
