0,2.9883
0.002,2.9792
0.004,2.9672
0.006,2.9582
0.008,2.9461
0.01,2.9341
0.012,2.9252
0.014,2.9132
0.016,2.9013
0.018,2.8893
0.02,2.8774
0.022,2.8686
0.024,2.8568
0.026,2.8449
0.028,2.8331
0.03,2.8244
0.032,2.8126
0.034,2.8009
0.036,2.7891
0.038,2.7774
0.04,2.7657
0.042,2.7572
0.044,2.7455
0.046,2.7339
0.048,2.7223
0.05,2.7107
0.052,2.7023
0.054,2.6907
0.056,2.6792
0.058,2.6708
0.06,2.6593
0.062,2.651
0.064,2.6395
0.066,2.6281
0.068,2.6167
0.07,2.6085
0.072,2.5971
0.074,2.5889
0.076,2.5776
0.078,2.5693
0.08,2.5611
0.082,2.5499
0.084,2.5417
0.086,2.5336
0.088,2.5255
0.09,2.5143
0.092,2.5062
0.094,2.4981
0.096,2.4901
0.098,2.482
0.1,2.474
0.102,2.466
0.104,2.458
0.106,2.45
0.108,2.4421
0.11,2.4341
0.112,2.4293
0.114,2.4213
0.116,2.4134
0.118,2.4086
0.12,2.4007
0.122,2.396
0.124,2.3881
0.126,2.3833
0.128,2.3755
0.13,2.3708
0.132,2.363
0.134,2.3582
0.136,2.3535
0.138,2.3458
0.14,2.3411
0.142,2.3364
0.144,2.3317
0.146,2.3271
0.148,2.3224
0.15,2.3178
0.152,2.3131
0.154,2.3085
0.156,2.3039
0.158,2.2993
0.16,2.2947
0.162,2.2932
0.164,2.2886
0.166,2.284
0.168,2.2825
0.17,2.278
0.172,2.2765
0.174,2.275
0.176,2.2735
0.178,2.272
0.18,2.2706
0.182,2.2691
0.184,2.2707
0.186,2.2723
0.188,2.2739
0.19,2.2755
0.192,2.277
0.194,2.2786
0.196,2.2833
0.198,2.2879
0.2,2.2895
0.202,2.2941
0.204,2.3018
0.206,2.3064
0.208,2.314
0.21,2.3216
0.212,2.3262
0.214,2.3338
0.216,2.3445
0.218,2.352
0.22,2.3627
0.222,2.3702
0.224,2.3808
0.226,2.3914
0.228,2.405
0.23,2.4155
0.232,2.4291
0.234,2.4395
0.236,2.453
0.238,2.4665
0.24,2.48
0.242,2.4934
0.244,2.5068
0.246,-3.7536
0.248,-3.7277
0.25,-3.6988
0.252,-3.6731
0.254,-3.6443
0.256,-3.6155
0.258,-3.5899
0.26,-3.5613
0.262,-3.5327
0.264,-3.5042
0.266,-3.4788
0.268,-3.4504
0.27,-3.4221
0.272,-3.3938
0.274,-3.3686
0.276,-3.3404
0.278,-3.3153
0.28,-3.2873
0.282,-3.2623
0.284,-3.2343
0.286,-3.2095
0.288,-3.1847
0.29,-3.1599
0.292,-3.1352
0.294,-3.1106
0.296,-3.089
0.298,-3.0645
0.3,-3.04
0.302,-3.0186
0.304,-2.9941
0.306,-2.9728
0.308,-2.9516
0.31,-2.9304
0.312,-2.9092
0.314,-2.888
0.316,-2.87
0.318,-2.8489
0.32,-2.831
0.322,-2.81
0.324,-2.7921
0.326,-2.7743
0.328,-2.7565
0.33,-2.7387
0.332,-2.721
0.334,-2.7064
0.336,-2.6887
0.338,-2.6741
0.34,-2.6596
0.342,-2.6451
0.344,-2.6306
0.346,-2.6162
0.348,-2.6017
0.35,-2.5904
0.352,-2.576
0.354,-2.5648
0.356,-2.5504
0.358,-2.5392
0.36,-2.528
0.362,-2.5168
0.364,-2.5087
0.366,-2.4976
0.368,-2.4895
0.37,-2.4784
0.372,-2.4704
0.374,-2.4624
0.376,-2.4544
0.378,-2.4465
0.38,-2.4385
0.382,-2.4336
0.384,-2.4257
0.386,-2.4209
0.388,-2.416
0.39,-2.4112
0.392,-2.4064
0.394,-2.4016
0.396,-2.3968
0.398,-2.392
0.4,-2.3872
0.402,-2.3855
0.404,-2.3838
0.406,-2.379
0.408,-2.3804
0.41,-2.3787
0.412,-2.377
0.414,-2.3754
0.416,-2.3767
0.418,-2.3781
0.42,-2.3795
0.422,-2.3778
0.424,-2.3823
0.426,-2.3836
0.428,-2.3881
0.43,-2.3894
0.432,-2.3938
0.434,-2.3982
0.436,-2.4027
0.438,-2.4101
0.44,-2.4176
0.442,-2.4219
0.444,-2.4293
0.446,-2.4367
0.448,-2.4472
0.45,-2.4546
0.452,-2.465
0.454,-2.4754
0.456,-2.4858
0.458,-2.4961
0.46,-2.5065
0.462,-2.5198
0.464,-2.5332
0.466,-2.5465
0.468,-2.5598
0.47,-2.5762
0.472,-2.5894
0.474,-2.6057
0.476,-2.6219
0.478,-2.6382
0.48,-2.6574
0.482,-2.6735
0.484,-2.6927
0.486,-2.7119
0.488,-2.734
0.49,-2.7531
0.492,-2.7752
0.494,-2.7972
0.496,-2.8192
0.498,-2.8412
0.5,-2.8661
0.502,-2.8911
0.504,-2.9159
0.506,-2.9407
0.508,-2.9655
0.51,-2.9902
0.512,-3.0149
0.514,3.2343
0.516,3.1972
0.518,3.1602
0.52,3.1201
0.522,3.0832
0.524,3.0464
0.526,3.0066
0.528,2.97
0.53,2.9334
0.532,2.8969
0.534,2.8604
0.536,2.8271
0.538,2.7908
0.54,2.7577
0.542,2.7246
0.544,2.6916
0.546,2.6586
0.548,2.6257
0.55,2.5959
0.552,2.5632
0.554,2.5335
0.556,2.504
0.558,2.4744
0.56,2.448
0.562,2.4186
0.564,2.3923
0.566,2.3661
0.568,2.3399
0.57,2.3138
0.572,2.2877
0.574,2.2617
0.576,2.2388
0.578,2.2159
0.58,2.1931
0.582,2.1703
0.584,2.1476
0.586,2.1249
0.588,2.1054
0.59,2.0858
0.592,2.0633
0.594,2.0438
0.596,2.0275
0.598,2.0081
0.6,1.9888
0.602,1.9725
0.604,1.9563
0.606,1.9402
0.608,1.924
0.61,1.9079
0.612,1.8918
0.614,1.8789
0.616,1.8629
0.618,1.8499
0.62,1.8371
0.622,1.8242
0.624,1.8144
0.626,1.8016
0.628,1.7888
0.63,1.7791
0.632,1.7694
0.634,1.7597
0.636,1.7501
0.638,1.7435
0.64,1.7339
0.642,1.7274
0.644,1.7178
0.646,1.7113
0.648,1.7048
0.65,1.6984
0.652,1.695
0.654,1.6885
0.656,1.6851
0.658,1.6818
0.66,1.6784
0.662,1.6751
0.664,1.6717
0.666,1.6684
0.668,1.665
0.67,1.6648
0.672,1.6645
0.674,1.6643
0.676,1.664
0.678,1.6637
0.68,1.6665
0.682,1.6693
0.684,1.6721
0.686,1.6719
0.688,1.6747
0.69,1.6805
0.692,1.6833
0.694,1.6891
0.696,1.6919
0.698,1.6977
0.7,1.7035
0.702,1.7123
0.704,1.7181
0.706,1.7269
0.708,1.7327
0.71,1.7415
0.712,1.7503
0.714,1.7621
0.716,1.7708
0.718,1.7826
0.72,1.7913
0.722,1.803
0.724,1.8148
0.726,1.8295
0.728,1.8412
0.73,1.8559
0.732,1.8706
0.734,1.8852
0.736,1.8999
0.738,1.9175
0.74,1.9321
0.742,1.9497
0.744,1.9672
0.746,1.9878
0.748,2.0053
0.75,2.0258
0.752,2.0432
0.754,2.0667
0.756,2.0871
0.758,2.1105
0.76,2.1308
0.762,2.1542
0.764,2.1805
0.766,2.2037
0.768,2.23
0.77,2.2562
0.772,2.2823
0.774,2.3115
0.776,2.3406
0.778,2.3696
0.78,2.3986
0.782,2.4306
0.784,2.4625
0.786,2.4944
0.788,2.5261
0.79,2.5609
0.792,2.5957
0.794,2.6273
0.796,2.6649
0.798,-3.5775
0.8,-3.5305
0.802,-3.4866
0.804,-3.4368
0.806,-3.3931
0.808,-3.3465
0.81,-3.3
0.812,-3.2566
0.814,-3.2133
0.816,-3.167
0.818,-3.127
0.82,-3.084
0.822,-3.0441
0.824,-3.0012
0.826,-2.9615
0.828,-2.925
0.83,-2.8854
0.832,-2.849
0.834,-2.8127
0.836,-2.7764
0.838,-2.7402
0.84,-2.7041
0.842,-2.6711
0.844,-2.6382
0.846,-2.6053
0.848,-2.5725
0.85,-2.5398
0.852,-2.5102
0.854,-2.4807
0.856,-2.4512
0.858,-2.4218
0.86,-2.3924
0.862,-2.3662
0.864,-2.3369
0.866,-2.3108
0.868,-2.2847
0.87,-2.2587
0.872,-2.2358
0.874,-2.2099
0.876,-2.1871
0.878,-2.1613
0.88,-2.1386
0.882,-2.1159
0.884,-2.0963
0.886,-2.0738
0.888,-2.0543
0.89,-2.0349
0.892,-2.0155
0.894,-1.9961
0.896,-1.9768
0.898,-1.9575
0.9,-1.9414
0.902,-1.9252
0.904,-1.9061
0.906,-1.89
0.908,-1.877
0.91,-1.861
0.912,-1.8481
0.914,-1.8321
0.916,-1.8193
0.918,-1.8065
0.92,-1.7937
0.922,-1.7809
0.924,-1.7712
0.926,-1.7615
0.928,-1.7488
0.93,-1.7392
0.932,-1.7326
0.934,-1.7231
0.936,-1.7135
0.938,-1.707
0.94,-1.7005
0.942,-1.691
0.944,-1.6845
0.946,-1.6812
0.948,-1.6748
0.95,-1.6714
0.952,-1.665
0.954,-1.6617
0.956,-1.6584
0.958,-1.655
0.96,-1.6517
0.962,-1.6484
0.964,-1.6482
0.966,-1.648
0.968,-1.6478
0.97,-1.6475
0.972,-1.6473
0.974,-1.6501
0.976,-1.6499
0.978,-1.6527
0.98,-1.6556
0.982,-1.6584
0.984,-1.6612
0.986,-1.664
0.988,-1.6699
0.99,-1.6727
0.992,-1.6785
0.994,-1.6844
0.996,-1.6902
0.998,-1.6991
1,-1.7049
1.002,-1.7137
1.004,-1.7226
1.006,-1.7314
1.008,-1.7402
1.01,-1.749
1.012,-1.7577
1.014,-1.7695
1.016,-1.7813
1.018,-1.7931
1.02,-1.8048
1.022,-1.8166
1.024,-1.8283
1.026,-1.843
1.028,-1.8577
1.03,-1.8724
1.032,-1.887
1.034,-1.9016
1.036,-1.9193
1.038,-1.9339
1.04,-1.9514
1.042,-1.969
1.044,-1.9896
1.046,-2.0071
1.048,-2.0276
1.05,-2.045
1.052,-2.0654
1.054,-2.0858
1.056,-2.1092
1.058,-2.1295
1.06,-2.1529
1.062,-2.1761
1.064,-2.1994
1.066,-2.2256
1.068,-2.2518
1.07,-2.278
1.072,-2.3041
1.074,-2.3301
1.076,-2.3592
1.078,-2.3882
1.08,-2.4171
1.082,-2.4491
1.084,-2.4779
1.086,-2.5097
1.088,-2.5446
1.09,-2.5793
1.092,-2.614
1.094,-2.6486
1.096,-2.6862
1.098,-2.7238
1.1,-2.7612
1.102,-2.7986
1.104,-2.839
1.106,-2.8763
1.108,-2.9165
1.11,3.3203
1.112,3.2646
1.114,3.2152
1.116,3.1628
1.118,3.1105
1.12,3.0614
1.122,3.0123
1.124,2.9634
1.126,2.9146
1.128,2.8658
1.13,2.8203
1.132,2.7748
1.134,2.7294
1.136,2.6872
1.138,2.645
1.14,2.603
1.142,2.561
1.144,2.5191
1.146,2.4803
1.148,2.4417
1.15,2.4061
1.152,2.3676
1.154,2.3322
1.156,2.2969
1.158,2.2617
1.16,2.2265
1.162,2.1914
1.164,2.1595
1.166,2.1276
1.168,2.0957
1.17,2.064
1.172,2.0353
1.174,2.0037
1.176,1.9752
1.178,1.9467
1.18,1.9183
1.182,1.8899
1.184,1.8647
1.186,1.8395
1.188,1.8113
1.19,1.7862
1.192,1.7643
1.194,1.7393
1.196,1.7144
1.198,1.6926
1.2,1.6677
1.202,1.6491
1.204,1.6274
1.206,1.6057
1.208,1.5842
1.21,1.5657
1.212,1.5472
1.214,1.5288
1.216,1.5104
1.218,1.4921
1.22,1.4768
1.222,1.4586
1.224,1.4434
1.226,1.4282
1.228,1.4131
1.23,1.398
1.232,1.383
1.234,1.371
1.236,1.356
1.238,1.3441
1.24,1.3322
1.242,1.3204
1.244,1.3086
1.246,1.2998
1.248,1.288
1.25,1.2793
1.252,1.2706
1.254,1.262
1.256,1.2533
1.258,1.2447
1.26,1.2391
1.262,1.2336
1.264,1.225
1.266,1.2195
1.268,1.214
1.27,1.2116
1.272,1.2061
1.274,1.2037
1.276,1.1982
1.278,1.1958
1.28,1.1934
1.282,1.191
1.284,1.1886
1.286,1.1893
1.288,1.187
1.29,1.1876
1.292,1.1883
1.294,1.189
1.296,1.1897
1.298,1.1935
1.3,1.1942
1.302,1.1948
1.304,1.1986
1.306,1.2023
1.308,1.206
1.31,1.2128
1.312,1.2165
1.314,1.2233
1.316,1.23
1.318,1.2337
1.32,1.2435
1.322,1.2502
1.324,1.2569
1.326,1.2667
1.328,1.2764
1.33,1.2861
1.332,1.2958
1.334,1.3055
1.336,1.3151
1.338,1.3278
1.34,1.3374
1.342,1.3501
1.344,1.3627
1.346,1.3753
1.348,1.3879
1.35,1.4035
1.352,1.4191
1.354,1.4316
1.356,1.4471
1.358,1.4626
1.36,1.4811
1.362,1.4966
1.364,1.515
1.366,1.5334
1.368,1.5518
1.37,1.5671
1.372,1.5885
1.374,1.6068
1.376,1.6281
1.378,1.6494
1.38,1.6706
1.382,1.6918
1.384,1.7129
1.386,1.7371
1.388,1.7581
1.39,1.7853
1.392,1.8093
1.394,1.8332
1.396,1.8602
1.398,1.8872
1.4,1.914
1.402,1.9409
1.404,1.9676
1.406,1.9974
1.408,2.0271
1.41,2.0568
1.412,2.0895
1.414,2.119
1.416,2.1546
1.418,2.1871
1.42,2.2226
1.422,2.258
1.424,2.2933
1.426,2.3316
1.428,2.3668
1.43,2.4081
1.432,2.4462
1.434,2.4903
1.436,2.5313
1.438,2.5722
1.44,2.6161
1.442,2.663
1.444,2.7067
1.446,-3.5266
1.448,-3.4674
1.45,-3.4114
1.452,-3.3556
1.454,-3.2998
1.456,-3.2442
1.458,-3.1887
1.46,-3.1363
1.462,-3.0841
1.464,-3.032
1.466,-2.983
1.468,-2.9311
1.47,-2.8823
1.472,-2.8367
1.474,-2.7912
1.476,-2.7458
1.478,-2.7004
1.48,-2.6552
1.482,-2.6131
1.484,-2.5711
1.486,-2.5323
1.488,-2.4904
1.49,-2.4517
1.492,-2.4131
1.494,-2.3746
1.496,-2.3361
1.498,-2.3008
1.5,-2.2656
1.502,-2.2304
1.504,-2.1953
1.506,-2.1603
1.508,-2.1284
1.51,-2.0935
1.512,-2.0617
1.514,-2.03
1.516,-2.0014
1.518,-1.9698
1.52,-1.9414
1.522,-1.9099
1.524,-1.8816
1.526,-1.8533
1.528,-1.8281
1.53,-1.8
1.532,-1.7749
1.534,-1.7469
1.536,-1.7219
1.538,-1.697
1.54,-1.6752
1.542,-1.6504
1.544,-1.6257
1.546,-1.604
1.548,-1.5824
1.55,-1.5609
1.552,-1.5394
1.554,-1.5179
1.556,-1.4996
1.558,-1.4782
1.56,-1.4599
1.562,-1.4417
1.564,-1.4235
1.566,-1.4053
1.568,-1.3872
1.57,-1.3721
1.572,-1.3541
1.574,-1.3391
1.576,-1.3242
1.578,-1.3093
1.58,-1.2944
1.582,-1.2795
1.584,-1.2678
1.586,-1.2561
1.588,-1.2413
1.59,-1.2296
1.592,-1.218
1.594,-1.2094
1.596,-1.1978
1.598,-1.1862
1.6,-1.1777
1.602,-1.1692
1.604,-1.1607
1.606,-1.1523
1.608,-1.1439
1.61,-1.1354
1.612,-1.1301
1.614,-1.1217
1.616,-1.1164
1.618,-1.1111
1.62,-1.1058
1.622,-1.1006
1.624,-1.0984
1.626,-1.0931
1.628,-1.0909
1.63,-1.0887
1.632,-1.0866
1.634,-1.0844
1.636,-1.0822
1.638,-1.0801
1.64,-1.081
1.642,-1.0788
1.644,-1.0797
1.646,-1.0806
1.648,-1.0815
1.65,-1.0855
1.652,-1.0864
1.654,-1.0873
1.656,-1.0913
1.658,-1.0952
1.66,-1.0991
1.662,-1.1031
1.664,-1.107
1.666,-1.114
1.668,-1.1179
1.67,-1.1249
1.672,-1.1318
1.674,-1.1387
1.676,-1.1457
1.678,-1.1556
1.68,-1.1625
1.682,-1.1724
1.684,-1.1824
1.686,-1.1923
1.688,-1.2021
1.69,-1.212
1.692,-1.2249
1.694,-1.2347
1.696,-1.2476
1.698,-1.2604
1.7,-1.2732
1.702,-1.286
1.704,-1.2987
1.706,-1.3145
1.708,-1.3272
1.71,-1.343
1.712,-1.3587
1.714,-1.3744
1.716,-1.39
1.718,-1.4087
1.72,-1.4243
1.722,-1.4429
1.724,-1.4614
1.726,-1.48
1.728,-1.4985
1.73,-1.5169
1.732,-1.5384
1.734,-1.5568
1.736,-1.5782
1.738,-1.5996
1.74,-1.6209
1.742,-1.6452
1.744,-1.6665
1.746,-1.6907
1.748,-1.7119
1.75,-1.736
1.752,-1.7632
1.754,-1.7873
1.756,-1.8143
1.758,-1.8383
1.76,-1.8653
1.762,-1.8922
1.764,-1.9221
1.766,-1.9489
1.768,-1.9788
1.77,-2.0085
1.772,-2.0413
1.774,-2.0709
1.776,-2.1036
1.778,-2.1361
1.78,-2.1687
1.782,-2.2042
1.784,-2.2365
1.786,-2.275
1.788,-2.3103
1.79,-2.3486
1.792,-2.3868
1.794,-2.428
1.796,-2.4691
1.798,-2.5102
1.8,-2.5542
1.802,-2.5981
1.804,-2.642
1.806,-2.6918
1.808,-2.7355
1.81,-2.7821
1.812,-2.8318
1.814,-2.8782
1.816,3.3493
1.818,3.2905
1.82,3.2288
1.822,3.1702
1.824,3.1118
1.826,3.0534
1.828,2.9983
1.83,2.9433
1.832,2.8884
1.834,2.8335
1.836,2.7819
1.838,2.7304
1.84,2.682
1.842,2.6337
1.844,2.5856
1.846,2.5406
1.848,2.4956
1.85,2.4508
1.852,2.4061
1.854,2.3645
1.856,2.3199
1.858,2.2785
1.86,2.2402
1.862,2.199
1.864,2.1609
1.866,2.1228
1.868,2.0849
1.87,2.047
1.872,2.0123
1.874,1.9745
1.876,1.9399
1.878,1.9054
1.88,1.874
1.882,1.8396
1.884,1.8084
1.886,1.7741
1.888,1.743
1.89,1.715
1.892,1.684
1.894,1.653
1.896,1.6252
1.898,1.5944
1.9,1.5667
1.902,1.539
1.904,1.5145
1.906,1.4869
1.908,1.4595
1.91,1.4351
1.912,1.4108
1.914,1.3865
1.916,1.3623
1.918,1.3381
1.92,1.314
1.922,1.2929
1.924,1.272
1.926,1.248
1.928,1.2271
1.93,1.2063
1.932,1.1885
1.934,1.1678
1.936,1.147
1.938,1.1294
1.94,1.1118
1.942,1.0943
1.944,1.0768
1.946,1.0593
1.948,1.0419
1.95,1.0275
1.952,1.0101
1.954,0.99586
1.956,0.98161
1.958,0.96739
1.96,0.9532
1.962,0.93904
1.964,0.9249
1.966,0.91386
1.968,0.90284
1.97,0.89184
1.972,0.8778
1.974,0.86685
1.976,0.85899
1.978,0.84808
1.98,0.83719
1.982,0.82939
1.984,0.8216
1.986,0.81383
1.988,0.80607
1.99,0.79833
1.992,0.79061
1.994,0.78596
1.996,0.77826
1.998,0.77364
2,0.76903
2.002,0.76136
2.004,0.75984
2.006,0.75526
2.008,0.75069
2.01,0.74919
2.012,0.74463
2.014,0.74314
2.016,0.74165
2.018,0.74017
2.02,0.73869
2.022,0.73722
2.024,0.73881
2.026,0.73733
2.028,0.73892
2.03,0.74051
2.032,0.7421
2.034,0.74368
2.036,0.74526
2.038,0.74683
2.04,0.75147
2.042,0.7561
2.044,0.75765
2.046,0.76227
2.048,0.76688
2.05,0.77454
2.052,0.77912
2.054,0.7837
2.056,0.79132
2.058,0.79894
2.06,0.80654
2.062,0.81412
2.064,0.82169
2.066,0.82924
2.068,0.83984
2.07,0.84736
2.072,0.85793
2.074,0.86847
2.076,0.879
2.078,0.8895
2.08,0.90305
2.082,0.9135
2.084,0.927
2.086,0.93741
2.088,0.95086
2.09,0.96428
2.092,0.97768
2.094,0.99412
2.096,1.0075
2.098,1.0208
2.1,1.0371
2.102,1.0534
2.104,1.0697
2.106,1.086
2.108,1.1022
2.11,1.1214
2.112,1.1376
2.114,1.1568
2.116,1.1759
2.118,1.195
2.12,1.2141
2.122,1.2331
2.124,1.2552
2.126,1.2741
2.128,1.2961
2.13,1.318
2.132,1.3399
2.134,1.3617
2.136,1.3866
2.138,1.4084
2.14,1.4331
2.142,1.4579
2.144,1.4825
2.146,1.5071
2.148,1.5317
2.15,1.5562
2.152,1.5838
2.154,1.6113
2.156,1.6387
2.158,1.6661
2.16,1.6965
2.162,1.7237
2.164,1.754
2.166,1.7842
2.168,1.8143
2.17,1.8475
2.172,1.8775
2.174,1.9105
2.176,1.9435
2.178,1.9795
2.18,2.0154
2.182,2.0512
2.184,2.0869
2.186,2.1226
2.188,2.1613
2.19,2.1999
2.192,2.2414
2.194,2.2829
2.196,2.3243
2.198,2.3687
2.2,2.413
2.202,2.4573
2.204,2.5044
2.206,2.5515
2.208,2.6016
2.21,2.6547
2.212,2.7015
2.214,2.7512
2.216,2.804
2.218,-3.4203
2.22,-3.3583
2.222,-3.2934
2.224,-3.2316
2.226,-3.1731
2.228,-3.1146
2.23,-3.0563
2.232,-2.9981
2.234,-2.9431
2.236,-2.8851
2.238,-2.8303
2.24,-2.7786
2.242,-2.7271
2.244,-2.6757
2.246,-2.6274
2.248,-2.5793
2.25,-2.5343
2.252,-2.4863
2.254,-2.4415
2.256,-2.3968
2.258,-2.3521
2.26,-2.3076
2.262,-2.2662
2.264,-2.228
2.266,-2.1867
2.268,-2.1456
2.27,-2.1045
2.272,-2.0666
2.274,-2.0288
2.276,-1.9941
2.278,-1.9564
2.28,-1.9218
2.282,-1.8843
2.284,-1.8498
2.286,-1.8155
2.288,-1.7812
2.29,-1.7501
2.292,-1.719
2.294,-1.6849
2.296,-1.654
2.298,-1.6231
2.3,-1.5922
2.302,-1.5615
2.304,-1.5338
2.306,-1.5063
2.308,-1.4757
2.31,-1.4482
2.312,-1.4208
2.314,-1.3965
2.316,-1.3692
2.318,-1.3419
2.32,-1.3178
2.322,-1.2937
2.324,-1.2666
2.326,-1.2426
2.328,-1.2187
2.33,-1.1979
2.332,-1.174
2.334,-1.1502
2.336,-1.1295
2.338,-1.1089
2.34,-1.0883
2.342,-1.0646
2.344,-1.0472
2.346,-1.0267
2.348,-1.0063
2.35,-0.98893
2.352,-0.96857
2.354,-0.95131
2.356,-0.93408
2.358,-0.91689
2.36,-0.89973
2.362,-0.88261
2.364,-0.86552
2.366,-0.85154
2.368,-0.83451
2.37,-0.82058
2.372,-0.80362
2.374,-0.78975
2.376,-0.77592
2.378,-0.76517
2.38,-0.75138
2.382,-0.73762
2.384,-0.72695
2.386,-0.71324
2.388,-0.70262
2.39,-0.69202
2.392,-0.68145
2.394,-0.67089
2.396,-0.66035
2.398,-0.65291
2.4,-0.64241
2.402,-0.63499
2.404,-0.62453
2.406,-0.61715
2.408,-0.60979
2.41,-0.60244
2.412,-0.59511
2.414,-0.58779
2.416,-0.58355
2.418,-0.57625
2.42,-0.57204
2.422,-0.56783
2.424,-0.56363
2.426,-0.55637
2.428,-0.55526
2.43,-0.55109
2.432,-0.54692
2.434,-0.54583
2.436,-0.54167
2.438,-0.54059
2.44,-0.53951
2.442,-0.53537
2.444,-0.5343
2.446,-0.53323
2.448,-0.53217
2.45,-0.53417
2.452,-0.5331
2.454,-0.5351
2.456,-0.53403
2.458,-0.53603
2.46,-0.53802
2.462,-0.54001
2.464,-0.542
2.466,-0.54398
2.468,-0.54596
2.47,-0.551
2.472,-0.55296
2.474,-0.55799
2.476,-0.563
2.478,-0.56801
2.48,-0.573
2.482,-0.57799
2.484,-0.58296
2.486,-0.59099
2.488,-0.59594
2.49,-0.60394
2.492,-0.60887
2.494,-0.61685
2.496,-0.62481
2.498,-0.63275
2.5,-0.64375
2.502,-0.65166
2.504,-0.65955
2.506,-0.67049
2.508,-0.67835
2.51,-0.68925
2.512,-0.70013
2.514,-0.71099
2.516,-0.72183
2.518,-0.73572
2.52,-0.74651
2.522,-0.75727
2.524,-0.77109
2.526,-0.78487
2.528,-0.79556
2.53,-0.8093
2.532,-0.823
2.534,-0.83975
2.536,-0.85339
2.538,-0.86701
2.54,-0.88367
2.542,-0.9003
2.544,-0.91382
2.546,-0.93038
2.548,-0.94691
2.55,-0.96341
2.552,-0.98294
2.554,-0.99937
2.556,-1.0188
2.558,-1.0352
2.56,-1.0546
2.562,-1.0739
2.564,-1.0932
2.566,-1.1125
2.568,-1.1348
2.57,-1.154
2.572,-1.1762
2.574,-1.1984
2.576,-1.2205
2.578,-1.2426
2.58,-1.2646
2.582,-1.2866
2.584,-1.3085
2.586,-1.3335
2.588,-1.3584
2.59,-1.3833
2.592,-1.4081
2.594,-1.4329
2.596,-1.4576
2.598,-1.4853
2.6,-1.51
2.602,-1.5376
2.604,-1.5652
2.606,-1.5927
2.608,-1.6232
2.61,-1.6506
2.612,-1.681
2.614,-1.7114
2.616,-1.7417
2.618,-1.7719
2.62,-1.8052
2.622,-1.8353
2.624,-1.8684
2.626,-1.9014
2.628,-1.9375
2.63,-1.9704
2.632,-2.0063
2.634,-2.0421
2.636,-2.081
2.638,-2.1166
2.64,-2.1584
2.642,-2.197
2.644,-2.2386
2.646,-2.2801
2.648,-2.3215
2.65,-2.3659
2.652,-2.4102
2.654,-2.4575
2.656,-2.5047
2.658,-2.5518
2.66,-2.6018
2.662,-2.6549
2.664,-2.7047
2.666,-2.7576
2.668,-2.8103
2.67,-2.8629
2.672,3.3584
2.674,3.2935
2.676,3.2287
2.678,3.164
2.68,3.1025
2.682,3.0381
2.684,2.9799
2.686,2.9218
2.688,2.8639
2.69,2.8061
2.692,2.7514
2.694,2.6938
2.696,2.6425
2.698,2.5912
2.7,2.5431
2.702,2.4921
2.704,2.4442
2.706,2.3964
2.708,2.3487
2.71,2.3011
2.712,2.2566
2.714,2.2154
2.716,2.1711
2.718,2.13
2.72,2.0889
2.722,2.0449
2.724,2.0041
2.726,1.9663
2.728,1.9256
2.73,1.8881
2.732,1.8506
2.734,1.8132
2.736,1.7789
2.738,1.7416
2.74,1.7044
2.742,1.6704
2.744,1.6364
2.746,1.6025
2.748,1.5717
2.75,1.5379
2.752,1.5042
2.754,1.4736
2.756,1.4431
2.758,1.4126
2.76,1.3822
2.762,1.3518
2.764,1.3216
2.766,1.2944
2.768,1.2673
2.77,1.2372
2.772,1.2102
2.774,1.1832
2.776,1.1564
2.778,1.1326
2.78,1.1058
2.782,1.0791
2.784,1.0555
2.786,1.0319
2.788,1.0084
2.79,0.98187
2.792,0.95845
2.794,0.93815
2.796,0.91482
2.798,0.89153
2.8,0.87136
2.802,0.84817
2.804,0.82808
2.806,0.80804
2.808,0.78804
2.81,0.76807
2.812,0.74815
2.814,0.72826
2.816,0.70842
2.818,0.69168
2.82,0.67191
2.822,0.65524
2.824,0.63861
2.826,0.62201
2.828,0.60544
2.83,0.58584
2.832,0.57241
2.834,0.55594
2.836,0.53951
2.838,0.52617
2.84,0.50979
2.842,0.49652
2.844,0.48326
2.846,0.46697
2.848,0.45378
2.85,0.44062
2.852,0.42748
2.854,0.41436
2.856,0.40434
2.858,0.39127
2.86,0.3813
2.862,0.36827
2.864,0.35834
2.866,0.34843
2.868,0.33548
2.87,0.32561
2.872,0.31577
2.874,0.30901
2.876,0.30226
2.878,0.29553
2.88,0.28881
2.882,0.28516
2.884,0.27846
2.886,0.27484
2.888,0.27123
2.89,0.27069
2.892,0.26708
2.894,0.26655
2.896,0.26601
2.898,0.26548
2.9,0.26495
2.902,0.26442
2.904,0.2639
2.906,0.26643
2.908,0.2659
2.91,0.26537
2.912,0.2679
2.914,0.26737
2.916,0.26683
2.918,0.2663
2.92,0.26577
2.922,0.26524
2.924,0.26471
2.926,0.26418
2.928,0.26365
2.93,0.26312
2.932,0.25953
2.934,0.25595
2.936,0.25237
2.938,0.25187
2.94,0.24524
2.942,0.24168
2.944,0.23813
2.946,0.23459
2.948,0.228
2.95,0.22141
2.952,0.2179
2.954,0.21134
2.956,0.20479
2.958,0.19825
2.96,0.19172
2.962,0.18521
2.964,0.17871
2.966,0.17222
2.968,0.16575
2.97,0.15929
2.972,0.15284
2.974,0.1464
2.976,0.13998
2.978,0.13664
2.98,0.13023
2.982,0.12384
2.984,0.12053
2.986,0.11416
2.988,0.1078
2.99,0.10452
2.992,0.098184
2.994,0.094923
2.996,0.091668
2.998,0.085355
3,0.08212
3.002,0.078891
3.004,0.075668
3.006,0.072452
3.008,0.069242
3.01,0.066039
3.012,0.062842
3.014,0.059652
3.016,0.059533
3.018,0.056349
3.02,0.053171
3.022,0.053065
3.024,0.049894
3.026,0.04673
3.028,0.043571
3.03,0.043484
3.032,0.040333
3.034,0.040252
3.036,0.037107
3.038,0.033968
3.04,0.030835
3.042,0.030773
3.044,0.027647
3.046,0.024527
3.048,0.024478
3.05,0.021364
3.052,0.018256
3.054,0.01822
3.056,0.015119
3.058,0.012023
3.06,0.0089345
3.062,0.0089167
3.064,0.005834
3.066,0.0027574
3.068,0.0027519
3.07,-0.0003185
3.072,-0.0033828
3.074,-0.0064409
3.076,-0.006428
3.078,-0.0094801
3.08,-0.012526
3.082,-0.012501
3.084,-0.015541
3.086,-0.018575
3.088,-0.018538
3.09,-0.021566
3.092,-0.021522
3.094,-0.024544
3.096,-0.02756
3.098,-0.027505
3.1,-0.030515
3.102,-0.030454
3.104,-0.033458
3.106,-0.033391
3.108,-0.036389
3.11,-0.039382
3.112,-0.039303
3.114,-0.039224
3.116,-0.042211
3.118,-0.042127
3.12,-0.045107
3.122,-0.045017
3.124,-0.047992
3.126,-0.047896
3.128,-0.050866
3.13,-0.050764
3.132,-0.050662
3.134,-0.053626
3.136,-0.053519
3.138,-0.053412
3.14,-0.05637
3.142,-0.056258
3.144,-0.056145
3.146,-0.056033
3.148,-0.058986
3.15,-0.058868
3.152,-0.05875
3.154,-0.058633
3.156,-0.058516
3.158,-0.061464
3.16,-0.061341
3.162,-0.061219
3.164,-0.061096
3.166,-0.060974
3.168,-0.060852
3.17,-0.063796
3.172,-0.063668
3.174,-0.063541
3.176,-0.063414
3.178,-0.063287
3.18,-0.066226
3.182,-0.066093
3.184,-0.065961
3.186,-0.06583
3.188,-0.065698
3.19,-0.065567
3.192,-0.068501
3.194,-0.068364
3.196,-0.068227
3.198,-0.068091
3.2,-0.067955
3.202,-0.067819
3.204,-0.067684
3.206,-0.067548
3.208,-0.067413
3.21,-0.070344
3.212,-0.070203
3.214,-0.070063
3.216,-0.069923
3.218,-0.069783
3.22,-0.069644
3.222,-0.069505
3.224,-0.069366
3.226,-0.069227
3.228,-0.069089
3.23,-0.068951
3.232,-0.068813
3.234,-0.068675
3.236,-0.068538
3.238,-0.068401
3.24,-0.07133
3.242,-0.071187
3.244,-0.071045
3.246,-0.070903
3.248,-0.070761
3.25,-0.07062
3.252,-0.070479
3.254,-0.070338
3.256,-0.070197
3.258,-0.070057
3.26,-0.069917
3.262,-0.069777
3.264,-0.069638
3.266,-0.069499
3.268,-0.066295
3.27,-0.066163
3.272,-0.06603
3.274,-0.065899
3.276,-0.065767
3.278,-0.065636
3.28,-0.065504
3.282,-0.065373
3.284,-0.065243
3.286,-0.065113
3.288,-0.064982
3.29,-0.061788
3.292,-0.061664
3.294,-0.061541
3.296,-0.061418
3.298,-0.061295
3.3,-0.061173
3.302,-0.061051
3.304,-0.060929
3.306,-0.060807
3.308,-0.060685
3.31,-0.060564
3.312,-0.057378
3.314,-0.057264
3.316,-0.057149
3.318,-0.057035
3.32,-0.056921
3.322,-0.056807
3.324,-0.056694
3.326,-0.056581
3.328,-0.056468
3.33,-0.056355
3.332,-0.056242
3.334,-0.05613
3.336,-0.056018
3.338,-0.055906
3.34,-0.055794
3.342,-0.055683
3.344,-0.055571
3.346,-0.05546
3.348,-0.055349
3.35,-0.055239
3.352,-0.055128
3.354,-0.055018
3.356,-0.054908
3.358,-0.054799
3.36,-0.054689
3.362,-0.05458
3.364,-0.054471
3.366,-0.054362
3.368,-0.054253
3.37,-0.054145
3.372,-0.054037
3.374,-0.050864
3.376,-0.050762
3.378,-0.050661
3.38,-0.05056
3.382,-0.050459
3.384,-0.050358
3.386,-0.050257
3.388,-0.047092
3.39,-0.046998
3.392,-0.046904
3.394,-0.04681
3.396,-0.046717
3.398,-0.046623
3.4,-0.04653
3.402,-0.046437
3.404,-0.046344
3.406,-0.046252
3.408,-0.046159
3.41,-0.043002
3.412,-0.042916
3.414,-0.042831
3.416,-0.042745
3.418,-0.04266
3.42,-0.042574
3.422,-0.042489
3.424,-0.042405
3.426,-0.04232
3.428,-0.042235
3.43,-0.042151
3.432,-0.042067
3.434,-0.041983
3.436,-0.041899
3.438,-0.03875
3.44,-0.038673
3.442,-0.038595
3.444,-0.038518
3.446,-0.038441
3.448,-0.038365
3.45,-0.038288
3.452,-0.038211
3.454,-0.038135
3.456,-0.038059
3.458,-0.037983
3.46,-0.037907
3.462,-0.037831
3.464,-0.037756
3.466,-0.03768
3.468,-0.037605
3.47,-0.03753
3.472,-0.037455
3.474,-0.03738
3.476,-0.037305
3.478,-0.037231
3.48,-0.034091
3.482,-0.034023
3.484,-0.033955
3.486,-0.033887
3.488,-0.03382
3.49,-0.033752
3.492,-0.033685
3.494,-0.033617
3.496,-0.03355
3.498,-0.033483
3.5,-0.033416
3.502,-0.03335
3.504,-0.030218
3.506,-0.030158
3.508,-0.030097
3.51,-0.030037
3.512,-0.029977
3.514,-0.029917
3.516,-0.029858
3.518,-0.029798
3.52,-0.029738
3.522,-0.029679
3.524,-0.02962
3.526,-0.029561
3.528,-0.029501
3.53,-0.029442
3.532,-0.029384
3.534,-0.029325
3.536,-0.029266
3.538,-0.029208
3.54,-0.02915
3.542,-0.029091
3.544,-0.029033
3.546,-0.028975
3.548,-0.028917
3.55,-0.028859
3.552,-0.028802
3.554,-0.031809
3.556,-0.031746
3.558,-0.031682
3.56,-0.031619
3.562,-0.031556
3.564,-0.031493
3.566,-0.03143
3.568,-0.031367
3.57,-0.031304
3.572,-0.031242
3.574,-0.031179
3.576,-0.031117
3.578,-0.031055
3.58,-0.030993
3.582,-0.027866
3.584,-0.02781
3.586,-0.027755
3.588,-0.027699
3.59,-0.027644
3.592,-0.027589
3.594,-0.027534
3.596,-0.027479
3.598,-0.024359
3.6,-0.02431
3.602,-0.024262
3.604,-0.024213
3.606,-0.024165
3.608,-0.024116
3.61,-0.024068
3.612,-0.02402
3.614,-0.023972
3.616,-0.023924
3.618,-0.023876
3.62,-0.020764
3.622,-0.020722
3.624,-0.020681
3.626,-0.02064
3.628,-0.020598
3.63,-0.020557
3.632,-0.020516
3.634,-0.020475
3.636,-0.020434
3.638,-0.020393
3.64,-0.020353
3.642,-0.020312
3.644,-0.020271
3.646,-0.020231
3.648,-0.020191
3.65,-0.023215
3.652,-0.023169
3.654,-0.023122
3.656,-0.023076
3.658,-0.02303
3.66,-0.022984
3.662,-0.022938
3.664,-0.022892
3.666,-0.025911
3.668,-0.02586
3.67,-0.025808
3.672,-0.025756
3.674,-0.025705
3.676,-0.025654
3.678,-0.025602
3.68,-0.025551
3.682,-0.0255
3.684,-0.025449
3.686,-0.025398
3.688,-0.025348
3.69,-0.025297
3.692,-0.025246
3.694,-0.025196
3.696,-0.022081
3.698,-0.022037
3.7,-0.021993
3.702,-0.021949
3.704,-0.021905
3.706,-0.021861
3.708,-0.021817
3.71,-0.018709
3.712,-0.018672
3.714,-0.018634
3.716,-0.018597
3.718,-0.01856
3.72,-0.018523
3.722,-0.018486
3.724,-0.018449
3.726,-0.018412
3.728,-0.018375
3.73,-0.018338
3.732,-0.018302
3.734,-0.018265
3.736,-0.018229
3.738,-0.018192
3.74,-0.018156
3.742,-0.01812
3.744,-0.018084
3.746,-0.018047
3.748,-0.018011
3.75,-0.017975
3.752,-0.017939
3.754,-0.017904
3.756,-0.017868
3.758,-0.017832
3.76,-0.017796
3.762,-0.017761
3.764,-0.017725
3.766,-0.01769
3.768,-0.017655
3.77,-0.017619
3.772,-0.017584
3.774,-0.020614
3.776,-0.020573
3.778,-0.020532
3.78,-0.020491
3.782,-0.02045
3.784,-0.020409
3.786,-0.020368
3.788,-0.020327
3.79,-0.020287
3.792,-0.020246
3.794,-0.020206
3.796,-0.020165
3.798,-0.020125
3.8,-0.020085
3.802,-0.020045
3.804,-0.020005
3.806,-0.019965
3.808,-0.019925
3.81,-0.019885
3.812,-0.019845
3.814,-0.019806
3.816,-0.019766
3.818,-0.019727
3.82,-0.019687
3.822,-0.019648
3.824,-0.019609
3.826,-0.019569
3.828,-0.01953
3.83,-0.019491
3.832,-0.016387
3.834,-0.016355
3.836,-0.016322
3.838,-0.016289
3.84,-0.016257
3.842,-0.016224
3.844,-0.016192
3.846,-0.01616
3.848,-0.016127
3.85,-0.016095
3.852,-0.016063
3.854,-0.012966
3.856,-0.01294
3.858,-0.012914
3.86,-0.012888
3.862,-0.012863
3.864,-0.012837
3.866,-0.012811
3.868,-0.012786
3.87,-0.01276
3.872,-0.012735
3.874,-0.012709
3.876,-0.012684
3.878,-0.012658
3.88,-0.012633
3.882,-0.015673
3.884,-0.015642
3.886,-0.01561
3.888,-0.015579
3.89,-0.015548
3.892,-0.015517
3.894,-0.015486
3.896,-0.01852
3.898,-0.018483
3.9,-0.018446
3.902,-0.018409
3.904,-0.018372
3.906,-0.018336
3.908,-0.018299
3.91,-0.021327
3.912,-0.021285
3.914,-0.021242
3.916,-0.0212
3.918,-0.021157
3.92,-0.021115
3.922,-0.021073
3.924,-0.021031
3.926,-0.020989
3.928,-0.020947
3.93,-0.020905
3.932,-0.020863
3.934,-0.017757
3.936,-0.017721
3.938,-0.017686
3.94,-0.01765
3.942,-0.017615
3.944,-0.01758
3.946,-0.017545
3.948,-0.014445
3.95,-0.014416
3.952,-0.014387
3.954,-0.014358
3.956,-0.01433
3.958,-0.014301
3.96,-0.014273
3.962,-0.014244
3.964,-0.014216
3.966,-0.014187
3.968,-0.014159
3.97,-0.014131
3.972,-0.014102
3.974,-0.014074
3.976,-0.014046
3.978,-0.014018
3.98,-0.01399
3.982,-0.013962
3.984,-0.013934
3.986,-0.013906
3.988,-0.013878
3.99,-0.013851
3.992,-0.013823
3.994,-0.013795
3.996,-0.013768
3.998,-0.01374
4,-0.013713
4.002,-0.013686
4.004,-0.013658
4.006,-0.013631
4.008,-0.013604
4.01,-0.013576
4.012,-0.013549
4.014,-0.016587
4.016,-0.016554
4.018,-0.016521
4.02,-0.016488
4.022,-0.016455
4.024,-0.016422
4.026,-0.016389
4.028,-0.016357
4.03,-0.019389
4.032,-0.01935
4.034,-0.019311
4.036,-0.019273
4.038,-0.019234
4.04,-0.019196
4.042,-0.019158
4.044,-0.019119
4.046,-0.019081
4.048,-0.019043
4.05,-0.019005
4.052,-0.018967
4.054,-0.018929
4.056,-0.018891
4.058,-0.015789
4.06,-0.015757
4.062,-0.015726
4.064,-0.015694
4.066,-0.015663
4.068,-0.015631
4.07,-0.0156
4.072,-0.012504
4.074,-0.012479
4.076,-0.012454
4.078,-0.012429
4.08,-0.012405
4.082,-0.01238
4.084,-0.012355
4.086,-0.01233
4.088,-0.012306
4.09,-0.012281
4.092,-0.012257
4.094,-0.0091672
4.096,-0.0091489
4.098,-0.0091306
4.1,-0.0091123
4.102,-0.0090941
4.104,-0.009076
4.106,-0.0090578
4.108,-0.0090397
4.11,-0.0090217
4.112,-0.0090036
4.114,-0.0089856
4.116,-0.0089677
4.118,-0.012015
4.12,-0.011991
4.122,-0.011967
4.124,-0.011943
4.126,-0.011919
4.128,-0.011895
4.13,-0.011871
4.132,-0.014913
4.134,-0.014883
4.136,-0.014853
4.138,-0.014823
4.14,-0.014794
4.142,-0.014764
4.144,-0.014735
4.146,-0.01777
4.148,-0.017735
4.15,-0.017699
4.152,-0.017664
4.154,-0.017629
4.156,-0.017593
4.158,-0.017558
4.16,-0.017523
4.162,-0.017488
4.164,-0.017453
4.166,-0.017418
4.168,-0.017383
4.17,-0.017349
4.172,-0.014249
4.174,-0.014221
4.176,-0.014192
4.178,-0.014164
4.18,-0.014136
4.182,-0.014107
4.184,-0.014079
4.186,-0.010986
4.188,-0.010964
4.19,-0.010942
4.192,-0.01092
4.194,-0.010899
4.196,-0.010877
4.198,-0.010855
4.2,-0.010833
4.202,-0.010812
4.204,-0.01079
4.206,-0.010769
4.208,-0.010747
4.21,-0.010726
4.212,-0.010704
4.214,-0.010683
4.216,-0.010661
4.218,-0.01064
4.22,-0.010619
4.222,-0.010598
4.224,-0.0075116
4.226,-0.0074966
4.228,-0.0074816
4.23,-0.0074667
4.232,-0.0074518
4.234,-0.0074369
4.236,-0.007422
4.238,-0.0074072
4.24,-0.0073924
4.242,-0.0073776
4.244,-0.010428
4.246,-0.010407
4.248,-0.010386
4.25,-0.010365
4.252,-0.010345
4.254,-0.010324
4.256,-0.010303
4.258,-0.010283
4.26,-0.010262
4.262,-0.010242
4.264,-0.010221
4.266,-0.013266
4.268,-0.013239
4.27,-0.013213
4.272,-0.013186
4.274,-0.01316
4.276,-0.013134
4.278,-0.013108
4.28,-0.013081
4.282,-0.013055
4.284,-0.013029
4.286,-0.013003
4.288,-0.012977
4.29,-0.012951
4.292,-0.012925
4.294,-0.012899
4.296,-0.012874
4.298,-0.012848
4.3,-0.012822
4.302,-0.012797
4.304,-0.012771
4.306,-0.012746
4.308,-0.01272
4.31,-0.012695
4.312,-0.012669
4.314,-0.0095791
4.316,-0.00956
4.318,-0.0095409
4.32,-0.0095218
4.322,-0.0095028
4.324,-0.0094838
4.326,-0.0094649
4.328,-0.009446
4.33,-0.0094271
4.332,-0.0063434
4.334,-0.0063307
4.336,-0.006318
4.338,-0.0063054
4.34,-0.0062928
4.342,-0.0062802
4.344,-0.0062677
4.346,-0.0062552
4.348,-0.0062427
4.35,-0.0062302
4.352,-0.0062178
4.354,-0.0062053
4.356,-0.0061929
4.358,-0.0061806
4.36,-0.0061682
4.362,-0.0061559
4.364,-0.0061436
4.366,-0.0091962
4.368,-0.0091778
4.37,-0.0091595
4.372,-0.0091412
4.374,-0.0091229
4.376,-0.0091047
4.378,-0.0090865
4.38,-0.0090684
4.382,-0.0090502
4.384,-0.0090322
4.386,-0.0090141
4.388,-0.0089961
4.39,-0.012043
4.392,-0.012019
4.394,-0.011995
4.396,-0.011971
4.398,-0.011947
4.4,-0.011923
4.402,-0.011899
4.404,-0.011876
4.406,-0.011852
4.408,-0.011828
4.41,-0.011805
4.412,-0.011781
4.414,-0.011757
4.416,-0.011734
4.418,-0.011711
4.42,-0.011687
4.422,-0.0085989
4.424,-0.0085817
4.426,-0.0085645
4.428,-0.0085474
4.43,-0.0085303
4.432,-0.0085133
4.434,-0.0084963
4.436,-0.0084793
4.438,-0.0084624
4.44,-0.0084455
4.442,-0.0053637
4.444,-0.005353
4.446,-0.0053423
4.448,-0.0053316
4.45,-0.005321
4.452,-0.0053103
4.454,-0.0052997
4.456,-0.0052891
4.458,-0.0052786
4.46,-0.005268
4.462,-0.0052575
4.464,-0.005247
4.466,-0.0052365
4.468,-0.005226
4.47,-0.0052156
4.472,-0.0052052
4.474,-0.0082597
4.476,-0.0082432
4.478,-0.0082267
4.48,-0.0082103
4.482,-0.0081939
4.484,-0.0081775
4.486,-0.0081611
4.488,-0.0081448
4.49,-0.0081286
4.492,-0.0081123
4.494,-0.011161
4.496,-0.011139
4.498,-0.011116
4.5,-0.011094
4.502,-0.011072
4.504,-0.01105
4.506,-0.011028
4.508,-0.011006
4.51,-0.010984
4.512,-0.010962
4.514,-0.01094
4.516,-0.010918
4.518,-0.010896
4.52,-0.010875
4.522,-0.010853
4.524,-0.010831
4.526,-0.01081
4.528,-0.007723
4.53,-0.0077076
4.532,-0.0076922
4.534,-0.0076768
4.536,-0.0076615
4.538,-0.0076462
4.54,-0.0076309
4.542,-0.0076156
4.544,-0.0076004
4.546,-0.0075852
4.548,-0.0075701
4.55,-0.007555
4.552,-0.0075399
4.554,-0.0044599
4.556,-0.004451
4.558,-0.0044421
4.56,-0.0044332
4.562,-0.0044244
4.564,-0.0044155
4.566,-0.0044067
4.568,-0.0043979
4.57,-0.0043891
4.572,-0.0043804
4.574,-0.0043716
4.576,-0.0043629
4.578,-0.0043541
4.58,-0.0043454
4.582,-0.0074017
4.584,-0.0073869
4.586,-0.0073721
4.588,-0.0073574
4.59,-0.0073427
4.592,-0.007328
4.594,-0.0073134
4.596,-0.0072988
4.598,-0.0072842
4.6,-0.0072696
4.602,-0.0072551
4.604,-0.0072406
4.606,-0.0072261
4.608,-0.010277
4.61,-0.010256
4.612,-0.010236
4.614,-0.010215
4.616,-0.010195
4.618,-0.010174
4.62,-0.010154
4.622,-0.010134
4.624,-0.010113
4.626,-0.010093
4.628,-0.010073
4.63,-0.010053
4.632,-0.010033
4.634,-0.010013
4.636,-0.0099928
4.638,-0.0099729
4.64,-0.0068881
4.642,-0.0068743
4.644,-0.0068606
4.646,-0.0068468
4.648,-0.0068332
4.65,-0.0068195
4.652,-0.0068059
4.654,-0.0067923
4.656,-0.0067787
4.658,-0.0067652
4.66,-0.0067517
4.662,-0.0067382
4.664,-0.0036598
4.666,-0.0036525
4.668,-0.0036452
4.67,-0.0036379
4.672,-0.0036307
4.674,-0.0036234
4.676,-0.0036162
4.678,-0.0036089
4.68,-0.0036017
4.682,-0.0035945
4.684,-0.0035873
4.686,-0.0035802
4.688,-0.0066379
4.69,-0.0066247
4.692,-0.0066114
4.694,-0.0065982
4.696,-0.006585
4.698,-0.0065719
4.7,-0.0065587
4.702,-0.0065456
4.704,-0.0065326
4.706,-0.0065195
4.708,-0.0065065
4.71,-0.0064935
4.712,-0.0064805
4.714,-0.0064676
4.716,-0.0064546
4.718,-0.0064417
4.72,-0.0064289
4.722,-0.006416
4.724,-0.0064032
4.726,-0.0094553
4.728,-0.0094364
4.73,-0.0094176
4.732,-0.0093987
4.734,-0.00938
4.736,-0.0093612
4.738,-0.0093425
4.74,-0.0093239
4.742,-0.0093052
4.744,-0.0092866
4.746,-0.0092681
4.748,-0.0092496
4.75,-0.0092311
4.752,-0.0092126
4.754,-0.0091942
4.756,-0.006111
4.758,-0.0060988
4.76,-0.0060866
4.762,-0.0060744
4.764,-0.0060623
4.766,-0.0060502
4.768,-0.0060381
4.77,-0.006026
4.772,-0.006014
4.774,-0.006002
4.776,-0.00599
4.778,-0.005978
4.78,-0.005966
4.782,-0.0059541
4.784,-0.0059422
4.786,-0.0059304
4.788,-0.0059185
4.79,-0.0059067
4.792,-0.0058949
4.794,-0.0058831
4.796,-0.0058713
4.798,-0.0058596
4.8,-0.0058479
4.802,-0.0027713
4.804,-0.0027658
4.806,-0.0027603
4.808,-0.0027548
4.81,-0.0027492
4.812,-0.0027438
4.814,-0.0027383
4.816,-0.0027328
4.818,-0.0027273
4.82,-0.0027219
4.822,-0.0027165
4.824,-0.002711
4.826,-0.0027056
4.828,-0.0057651
4.83,-0.0057536
4.832,-0.0057421
4.834,-0.0057306
4.836,-0.0057192
4.838,-0.0057077
4.84,-0.0056963
4.842,-0.005685
4.844,-0.0056736
4.846,-0.0056623
4.848,-0.0056509
4.85,-0.0056397
4.852,-0.0056284
4.854,-0.0056171
4.856,-0.0056059
4.858,-0.0055947
4.86,-0.0055835
4.862,-0.0055724
4.864,-0.0055612
4.866,-0.0055501
4.868,-0.005539
4.87,-0.005528
4.872,-0.0055169
4.874,-0.0055059
4.876,-0.0054949
4.878,-0.0054839
4.88,-0.005473
4.882,-0.005462
4.884,-0.0054511
4.886,-0.0054402
4.888,-0.0054294
4.89,-0.0054185
4.892,-0.0054077
4.894,-0.0053969
4.896,-0.0053861
4.898,-0.0053753
4.9,-0.0053646
4.902,-0.002289
4.904,-0.0022844
4.906,-0.0022799
4.908,-0.0022753
4.91,-0.0022708
4.912,-0.0022662
4.914,-0.0022617
4.916,-0.0022572
4.918,-0.0022527
4.92,-0.0022482
4.922,-0.0022437
4.924,-0.0022392
4.926,-0.0022347
4.928,-0.0022302
4.93,-0.0022258
4.932,-0.0022213
4.934,-0.0022169
4.936,-0.0022125
4.938,-0.0052729
4.94,-0.0052624
4.942,-0.0052519
4.944,-0.0052414
4.946,-0.0052309
4.948,-0.0052205
4.95,-0.0052101
4.952,-0.0051996
4.954,-0.0051893
4.956,-0.0051789
4.958,-0.0051685
4.96,-0.0051582
4.962,-0.0051479
4.964,-0.0051376
4.966,-0.0051274
4.968,-0.0051171
4.97,-0.0051069
4.972,-0.0050967
4.974,-0.0050865
4.976,-0.0050763
4.978,-0.0050662
4.98,-0.0050561
4.982,-0.005046
4.984,-0.0050359
4.986,-0.0050258
4.988,-0.0050158
4.99,-0.0050058
4.992,-0.0049958
4.994,-0.0049858
4.996,-0.0049758
4.998,-0.0049659
5,-0.004956
5.002,-0.0049461
5.004,-0.0049362
5.006,-0.0049263
5.008,-0.0049165
5.01,-0.0049066
5.012,-0.0048968
5.014,-0.0048871
5.016,-0.0048773
5.018,-0.0048675
5.02,-0.0048578
5.022,-0.0048481
5.024,-0.0048384
5.026,-0.0048288
5.028,-0.0048191
5.03,-0.0048095
5.032,-0.0047999
5.034,-0.0017254
5.036,-0.0017219
5.038,-0.0017185
5.04,-0.0017151
5.042,-0.0017116
5.044,-0.0017082
5.046,-0.0017048
5.048,-0.0017014
5.05,-0.001698
5.052,-0.0016946
5.054,-0.0016912
5.056,-0.0016878
5.058,-0.0016845
5.06,-0.0016811
5.062,-0.0016777
5.064,-0.0016744
5.066,-0.0047359
5.068,-0.0047265
5.07,-0.004717
5.072,-0.0047076
5.074,-0.0046982
5.076,-0.0046888
5.078,-0.0046795
5.08,-0.0046701
5.082,-0.0046608
5.084,-0.0046515
5.086,-0.0046422
5.088,-0.0046329
5.09,-0.0046236
5.092,-0.0046144
5.094,-0.0046052
5.096,-0.004596
5.098,-0.0045868
5.1,-0.0045776
5.102,-0.0045685
5.104,-0.0045594
5.106,-0.0045502
5.108,-0.0045412
5.11,-0.0045321
5.112,-0.004523
5.114,-0.004514
5.116,-0.004505
5.118,-0.004496
5.12,-0.004487
5.122,-0.004478
5.124,-0.0044691
5.126,-0.0044601
5.128,-0.0044512
5.13,-0.0044423
5.132,-0.0044335
5.134,-0.0044246
5.136,-0.0044158
5.138,-0.0044069
5.14,-0.0043981
5.142,-0.0043894
5.144,-0.0043806
5.146,-0.0043718
5.148,-0.0043631
5.15,-0.0043544
5.152,-0.0043457
5.154,-0.004337
5.156,-0.0043283
5.158,-0.0043197
5.16,-0.004311
5.162,-0.0043024
5.164,-0.0042938
5.166,-0.0042853
5.168,-0.0042767
5.17,-0.0042682
5.172,-0.0042596
5.174,-0.0042511
5.176,-0.0042426
5.178,-0.0042341
5.18,-0.0042257
5.182,-0.0042172
5.184,-0.0042088
5.186,-0.0042004
5.188,-0.004192
5.19,-0.0041836
5.192,-0.0041753
5.194,-0.0041669
5.196,-0.0041586
5.198,-0.0041503
5.2,-0.004142
5.202,-0.0041337
5.204,-0.0010606
5.206,-0.0010585
5.208,-0.0010563
5.21,-0.0010542
5.212,-0.0010521
5.214,-0.00105
5.216,-0.0010479
5.218,-0.0010458
5.22,-0.0010437
5.222,-0.0010417
5.224,-0.0010396
5.226,-0.0010375
5.228,-0.0010354
5.23,-0.0010334
5.232,-0.0010313
5.234,-0.0010292
5.236,-0.0010272
5.238,-0.0010251
5.24,-0.0010231
5.242,-0.001021
5.244,-0.001019
5.246,-0.001017
5.248,-0.0010149
5.25,-0.0010129
5.252,-0.0010109
5.254,-0.0040738
5.256,-0.0040656
5.258,-0.0040575
5.26,-0.0040494
5.262,-0.0040413
5.264,-0.0040332
5.266,-0.0040252
5.268,-0.0040171
5.27,-0.0040091
5.272,-0.0040011
5.274,-0.0039931
5.276,-0.0039851
5.278,-0.0039771
5.28,-0.0039692
5.282,-0.0039613
5.284,-0.0039534
5.286,-0.0039455
5.288,-0.0039376
5.29,-0.0039297
5.292,-0.0039219
5.294,-0.003914
5.296,-0.0039062
5.298,-0.0038984
5.3,-0.0038906
5.302,-0.0038828
5.304,-0.0038751
5.306,-0.0038673
5.308,-0.0007947
5.31,-0.00079312
5.312,-0.00079153
5.314,-0.00078995
5.316,-0.00078837
5.318,-0.0007868
5.32,-0.00078523
5.322,-0.00078366
5.324,-0.00078209
5.326,-0.00078053
5.328,-0.00077897
5.33,-0.00077741
5.332,-0.00077586
5.334,-0.00077431
5.336,-0.00077276
5.338,-0.0038361
5.34,-0.0038284
5.342,-0.0038208
5.344,-0.0038132
5.346,-0.0038055
5.348,-0.0037979
5.35,-0.0037904
5.352,-0.0037828
5.354,-0.0037752
5.356,-0.0037677
5.358,-0.0037602
5.36,-0.0037526
5.362,-0.0037451
5.364,-0.0037377
5.366,-0.0037302
5.368,-0.0037227
5.37,-0.0037153
5.372,-0.0037079
5.374,-0.0037005
5.376,-0.0036931
5.378,-0.0036857
5.38,-0.0036783
5.382,-0.003671
5.384,-0.0036637
5.386,-0.0036563
5.388,-0.003649
5.39,-0.0036417
5.392,-0.0036345
5.394,-0.0036272
5.396,-0.0036199
5.398,-0.0036127
5.4,-0.0036055
5.402,-0.0035983
5.404,-0.0035911
5.406,-0.0035839
5.408,-0.0035768
5.41,-0.0035696
5.412,-0.0035625
5.414,-0.0035554
5.416,-0.0035483
5.418,-0.0035412
5.42,-0.0035341
5.422,-0.003527
5.424,-0.00352
5.426,-0.003513
5.428,-0.0035059
5.43,-0.0034989
5.432,-0.0034919
5.434,-0.003485
5.436,-0.003478
5.438,-0.0034711
5.44,-0.0034641
5.442,-0.0034572
5.444,-0.0034503
5.446,-0.0034434
5.448,-0.0034365
5.45,-0.00036476
5.452,-0.00036403
5.454,-0.0003633
5.456,-0.00036258
5.458,-0.00036185
5.46,-0.00036113
5.462,-0.00036041
5.464,-0.00035969
5.466,-0.00035897
5.468,-0.00035825
5.47,-0.00035754
5.472,-0.00035682
5.474,-0.00035611
5.476,-0.0003554
5.478,-0.00035469
5.48,-0.00035398
5.482,-0.00035327
5.484,-0.00035257
5.486,-0.00035186
5.488,-0.00035116
5.49,-0.00035046
5.492,-0.00034976
5.494,-0.003414
5.496,-0.0034071
5.498,-0.0034003
5.5,-0.0033935
5.502,-0.0033868
5.504,-0.00338
5.506,-0.0033732
5.508,-0.0033665
5.51,-0.0033598
5.512,-0.0033531
5.514,-0.0033464
5.516,-0.0033397
5.518,-0.003333
5.52,-0.0033263
5.522,-0.0033197
5.524,-0.0033131
5.526,-0.0033064
5.528,-0.0032998
5.53,-0.0032932
5.532,-0.0032867
5.534,-0.0032801
5.536,-0.0032735
5.538,-0.003267
5.54,-0.0032605
5.542,-0.003254
5.544,-0.0032475
5.546,-0.003241
5.548,-0.0032345
5.55,-0.003228
5.552,-0.0032216
5.554,-0.0032151
5.556,-0.0032087
5.558,-0.0032023
5.56,-0.0031959
5.562,-0.0031895
5.564,-0.0031832
5.566,-0.0031768
5.568,-0.0031704
5.57,-0.0031641
5.572,-0.0031578
5.574,-0.0031515
5.576,-0.0031452
5.578,-0.0031389
5.58,-6.7728e-05
5.582,-6.7593e-05
5.584,-6.7458e-05
5.586,-6.7323e-05
5.588,-6.7189e-05
5.59,-6.7054e-05
5.592,-6.692e-05
5.594,-6.6787e-05
5.596,-6.6653e-05
5.598,-6.652e-05
5.6,-6.6387e-05
5.602,-6.6254e-05
5.604,-6.6122e-05
5.606,-6.599e-05
5.608,-6.5858e-05
5.61,-6.5727e-05
5.612,-6.5595e-05
5.614,-6.5464e-05
5.616,-6.5333e-05
5.618,-6.5203e-05
5.62,-6.5073e-05
5.622,-0.0031298
5.624,-0.0031236
5.626,-0.0031173
5.628,-0.0031111
5.63,-0.0031049
5.632,-0.0030987
5.634,-0.0030925
5.636,-0.0030863
5.638,-0.0030802
5.64,-0.003074
5.642,-0.0030679
5.644,-0.0030617
5.646,-0.0030556
5.648,-0.0030495
5.65,-0.0030434
5.652,-0.0030373
5.654,-0.0030313
5.656,-0.0030252
5.658,-0.0030192
5.66,-0.0030131
5.662,-0.0030071
5.664,-0.0030011
5.666,-0.0029951
5.668,-0.0029891
5.67,-0.0029832
5.672,-0.0029772
5.674,-0.0029712
5.676,-0.0029653
5.678,-0.0029594
5.68,-0.0029535
5.682,-0.0029476
5.684,-0.0029417
5.686,-0.0029358
5.688,-0.0029299
5.69,-0.0029241
5.692,-0.0029182
5.694,-0.0029124
5.696,-0.0029066
5.698,-0.0029008
5.7,-0.002895
5.702,0.00017569
5.704,0.00017534
5.706,0.00017499
5.708,0.00017464
5.71,0.00017429
5.712,0.00017394
5.714,0.0001736
5.716,0.00017325
5.718,0.0001729
5.72,0.00017256
5.722,0.00017221
5.724,0.00017187
5.726,0.00017152
5.728,0.00017118
5.73,0.00017084
5.732,0.0001705
5.734,0.00017016
5.736,0.00016982
5.738,0.00016948
5.74,0.00016914
5.742,0.0001688
5.744,-0.0028964
5.746,-0.0028906
5.748,-0.0028849
5.75,-0.0028791
5.752,-0.0028734
5.754,-0.0028676
5.756,-0.0028619
5.758,-0.0028562
5.76,-0.0028505
5.762,-0.0028448
5.764,-0.0028391
5.766,-0.0028334
5.768,-0.0028277
5.77,-0.0028221
5.772,-0.0028165
5.774,-0.0028108
5.776,-0.0028052
5.778,-0.0027996
5.78,-0.002794
5.782,-0.0027884
5.784,-0.0027829
5.786,-0.0027773
5.788,-0.0027718
5.79,-0.0027662
5.792,-0.0027607
5.794,-0.0027552
5.796,-0.0027497
5.798,-0.0027442
5.8,-0.0027387
5.802,-0.0027332
5.804,-0.0027278
5.806,-0.0027223
5.808,-0.0027169
5.81,-0.0027114
5.812,-0.002706
5.814,-0.0027006
5.816,-0.0026952
5.818,-0.0026898
5.82,-0.0026845
5.822,-0.0026791
5.824,-0.0026737
5.826,-0.0026684
5.828,-0.0026631
5.83,-0.0026577
5.832,-0.0026524
5.834,-0.0026471
5.836,0.00042305
5.838,0.0004222
5.84,0.00042136
5.842,0.00042052
5.844,0.00041968
5.846,0.00041884
5.848,0.000418
5.85,0.00041716
5.852,0.00041633
5.854,0.0004155
5.856,0.00041467
5.858,0.00041384
5.86,0.00041301
5.862,0.00041219
5.864,0.00041137
5.866,0.00041054
5.868,0.00040972
5.87,0.0004089
5.872,0.00040809
5.874,-0.0026576
5.876,-0.0026523
5.878,-0.002647
5.88,-0.0026417
5.882,-0.0026364
5.884,-0.0026312
5.886,-0.0026259
5.888,-0.0026207
5.89,-0.0026154
5.892,-0.0026102
5.894,-0.002605
5.896,-0.0025998
5.898,-0.0025946
5.9,-0.0025894
5.902,-0.0025842
5.904,-0.0025791
5.906,-0.0025739
5.908,-0.0025688
5.91,-0.0025637
5.912,-0.0025585
5.914,-0.0025534
5.916,-0.0025483
5.918,-0.0025432
5.92,-0.0025381
5.922,-0.0025331
5.924,-0.002528
5.926,-0.002523
5.928,-0.0025179
5.93,-0.0025129
5.932,-0.0025079
5.934,-0.0025029
5.936,-0.0024979
5.938,-0.0024929
5.94,-0.0024879
5.942,-0.0024829
5.944,-0.002478
5.946,-0.002473
5.948,-0.0024681
5.95,-0.0024631
5.952,-0.0024582
5.954,-0.0024533
5.956,-0.0024484
5.958,-0.0024435
5.96,-0.0024386
5.962,-0.0024337
5.964,-0.0024289
5.966,-0.002424
5.968,-0.0024192
5.97,-0.0024144
5.972,-0.0024095
5.974,-0.0024047
5.976,-0.0023999
5.978,-0.0023951
5.98,-0.0023903
5.982,-0.0023856
5.984,0.00068411
5.986,0.00068274
5.988,0.00068138
5.99,0.00068001
5.992,0.00067866
5.994,0.0006773
5.996,0.00067595
5.998,0.0006746
6,0.00067325
6.002,0.0006719
6.004,0.00067056
6.006,0.00066922
6.008,0.00066788
6.01,0.00066655
6.012,0.00066522
6.014,0.00066389
6.016,-0.0024023
6.018,-0.0023975
6.02,-0.0023927
6.022,-0.002388
6.024,-0.0023832
6.026,-0.0023784
6.028,-0.0023737
6.03,-0.0023689
6.032,-0.0023642
6.034,-0.0023595
6.036,-0.0023548
6.038,-0.0023501
6.04,-0.0023454
6.042,-0.0023407
6.044,-0.002336
6.046,-0.0023313
6.048,-0.0023267
6.05,-0.002322
6.052,-0.0023174
6.054,-0.0023128
6.056,-0.0023081
6.058,-0.0023035
6.06,-0.0022989
6.062,-0.0022943
6.064,-0.0022897
6.066,-0.0022852
6.068,-0.0022806
6.07,-0.002276
6.072,-0.0022715
6.074,-0.002267
6.076,-0.0022624
6.078,-0.0022579
6.08,-0.0022534
6.082,-0.0022489
6.084,0.00082049
6.086,0.00081885
6.088,0.00081721
6.09,0.00081558
6.092,0.00081395
6.094,0.00081233
6.096,0.0008107
6.098,0.00080908
6.1,0.00080747
6.102,0.00080585
6.104,0.00080424
6.106,0.00080264
6.108,0.00080103
6.11,0.00079943
6.112,0.00079783
6.114,-0.0022687
6.116,-0.0022641
6.118,-0.0022596
6.12,-0.0022551
6.122,-0.0022506
6.124,-0.0022461
6.126,-0.0022416
6.128,-0.0022371
6.13,-0.0022326
6.132,-0.0022282
6.134,-0.0022237
6.136,-0.0022193
6.138,-0.0022149
6.14,-0.0022104
6.142,-0.002206
6.144,-0.0022016
6.146,-0.0021972
6.148,-0.0021928
6.15,-0.0021884
6.152,-0.0021841
6.154,-0.0021797
6.156,-0.0021753
6.158,-0.002171
6.16,-0.0021667
6.162,-0.0021623
6.164,-0.002158
6.166,-0.0021537
6.168,-0.0021494
6.17,-0.0021451
6.172,-0.0021408
6.174,-0.0021365
6.176,-0.0021323
6.178,-0.002128
6.18,-0.0021238
6.182,-0.0021195
6.184,-0.0021153
6.186,-0.0021111
6.188,-0.0021068
6.19,-0.0021026
6.192,-0.0020984
6.194,-0.0020942
6.196,-0.00209
6.198,-0.0020859
6.2,-0.0020817
6.202,-0.0020775
6.204,-0.0020734
6.206,-0.0020693
6.208,-0.0020651
6.21,-0.002061
6.212,-0.0020569
6.214,-0.0020528
6.216,-0.0020487
6.218,-0.0020446
6.22,-0.0020405
6.222,-0.0020364
6.224,0.0010326
6.226,0.0010305
6.228,0.0010284
6.23,0.0010264
6.232,0.0010243
6.234,0.0010223
6.236,0.0010202
6.238,0.0010182
6.24,0.0010162
6.242,0.0010141
6.244,0.0010121
6.246,0.0010101
6.248,0.0010081
6.25,0.0010061
6.252,0.001004
6.254,0.001002
6.256,0.001
6.258,0.00099804
6.26,0.00099605
6.262,0.00099406
6.264,0.00099207
6.266,-0.0020748
6.268,-0.0020707
6.27,-0.0020665
6.272,-0.0020624
6.274,-0.0020583
6.276,-0.0020542
6.278,-0.0020501
6.28,-0.002046
6.282,-0.0020419
6.284,-0.0020378
6.286,-0.0020337
6.288,-0.0020297
6.29,-0.0020256
6.292,-0.0020216
6.294,-0.0020175
6.296,-0.0020135
6.298,-0.0020095
6.3,-0.0020055
6.302,-0.0020014
6.304,-0.0019974
6.306,-0.0019935
6.308,-0.0019895
6.31,-0.0019855
6.312,-0.0019815
6.314,-0.0019776
6.316,-0.0019736
6.318,-0.0019697
6.32,-0.0019657
6.322,-0.0019618
6.324,-0.0019579
6.326,-0.001954
6.328,-0.0019501
6.33,-0.0019462
6.332,-0.0019423
6.334,-0.0019384
6.336,-0.0019345
6.338,-0.0019307
6.34,-0.0019268
6.342,-0.001923
6.344,-0.0019191
6.346,-0.0019153
6.348,-0.0019115
6.35,-0.0019076
6.352,-0.0019038
6.354,-0.0019
6.356,-0.0018962
6.358,-0.0018924
6.36,-0.0018887
6.362,-0.0018849
6.364,-0.0018811
6.366,-0.0018774
6.368,-0.0018736
6.37,-0.0018699
6.372,-0.0018661
6.374,-0.0018624
6.376,-0.0018587
6.378,-0.001855
6.38,-0.0049162
6.382,-0.0049063
6.384,-0.0048965
6.386,-0.0048868
6.388,-0.004877
6.39,-0.0048672
6.392,-0.0048575
6.394,-0.0048478
6.396,-0.0048381
6.398,-0.0048285
6.4,-0.0017539
6.402,-0.0017504
6.404,-0.0017469
6.406,-0.0017434
6.408,-0.0017399
6.41,-0.0017365
6.412,-0.001733
6.414,-0.0017295
6.416,0.0013388
6.418,0.0013361
6.42,0.0013335
6.422,0.0013308
6.424,0.0013282
6.426,0.0013255
6.428,0.0013228
6.43,0.0013202
6.432,0.0013176
6.434,0.0043798
6.436,0.0043711
6.438,0.0043623
6.44,0.0043536
6.442,0.0043449
6.444,0.0043363
6.446,0.0043276
6.448,0.0043189
6.45,0.0043103
6.452,0.0012368
6.454,0.0012343
6.456,0.0012319
6.458,0.0012294
6.46,0.0012269
6.462,0.0012245
6.464,0.0012221
6.466,0.0012196
6.468,-0.0018477
6.47,-0.001844
6.472,-0.0018403
6.474,-0.0018367
6.476,-0.001833
6.478,-0.0018293
6.48,-0.0018257
6.482,-0.001822
6.484,-0.0018184
6.486,-0.0018148
6.488,-0.0018111
6.49,-0.0018075
6.492,-0.0018039
6.494,-0.0018003
6.496,-0.0017967
6.498,-0.0017931
6.5,-0.0017895
6.502,-0.001786
6.504,-0.0017824
6.506,-0.0017788
6.508,-0.0017753
6.51,-0.0017717
6.512,-0.0017682
6.514,-0.0017647
6.516,-0.0017611
6.518,-0.0017576
6.52,-0.0017541
6.522,-0.0017506
6.524,-0.0017471
6.526,-0.0017436
6.528,0.0013248
6.53,0.0013221
6.532,0.0013195
6.534,0.0013169
6.536,0.0013142
6.538,0.0013116
6.54,0.001309
6.542,0.0013064
6.544,0.0013037
6.546,0.0013011
6.548,0.0012985
6.55,0.0012959
6.552,0.0012934
6.554,0.0012908
6.556,0.0012882
6.558,0.0012856
6.56,0.0012831
6.562,0.0012805
6.564,0.0012779
6.566,-0.0017895
6.568,-0.0017859
6.57,-0.0017824
6.572,-0.0017788
6.574,-0.0017753
6.576,-0.0017717
6.578,-0.0017682
6.58,-0.0017646
6.582,-0.0017611
6.584,-0.0017576
6.586,-0.0017541
6.588,-0.0017506
6.59,-0.0017471
6.592,-0.0017436
6.594,-0.0017401
6.596,-0.0017366
6.598,-0.0017332
6.6,-0.0017297
6.602,-0.0017262
6.604,-0.0017228
6.606,-0.0017194
6.608,-0.0017159
6.61,-0.0017125
6.612,-0.0017091
6.614,-0.0017057
6.616,-0.0017022
6.618,-0.0016988
6.62,-0.0016954
6.622,-0.0016921
6.624,-0.0016887
6.626,-0.0016853
6.628,-0.0016819
6.63,-0.0016786
6.632,-0.0016752
6.634,-0.0016719
6.636,0.0013964
6.638,0.0013936
6.64,0.0013908
6.642,0.001388
6.644,0.0013852
6.646,0.0013825
6.648,0.0013797
6.65,0.0013769
6.652,0.0013742
6.654,0.0013715
6.656,0.0013687
6.658,0.001366
6.66,0.0013632
6.662,0.0013605
6.664,0.0013578
6.666,0.0013551
6.668,0.0013524
6.67,0.0013497
6.672,0.001347
6.674,0.0013443
6.676,0.0013416
6.678,0.0013389
6.68,0.0013363
6.682,0.0013336
6.684,0.0013309
6.686,0.0013283
6.688,0.0013256
6.69,0.001323
6.692,-0.0017446
6.694,-0.0017411
6.696,-0.0017376
6.698,-0.0017341
6.7,-0.0017307
6.702,-0.0017272
6.704,-0.0017238
6.706,-0.0017203
6.708,-0.0017169
6.71,-0.0017135
6.712,-0.00171
6.714,-0.0017066
6.716,-0.0017032
6.718,-0.0016998
6.72,-0.0016964
6.722,-0.001693
6.724,-0.0016896
6.726,-0.0016863
6.728,-0.0016829
6.73,0.0013854
6.732,0.0013826
6.734,0.0013798
6.736,0.0013771
6.738,0.0013743
6.74,0.0013716
6.742,0.0013688
6.744,0.0013661
6.746,0.0013634
6.748,0.0013607
6.75,0.0013579
6.752,0.0013552
6.754,0.0013525
6.756,0.0013498
6.758,0.0013471
6.76,0.0013444
6.762,0.0013417
6.764,-0.0017258
6.766,-0.0017224
6.768,-0.001719
6.77,-0.0017155
6.772,-0.0017121
6.774,-0.0017087
6.776,-0.0017053
6.778,-0.0017019
6.78,-0.0016984
6.782,-0.0016951
6.784,-0.0016917
6.786,-0.0016883
6.788,-0.0016849
6.79,-0.0016815
6.792,-0.0016782
6.794,-0.0016748
6.796,-0.0016715
6.798,-0.0016682
6.8,-0.0016648
6.802,-0.0016615
6.804,-0.0016582
6.806,-0.0016549
6.808,-0.0016516
6.81,-0.0016483
6.812,-0.001645
6.814,-0.0016417
6.816,-0.0016384
6.818,-0.0016351
6.82,-0.0016319
6.822,-0.0016286
6.824,-0.0016253
6.826,-0.0016221
6.828,-0.0016188
6.83,-0.0016156
6.832,-0.0016124
6.834,-0.0016092
6.836,-0.001606
6.838,-0.0016027
6.84,-0.0015995
6.842,-0.0015963
6.844,0.0014717
6.846,0.0014688
6.848,0.0014659
6.85,0.0014629
6.852,0.00146
6.854,0.0014571
6.856,0.0014542
6.858,0.0014513
6.86,0.0014484
6.862,0.0014455
6.864,0.0014426
6.866,0.0014397
6.868,0.0014368
6.87,0.001434
6.872,0.0014311
6.874,0.0014282
6.876,0.0014254
6.878,0.0014225
6.88,-0.0016452
6.882,-0.0016419
6.884,-0.0016386
6.886,-0.0016354
6.888,-0.0016321
6.89,-0.0016288
6.892,-0.0016256
6.894,-0.0016223
6.896,-0.0016191
6.898,-0.0016158
6.9,-0.0016126
6.902,-0.0016094
6.904,-0.0016062
6.906,-0.001603
6.908,-0.0015998
6.91,-0.0015966
6.912,-0.0015934
6.914,-0.0015902
6.916,-0.001587
6.918,-0.0015839
6.92,-0.0015807
6.922,-0.0015775
6.924,-0.0015744
6.926,-0.0015712
6.928,-0.0015681
6.93,-0.001565
6.932,-0.0015618
6.934,-0.0015587
6.936,-0.0015556
6.938,-0.0015525
6.94,-0.0015494
6.942,-0.0015463
6.944,0.0015217
6.946,0.0015187
6.948,0.0015156
6.95,0.0015126
6.952,0.0015096
6.954,0.0015066
6.956,0.0015035
6.958,0.0015005
6.96,0.0014975
6.962,0.0014946
6.964,0.0014916
6.966,0.0014886
6.968,0.0014856
6.97,0.0014826
6.972,0.0014797
6.974,0.0014767
6.976,0.0014738
6.978,0.0014708
6.98,0.0014679
6.982,0.001465
6.984,0.001462
6.986,0.0014591
6.988,0.0014562
6.99,0.0014533
6.992,0.0014504
6.994,0.0014475
6.996,0.0014446
6.998,0.0014417
7,0.0014388
7.002,0.0014359
7.004,0.0014331
7.006,0.0014302
7.008,0.0014274
7.01,-0.0016404
7.012,-0.0016371
7.014,-0.0016338
7.016,-0.0016306
7.018,-0.0016273
7.02,-0.0016241
7.022,-0.0016208
7.024,-0.0016176
7.026,-0.0016144
7.028,-0.0016111
7.03,-0.0016079
7.032,-0.0016047
7.034,-0.0016015
7.036,-0.0015983
7.038,-0.0015951
7.04,-0.0015919
7.042,-0.0015887
7.044,0.0014793
7.046,0.0014764
7.048,0.0014734
7.05,0.0014705
7.052,0.0014676
7.054,0.0014646
7.056,0.0014617
7.058,0.0014588
7.06,0.0014559
7.062,0.001453
7.064,0.00145
7.066,0.0014472
7.068,0.0014443
7.07,0.0014414
7.072,0.0014385
7.074,0.0014356
7.076,0.0014328
7.078,0.0014299
7.08,0.001427
7.082,0.0014242
7.084,0.0014213
7.086,0.0014185
7.088,0.0014157
7.09,0.0014128
7.092,0.00141
7.094,0.0014072
7.096,0.0014044
7.098,0.0014016
7.1,0.0013988
7.102,0.001396
7.104,0.0013932
7.106,0.0013904
7.108,0.0013876
7.11,0.0013849
7.112,0.0013821
7.114,-0.0016856
7.116,-0.0016822
7.118,-0.0016788
7.12,-0.0016755
7.122,-0.0016721
7.124,-0.0016688
7.126,-0.0016655
7.128,-0.0016621
7.13,-0.0016588
7.132,-0.0016555
7.134,-0.0016522
7.136,-0.0016489
7.138,-0.0016456
7.14,-0.0016423
7.142,-0.001639
7.144,-0.0016358
7.146,-0.0016325
7.148,0.0014357
7.15,0.0014328
7.152,0.0014299
7.154,0.0014271
7.156,0.0014242
7.158,0.0014214
7.16,0.0014186
7.162,0.0014157
7.164,0.0014129
7.166,0.0014101
7.168,0.0014072
7.17,0.0014044
7.172,0.0014016
7.174,0.0013988
7.176,0.001396
7.178,0.0013932
7.18,0.0013905
7.182,0.0013877
7.184,0.0013849
7.186,0.0013821
7.188,-0.0016855
7.19,-0.0016821
7.192,-0.0016788
7.194,-0.0016754
7.196,-0.0016721
7.198,-0.0016687
7.2,-0.0016654
7.202,-0.0016621
7.204,-0.0016588
7.206,-0.0016554
7.208,-0.0016521
7.21,-0.0016488
7.212,-0.0016455
7.214,-0.0016423
7.216,-0.001639
7.218,-0.0016357
7.22,-0.0016324
7.222,-0.0016292
7.224,-0.0016259
7.226,-0.0016227
7.228,-0.0016194
7.23,-0.0016162
7.232,-0.001613
7.234,-0.0016097
7.236,-0.0016065
7.238,-0.0016033
7.24,-0.0016001
7.242,-0.0015969
7.244,-0.0015937
7.246,-0.0015905
7.248,-0.0015874
7.25,-0.0015842
7.252,-0.001581
7.254,-0.0015779
7.256,-0.0015747
7.258,-0.0015716
7.26,-0.0015684
7.262,-0.0015653
7.264,-0.0015622
7.266,-0.001559
7.268,-0.0015559
7.27,-0.0015528
7.272,-0.0015497
7.274,-0.0015466
7.276,-0.0015435
7.278,-0.0015404
7.28,-0.0015374
7.282,-0.0015343
7.284,-0.0015312
7.286,-0.0015282
7.288,-0.0015251
7.29,-0.0015221
7.292,-0.001519
7.294,-0.001516
7.296,-0.001513
7.298,-0.0015099
7.3,-0.0015069
7.302,-0.0015039
7.304,-0.0015009
7.306,-0.0014979
7.308,-0.0014949
7.31,-0.0014919
7.312,-0.0014889
7.314,-0.001486
7.316,-0.001483
7.318,-0.00148
7.32,-0.0014771
7.322,-0.0014741
7.324,-0.0014712
7.326,-0.0045331
7.328,-0.0045241
7.33,-0.004515
7.332,-0.004506
7.334,-0.004497
7.336,-0.004488
7.338,-0.0044791
7.34,-0.0044701
7.342,-0.0044612
7.344,-0.0044523
7.346,-0.0044434
7.348,-0.0013696
7.35,-0.0013669
7.352,-0.0013641
7.354,-0.0013614
7.356,-0.0013587
7.358,-0.001356
7.36,-0.0013533
7.362,0.0017143
7.364,0.0017109
7.366,0.0017075
7.368,0.0017041
7.37,0.0017007
7.372,0.0016973
7.374,0.0016939
7.376,0.0016905
7.378,0.0016871
7.38,0.0016837
7.382,0.0047453
7.384,0.0047358
7.386,0.0047263
7.388,0.0047169
7.39,0.0047075
7.392,0.0046981
7.394,0.0046887
7.396,0.0046793
7.398,0.00467
7.4,0.0015957
7.402,0.0015925
7.404,0.0015894
7.406,0.0015862
7.408,0.001583
7.41,0.0015799
7.412,0.0015767
7.414,0.0015735
7.416,0.0015704
7.418,-0.0014976
7.42,-0.0014946
7.422,-0.0014917
7.424,-0.0014887
7.426,-0.0014857
7.428,-0.0014827
7.43,-0.0014798
7.432,-0.0014768
7.434,-0.0014739
7.436,-0.0014709
7.438,-0.001468
7.44,-0.001465
7.442,-0.0014621
7.444,-0.0014592
7.446,-0.0014563
7.448,-0.0014534
7.45,-0.0014505
7.452,-0.0014476
7.454,-0.0014447
7.456,-0.0014418
7.458,-0.0014389
7.46,-0.001436
7.462,-0.0014332
7.464,-0.0014303
7.466,-0.0014274
7.468,-0.0014246
7.47,-0.0014217
7.472,-0.0014189
7.474,-0.0014161
7.476,-0.0014132
7.478,-0.0014104
7.48,0.0016573
7.482,0.001654
7.484,0.0016507
7.486,0.0016474
7.488,0.0016441
7.49,0.0016408
7.492,0.0016375
7.494,0.0016343
7.496,0.001631
7.498,0.0016277
7.5,0.0016245
7.502,0.0016212
7.504,0.001618
7.506,0.0016148
7.508,0.0016115
7.51,0.0016083
7.512,0.0016051
7.514,0.0016019
7.516,0.0015987
7.518,0.0015955
7.52,0.0015923
7.522,0.0015891
7.524,0.001586
7.526,0.0015828
7.528,0.0015796
7.53,0.0015765
7.532,0.0015733
7.534,0.0015702
7.536,0.001567
7.538,0.0015639
7.54,0.0015608
7.542,0.0015577
7.544,0.0015546
7.546,0.0015514
7.548,0.0015483
7.55,0.0015453
7.552,0.0015422
7.554,0.0015391
7.556,0.001536
7.558,0.0015329
7.56,0.0015299
7.562,0.0015268
7.564,0.0015238
7.566,0.0015207
7.568,0.0015177
7.57,0.0015147
7.572,0.0015116
7.574,0.0015086
7.576,0.0015056
7.578,0.0015026
7.58,0.0014996
7.582,-0.0015683
7.584,-0.0015652
7.586,-0.001562
7.588,-0.0015589
7.59,-0.0015558
7.592,-0.0015527
7.594,-0.0015496
7.596,-0.0015465
7.598,-0.0015434
7.6,-0.0015403
7.602,-0.0015373
7.604,-0.0015342
7.606,-0.0015311
7.608,-0.0015281
7.61,-0.001525
7.612,-0.001522
7.614,-0.0015189
7.616,-0.0015159
7.618,-0.0015129
7.62,0.0015551
7.622,0.001552
7.624,0.0015489
7.626,0.0015458
7.628,0.0015427
7.63,0.0015396
7.632,0.0015365
7.634,0.0015334
7.636,0.0015304
7.638,0.0015273
7.64,0.0015243
7.642,0.0015212
7.644,0.0015182
7.646,0.0015152
7.648,0.0015121
7.65,0.0015091
7.652,0.0015061
7.654,0.0015031
7.656,0.0015001
7.658,0.0014971
7.66,0.0014941
7.662,0.0014911
7.664,0.0014881
7.666,0.0014852
7.668,0.0014822
7.67,-0.0015857
7.672,-0.0015825
7.674,-0.0015793
7.676,-0.0015762
7.678,-0.001573
7.68,-0.0015699
7.682,-0.0015668
7.684,-0.0015636
7.686,-0.0015605
7.688,-0.0015574
7.69,-0.0015543
7.692,-0.0015512
7.694,-0.0015481
7.696,-0.001545
7.698,-0.0015419
7.7,-0.0015388
7.702,-0.0015357
7.704,-0.0015327
7.706,-0.0015296
7.708,-0.0015265
7.71,-0.0015235
7.712,-0.0015205
7.714,-0.0015174
7.716,-0.0015144
7.718,-0.0015114
7.72,-0.0015083
7.722,0.0015596
7.724,0.0015565
7.726,0.0015533
7.728,0.0015502
7.73,0.0015471
7.732,0.0015441
7.734,0.001541
7.736,0.0015379
7.738,0.0015348
7.74,0.0015318
7.742,0.0015287
7.744,0.0015256
7.746,0.0015226
7.748,0.0015195
7.75,0.0015165
7.752,0.0015135
7.754,0.0015105
7.756,0.0015074
7.758,0.0015044
7.76,-0.0015635
7.762,-0.0015604
7.764,-0.0015572
7.766,-0.0015541
7.768,-0.001551
7.77,-0.0015479
7.772,-0.0015448
7.774,-0.0015417
7.776,-0.0015387
7.778,-0.0015356
7.78,-0.0015325
7.782,-0.0015295
7.784,-0.0015264
7.786,-0.0015233
7.788,-0.0015203
7.79,-0.0015173
7.792,-0.0015142
7.794,-0.0015112
7.796,-0.0015082
7.798,-0.0015052
7.8,-0.0015022
7.802,-0.0014992
7.804,-0.0014962
7.806,-0.0014932
7.808,-0.0014902
7.81,-0.0014872
7.812,-0.0014843
7.814,-0.0014813
7.816,-0.0014783
7.818,-0.0014754
7.82,-0.0014724
7.822,-0.0014695
7.824,0.0015983
7.826,0.0015952
7.828,0.001592
7.83,0.0015888
7.832,0.0015856
7.834,0.0015824
7.836,0.0015793
7.838,0.0015761
7.84,0.001573
7.842,0.0015698
7.844,0.0015667
7.846,0.0015636
7.848,0.0015604
7.85,0.0015573
7.852,0.0015542
7.854,0.0015511
7.856,0.001548
7.858,0.0015449
7.86,0.0015418
7.862,-0.0015261
7.864,-0.0015231
7.866,-0.0015201
7.868,-0.001517
7.87,-0.001514
7.872,-0.001511
7.874,-0.0015079
7.876,-0.0015049
7.878,-0.0015019
7.88,-0.0014989
7.882,-0.0014959
7.884,-0.0014929
7.886,-0.00149
7.888,-0.001487
7.89,-0.001484
7.892,-0.001481
7.894,-0.0014781
7.896,-0.0014751
7.898,-0.0014722
7.9,-0.0014692
7.902,-0.0014663
7.904,-0.0014634
7.906,-0.0014605
7.908,-0.0014575
7.91,-0.0014546
7.912,-0.0014517
7.914,-0.0014488
7.916,-0.0014459
7.918,-0.001443
7.92,-0.0014401
7.922,-0.0014373
7.924,0.0016305
7.926,0.0016272
7.928,0.001624
7.93,0.0016207
7.932,0.0016175
7.934,0.0016143
7.936,0.001611
7.938,0.0016078
7.94,0.0016046
7.942,0.0016014
7.944,0.0015982
7.946,0.001595
7.948,0.0015918
7.95,0.0015887
7.952,0.0015855
7.954,0.0015823
7.956,0.0015791
7.958,0.001576
7.96,0.0015728
7.962,0.0015697
7.964,0.0015666
7.966,0.0015634
7.968,-0.0015046
7.97,-0.0015016
7.972,-0.0014986
7.974,-0.0014956
7.976,-0.0014926
7.978,-0.0014896
7.98,-0.0014866
7.982,-0.0014837
7.984,-0.0014807
7.986,-0.0014777
7.988,-0.0014748
7.99,-0.0014718
7.992,-0.0014689
7.994,-0.001466
7.996,-0.001463
7.998,-0.0014601
8,-0.0014572
8.002,-0.0014543
8.004,-0.0014514
8.006,-0.0014485
8.008,-0.0014456
8.01,-0.0014427
8.012,-0.0014398
8.014,-0.0014369
8.016,-0.0014341
8.018,-0.0014312
8.02,-0.0014283
8.022,-0.0014255
8.024,-0.0014226
8.026,-0.0014198
8.028,-0.001417
8.03,-0.0014141
8.032,-0.0014113
8.034,-0.0014085
8.036,0.0016592
8.038,0.0016559
8.04,0.0016526
8.042,0.0016493
8.044,0.001646
8.046,0.0016427
8.048,0.0016394
8.05,0.0016362
8.052,0.0016329
8.054,0.0016296
8.056,0.0016264
8.058,0.0016231
8.06,0.0016199
8.062,0.0016166
8.064,0.0016134
8.066,0.0016102
8.068,0.001607
8.07,0.0016038
8.072,0.0016006
8.074,0.0015974
8.076,0.0015942
8.078,-0.0014739
8.08,-0.001471
8.082,-0.001468
8.084,-0.0014651
8.086,-0.0014622
8.088,-0.0014593
8.09,-0.0014563
8.092,-0.0014534
8.094,-0.0014505
8.096,-0.0014476
8.098,-0.0014447
8.1,-0.0014418
8.102,-0.001439
8.104,-0.0014361
8.106,-0.0014332
8.108,-0.0014304
8.11,-0.0014275
8.112,-0.0014246
8.114,-0.0014218
8.116,-0.001419
8.118,-0.0014161
8.12,-0.0014133
8.122,-0.0014105
8.124,-0.0014077
8.126,-0.0014048
8.128,-0.001402
8.13,-0.0013992
8.132,-0.0013964
8.134,-0.0013936
8.136,-0.0013909
8.138,0.0016768
8.14,0.0016735
8.142,0.0016701
8.144,0.0016668
8.146,0.0016635
8.148,0.0016601
8.15,0.0016568
8.152,0.0016535
8.154,0.0016502
8.156,0.0016469
8.158,0.0016436
8.16,0.0016403
8.162,0.001637
8.164,0.0016338
8.166,0.0016305
8.168,0.0016273
8.17,0.001624
8.172,0.0016208
8.174,0.0016175
8.176,0.0016143
8.178,0.0016111
8.18,0.0016078
8.182,0.0016046
8.184,0.0016014
8.186,-0.0014667
8.188,-0.0014637
8.19,-0.0014608
8.192,-0.0014579
8.194,-0.001455
8.196,-0.0014521
8.198,-0.0014492
8.2,-0.0014463
8.202,-0.0014434
8.204,-0.0014405
8.206,-0.0014376
8.208,-0.0014348
8.21,-0.0014319
8.212,-0.001429
8.214,-0.0014262
8.216,-0.0014233
8.218,-0.0014205
8.22,-0.0014176
8.222,-0.0014148
8.224,-0.001412
8.226,-0.0014092
8.228,-0.0014063
8.23,-0.0014035
8.232,-0.0014007
8.234,-0.0013979
8.236,-0.0013951
8.238,-0.0013924
8.24,-0.0013896
8.242,-0.0013868
8.244,0.0016809
8.246,0.0016775
8.248,0.0016742
8.25,0.0016708
8.252,0.0016675
8.254,0.0016641
8.256,0.0016608
8.258,0.0016575
8.26,0.0016542
8.262,0.0016509
8.264,0.0016476
8.266,0.0016443
8.268,0.001641
8.27,0.0016377
8.272,0.0016345
8.274,0.0016312
8.276,0.0016279
8.278,-0.0014402
8.28,-0.0014373
8.282,-0.0014345
8.284,-0.0014316
8.286,-0.0014287
8.288,-0.0014259
8.29,-0.001423
8.292,-0.0014202
8.294,-0.0014174
8.296,-0.0014145
8.298,-0.0014117
8.3,-0.0014089
8.302,-0.0014061
8.304,-0.0014032
8.306,-0.0014004
8.308,-0.0013976
8.31,-0.0013949
8.312,-0.0013921
8.314,-0.0013893
8.316,-0.0013865
8.318,-0.0013837
8.32,-0.001381
8.322,-0.0013782
8.324,-0.0013755
8.326,-0.0013727
8.328,-0.00137
8.33,-0.0013672
8.332,-0.0013645
8.334,-0.0013618
8.336,-0.0013591
8.338,-0.0013563
8.34,-0.0013536
8.342,-0.0013509
8.344,-0.0013482
8.346,-0.0013455
8.348,-0.0013428
8.35,-0.0013402
8.352,-0.0013375
8.354,-0.0013348
8.356,-0.0013321
8.358,-0.0013295
8.36,-0.0013268
8.362,-0.0013242
8.364,-0.0013215
8.366,-0.0013189
8.368,-0.0013163
8.37,-0.0013136
8.372,-0.001311
8.374,-0.0013084
8.376,-0.0013058
8.378,-0.0013032
8.38,-0.0013006
8.382,-0.001298
8.384,-0.0012954
8.386,-0.0012928
8.388,-0.0012902
8.39,-0.0012876
8.392,-0.001285
8.394,-0.0012825
8.396,-0.0012799
8.398,-0.0012774
8.4,-0.0012748
8.402,-0.0012723
8.404,-0.0012697
8.406,-0.0012672
8.408,-0.0012646
8.41,-0.0012621
8.412,-0.0012596
8.414,-0.0012571
8.416,-0.0012546
8.418,-0.0012521
8.42,-0.0012496
8.422,-0.0012471
8.424,-0.0012446
8.426,-0.0012421
8.428,-0.0012396
8.43,-0.0012371
8.432,-0.0012347
8.434,-0.0012322
8.436,-0.0012297
8.438,-0.0042922
8.44,-0.0042836
8.442,-0.004275
8.444,-0.0042665
8.446,-0.004258
8.448,-0.0042495
8.45,-0.004241
8.452,-0.0042325
8.454,-0.004224
8.456,-0.0042156
8.458,-0.0011423
8.46,-0.00114
8.462,-0.0011377
8.464,-0.0011354
8.466,-0.0011332
8.468,-0.0011309
8.47,-0.0011287
8.472,-0.0011264
8.474,0.0019408
8.476,0.0019369
8.478,0.001933
8.48,0.0019291
8.482,0.0019253
8.484,0.0019214
8.486,0.0019176
8.488,0.0019138
8.49,0.0019099
8.492,0.004971
8.494,0.0049611
8.496,0.0049512
8.498,0.0049413
8.5,0.0049314
8.502,0.0049216
8.504,0.0049117
8.506,0.0049019
8.508,0.0048921
8.51,0.0048823
8.512,0.0048726
8.514,0.001798
8.516,0.0017944
8.518,0.0017908
8.52,0.0017872
8.522,0.0017836
8.524,0.0017801
8.526,0.0017765
8.528,0.001773
8.53,-0.0012955
8.532,-0.0012929
8.534,-0.0012903
8.536,-0.0012877
8.538,-0.0012852
8.54,-0.0012826
8.542,-0.00128
8.544,-0.0012775
8.546,-0.0012749
8.548,-0.0012724
8.55,-0.0012698
8.552,-0.0012673
8.554,-0.0012648
8.556,-0.0012622
8.558,-0.0012597
8.56,-0.0012572
8.562,-0.0012547
8.564,-0.0012522
8.566,-0.0012497
8.568,-0.0012472
8.57,-0.0012447
8.572,-0.0012422
8.574,-0.0012397
8.576,-0.0012372
8.578,-0.0012348
8.58,0.0018326
8.582,0.0018289
8.584,0.0018253
8.586,0.0018216
8.588,0.001818
8.59,0.0018144
8.592,0.0018107
8.594,0.0018071
8.596,0.0018035
8.598,0.0017999
8.6,0.0017963
8.602,0.0017927
8.604,0.0017891
8.606,0.0017856
8.608,0.001782
8.61,0.0017784
8.612,0.0017749
8.614,0.0017713
8.616,0.0017678
8.618,0.0017643
8.62,0.0017607
8.622,0.0017572
8.624,0.0017537
8.626,0.0017502
8.628,0.0017467
8.63,0.0017432
8.632,0.0017397
8.634,0.0017363
8.636,0.0017328
8.638,0.0017293
8.64,0.0017259
8.642,0.0017224
8.644,0.001719
8.646,0.0017156
8.648,0.0017121
8.65,0.0017087
8.652,0.0017053
8.654,0.0017019
8.656,0.0016985
8.658,0.0016951
8.66,0.0016917
8.662,0.0016883
8.664,0.001685
8.666,0.0016816
8.668,0.0016782
8.67,0.0016749
8.672,0.0016715
8.674,0.0016682
8.676,0.0016649
8.678,0.0016615
8.68,0.0016582
8.682,0.0016549
8.684,0.0016516
8.686,0.0016483
8.688,0.001645
8.69,0.0016417
8.692,0.0016384
8.694,0.0016352
8.696,0.0016319
8.698,0.0016286
8.7,0.0016254
8.702,-0.0014428
8.704,-0.0014399
8.706,-0.001437
8.708,-0.0014341
8.71,-0.0014313
8.712,-0.0014284
8.714,-0.0014256
8.716,-0.0014227
8.718,-0.0014199
8.72,-0.001417
8.722,-0.0014142
8.724,-0.0014114
8.726,-0.0014086
8.728,-0.0014057
8.73,-0.0014029
8.732,-0.0014001
8.734,-0.0013973
8.736,-0.0013945
8.738,-0.0013918
8.74,-0.001389
8.742,-0.0013862
8.744,-0.0013834
8.746,-0.0013807
8.748,-0.0013779
8.75,0.0016897
8.752,0.0016864
8.754,0.001683
8.756,0.0016796
8.758,0.0016763
8.76,0.0016729
8.762,0.0016696
8.764,0.0016663
8.766,0.0016629
8.768,0.0016596
8.77,0.0016563
8.772,0.001653
8.774,0.0016497
8.776,0.0016464
8.778,0.0016431
8.78,0.0016398
8.782,0.0016365
8.784,0.0016333
8.786,0.00163
8.788,0.0016267
8.79,0.0016235
8.792,0.0016202
8.794,0.001617
8.796,0.0016138
8.798,0.0016106
8.8,0.0016073
8.802,0.0016041
8.804,0.0016009
8.806,0.0015977
8.808,0.0015945
8.81,0.0015913
8.812,0.0015882
8.814,0.001585
8.816,0.0015818
8.818,-0.0014862
8.82,-0.0014833
8.822,-0.0014803
8.824,-0.0014773
8.826,-0.0014744
8.828,-0.0014714
8.83,-0.0014685
8.832,-0.0014656
8.834,-0.0014626
8.836,-0.0014597
8.838,-0.0014568
8.84,-0.0014539
8.842,-0.001451
8.844,-0.0014481
8.846,-0.0014452
8.848,-0.0014423
8.85,-0.0014394
8.852,-0.0014366
8.854,-0.0014337
8.856,-0.0014308
8.858,-0.001428
8.86,-0.0014251
8.862,-0.0014223
8.864,-0.0014194
8.866,-0.0014166
8.868,-0.0014138
8.87,-0.0014109
8.872,-0.0014081
8.874,-0.0014053
8.876,-0.0014025
8.878,-0.0013997
8.88,-0.0013969
8.882,-0.0013941
8.884,-0.0013913
8.886,-0.0013885
8.888,-0.0013858
8.89,-0.001383
8.892,-0.0013802
8.894,-0.0013775
8.896,-0.0013747
8.898,-0.001372
8.9,-0.0013692
8.902,0.0016984
8.904,0.001695
8.906,0.0016916
8.908,0.0016882
8.91,0.0016849
8.912,0.0016815
8.914,0.0016781
8.916,0.0016748
8.918,0.0016714
8.92,0.0016681
8.922,0.0016648
8.924,0.0016614
8.926,0.0016581
8.928,0.0016548
8.93,0.0016515
8.932,0.0016482
8.934,0.0016449
8.936,-0.0014233
8.938,-0.0014204
8.94,-0.0014176
8.942,-0.0014148
8.944,-0.0014119
8.946,-0.0014091
8.948,-0.0014063
8.95,-0.0014035
8.952,-0.0014007
8.954,-0.0013979
8.956,-0.0013951
8.958,-0.0013923
8.96,-0.0013895
8.962,-0.0013867
8.964,-0.001384
8.966,-0.0013812
8.968,-0.0013784
8.97,-0.0013757
8.972,-0.0013729
8.974,-0.0044351
8.976,-0.0044262
8.978,-0.0044174
8.98,-0.0044086
8.982,-0.0043998
8.984,-0.004391
8.986,-0.0043822
8.988,-0.0043734
8.99,-0.0043647
8.992,-0.004356
8.994,-0.0043473
8.996,-0.0012737
8.998,-0.0012711
9,-0.0012686
9.002,-0.0012661
9.004,-0.0012635
9.006,-0.001261
9.008,-0.0012585
9.01,-0.001256
9.012,-0.0012535
9.014,-0.001251
9.016,-0.0012485
9.018,0.0018189
9.02,0.0018153
9.022,0.0018117
9.024,0.001808
9.026,0.0018044
9.028,0.0018008
9.03,0.0017972
9.032,0.0017936
9.034,0.00179
9.036,0.0017865
9.038,0.0017829
9.04,0.0017793
9.042,0.0017758
9.044,0.0017722
9.046,0.0017687
9.048,0.0017652
9.05,0.0017616
9.052,-0.0013068
9.054,-0.0013042
9.056,-0.0013016
9.058,-0.001299
9.06,-0.0012964
9.062,-0.0012938
9.064,-0.0012912
9.066,-0.0012886
9.068,-0.001286
9.07,-0.0012835
9.072,-0.0012809
9.074,-0.0012783
9.076,-0.0012758
9.078,-0.0012732
9.08,-0.0012707
9.082,-0.0012682
9.084,-0.0012656
9.086,-0.0012631
9.088,-0.0012606
9.09,-0.0012581
9.092,-0.0012555
9.094,-0.001253
9.096,-0.0012505
9.098,-0.001248
9.1,-0.0012455
9.102,-0.001243
9.104,-0.0012406
9.106,-0.0012381
9.108,-0.0012356
9.11,-0.0012331
9.112,-0.0012307
9.114,-0.0012282
9.116,-0.0012258
9.118,-0.0012233
9.12,-0.0012209
9.122,-0.0012184
9.124,-0.001216
9.126,-0.0012136
9.128,-0.0012111
9.13,-0.0012087
9.132,-0.0012063
9.134,-0.0012039
9.136,-0.0012015
9.138,-0.0011991
9.14,-0.0011967
9.142,-0.0011943
9.144,-0.0011919
9.146,-0.0011895
9.148,0.0018777
9.15,0.001874
9.152,0.0018702
9.154,0.0018665
9.156,0.0018628
9.158,0.0018591
9.16,0.0018553
9.162,0.0018516
9.164,0.0018479
9.166,0.0018442
9.168,0.0018406
9.17,0.0018369
9.172,0.0018332
9.174,0.0018295
9.176,0.0018259
9.178,0.0018222
9.18,0.0018186
9.182,-0.0012499
9.184,-0.0012474
9.186,-0.0012449
9.188,-0.0012425
9.19,-0.00124
9.192,-0.0012375
9.194,-0.001235
9.196,-0.0012326
9.198,-0.0012301
9.2,-0.0012276
9.202,-0.0012252
9.204,-0.0012227
9.206,-0.0012203
9.208,-0.0012179
9.21,-0.0012154
9.212,-0.001213
9.214,-0.0012106
9.216,-0.0012081
9.218,-0.0012057
9.22,-0.0012033
9.222,-0.0012009
9.224,-0.0011985
9.226,-0.0011961
9.228,-0.0011937
9.23,-0.0011914
9.232,-0.001189
9.234,-0.0011866
9.236,-0.0011842
9.238,-0.0011819
9.24,-0.0011795
9.242,-0.0011771
9.244,-0.0011748
9.246,-0.0011724
9.248,-0.0011701
9.25,-0.0011678
9.252,-0.0011654
9.254,-0.0011631
9.256,-0.0011608
9.258,-0.0011585
9.26,-0.0011561
9.262,-0.0011538
9.264,-0.0011515
9.266,-0.0011492
9.268,-0.0011469
9.27,-0.0011446
9.272,-0.0011424
9.274,-0.0011401
9.276,-0.0011378
9.278,-0.0011355
9.28,-0.0011332
9.282,-0.001131
9.284,-0.0011287
9.286,-0.0011265
9.288,-0.0011242
9.29,-0.001122
9.292,-0.0011197
9.294,-0.0011175
9.296,-0.0011153
9.298,-0.001113
9.3,-0.0011108
9.302,-0.0011086
9.304,-0.0011064
9.306,-0.0011042
9.308,-0.001102
9.31,-0.0010998
9.312,-0.0010976
9.314,-0.0010954
9.316,-0.0010932
9.318,-0.001091
9.32,-0.0010888
9.322,-0.0010866
9.324,-0.0010845
9.326,-0.0010823
9.328,-0.0010801
9.33,-0.001078
9.332,-0.0010758
9.334,-0.0010737
9.336,-0.0010715
9.338,-0.0010694
9.34,-0.0010673
9.342,-0.0010651
9.344,-0.001063
9.346,-0.0010609
9.348,-0.0010588
9.35,-0.0010566
9.352,-0.0010545
9.354,-0.0010524
9.356,-0.0010503
9.358,-0.0010482
9.36,-0.0010461
9.362,-0.001044
9.364,-0.0010419
9.366,-0.0010399
9.368,-0.0010378
9.37,-0.0010357
9.372,-0.0010336
9.374,-0.0010316
9.376,-0.0010295
9.378,-0.0010275
9.38,-0.0010254
9.382,-0.0010234
9.384,-0.0010213
9.386,-0.0010193
9.388,-0.0010172
9.39,-0.0040801
9.392,-0.0040719
9.394,-0.0040638
9.396,-0.0040557
9.398,-0.0040476
9.4,-0.0040395
9.402,-0.0040314
9.404,-0.0040234
9.406,-0.0040153
9.408,-0.00094242
9.41,-0.00094054
9.412,-0.00093866
9.414,-0.00093678
9.416,-0.00093491
9.418,-0.00093304
9.42,-0.00093118
9.422,0.0021356
9.424,0.0021313
9.426,0.0021271
9.428,0.0021228
9.43,0.0021186
9.432,0.0021143
9.434,0.0021101
9.436,0.0021059
9.438,0.0051666
9.44,0.0051563
9.442,0.005146
9.444,0.0051357
9.446,0.0051254
9.448,0.0051152
9.45,0.005105
9.452,0.0050948
9.454,0.0050846
9.456,0.0050744
9.458,0.0050643
9.46,0.0050542
9.462,0.0050441
9.464,0.005034
9.466,0.001959
9.468,0.0019551
9.47,0.0019512
9.472,0.0019473
9.474,0.0019434
9.476,0.0019395
9.478,0.0019357
9.48,0.0019318
9.482,0.0019279
9.484,0.0019241
9.486,0.0019202
9.488,0.0019164
9.49,0.0019126
9.492,-0.0011562
9.494,-0.0011538
9.496,-0.0011515
9.498,-0.0011492
9.5,-0.0011469
9.502,-0.0011446
9.504,-0.0011424
9.506,-0.0011401
9.508,-0.0011378
9.51,-0.0011355
9.512,-0.0011333
9.514,-0.001131
9.516,-0.0011287
9.518,-0.0011265
9.52,-0.0011242
9.522,0.0019429
9.524,0.001939
9.526,0.0019352
9.528,0.0019313
9.53,0.0019274
9.532,0.0019236
9.534,0.0019197
9.536,0.0019159
9.538,0.0019121
9.54,0.0019083
9.542,0.0019044
9.544,0.0019006
9.546,0.0018968
9.548,0.0018931
9.55,0.0018893
9.552,0.0018855
9.554,0.0018817
9.556,0.001878
9.558,0.0018742
9.56,0.0018705
9.562,0.0018667
9.564,-0.0012019
9.566,-0.0011995
9.568,-0.0011971
9.57,-0.0011947
9.572,-0.0011923
9.574,-0.0011899
9.576,-0.0011876
9.578,-0.0011852
9.58,-0.0011828
9.582,-0.0011805
9.584,-0.0011781
9.586,-0.0011757
9.588,-0.0011734
9.59,-0.001171
9.592,-0.0011687
9.594,-0.0011664
9.596,-0.001164
9.598,-0.0011617
9.6,-0.0011594
9.602,-0.0011571
9.604,-0.0011548
9.606,-0.0011525
9.608,-0.0011502
9.61,-0.0011479
9.612,0.0019193
9.614,0.0019155
9.616,0.0019117
9.618,0.0019079
9.62,0.001904
9.622,0.0019002
9.624,0.0018964
9.626,0.0018926
9.628,0.0018889
9.63,0.0018851
9.632,0.0018813
9.634,0.0018776
9.636,0.0018738
9.638,0.0018701
9.64,0.0018663
9.642,0.0018626
9.644,0.0018589
9.646,0.0018552
9.648,0.0018515
9.65,0.0018478
9.652,0.0018441
9.654,0.0018404
9.656,0.0018367
9.658,0.001833
9.66,0.0018294
9.662,0.0018257
9.664,0.0018221
9.666,0.0018184
9.668,0.0018148
9.67,0.0018112
9.672,0.0018076
9.674,0.0018039
9.676,0.0018003
9.678,0.0017967
9.68,0.0017932
9.682,0.0017896
9.684,-0.0012789
9.686,-0.0012763
9.688,-0.0012738
9.69,-0.0012712
9.692,-0.0012687
9.694,-0.0012662
9.696,-0.0012636
9.698,-0.0012611
9.7,-0.0012586
9.702,-0.0012561
9.704,-0.0012536
9.706,-0.0012511
9.708,-0.0012486
9.71,-0.0012461
9.712,-0.0012436
9.714,-0.0012411
9.716,-0.0012386
9.718,-0.0012361
9.72,-0.0012337
9.722,-0.0012312
9.724,-0.0012288
9.726,-0.0012263
9.728,0.001841
9.73,0.0018374
9.732,0.0018337
9.734,0.00183
9.736,0.0018264
9.738,0.0018227
9.74,0.0018191
9.742,0.0018155
9.744,0.0018118
9.746,0.0018082
9.748,0.0018046
9.75,0.001801
9.752,0.0017974
9.754,0.0017938
9.756,0.0017902
9.758,0.0017866
9.76,0.0017831
9.762,0.0017795
9.764,0.0017759
9.766,0.0017724
9.768,0.0017689
9.77,0.0017653
9.772,0.0017618
9.774,0.0017583
9.776,0.0017548
9.778,0.0017513
9.78,0.0017478
9.782,0.0017443
9.784,0.0017408
9.786,0.0017373
9.788,-0.0013311
9.79,-0.0013284
9.792,-0.0013257
9.794,-0.0013231
9.796,-0.0013205
9.798,-0.0013178
9.8,-0.0013152
9.802,-0.0013126
9.804,-0.0013099
9.806,-0.0013073
9.808,-0.0013047
9.81,-0.0013021
9.812,-0.0012995
9.814,-0.0012969
9.816,-0.0012943
9.818,-0.0012917
9.82,-0.0012891
9.822,-0.0012866
9.824,-0.001284
9.826,-0.0012814
9.828,-0.0012789
9.83,-0.0012763
9.832,-0.0012738
9.834,-0.0012712
9.836,-0.0012687
9.838,-0.0012661
9.84,-0.0012636
9.842,0.0018038
9.844,0.0018002
9.846,0.0017966
9.848,0.001793
9.85,0.0017894
9.852,0.0017859
9.854,0.0017823
9.856,0.0017787
9.858,0.0017752
9.86,0.0017716
9.862,0.0017681
9.864,0.0017646
9.866,0.001761
9.868,0.0017575
9.87,0.001754
9.872,0.0017505
9.874,0.001747
9.876,0.0017435
9.878,0.00174
9.88,0.0017365
9.882,0.0017331
9.884,0.0017296
9.886,0.0017262
9.888,0.0017227
9.89,0.0017193
9.892,0.0017158
9.894,0.0017124
9.896,0.001709
9.898,0.0017056
9.9,0.0017022
9.902,0.0016988
9.904,0.0016954
9.906,0.001692
9.908,0.0016886
9.91,-0.0013797
9.912,-0.0013769
9.914,-0.0013742
9.916,-0.0013714
9.918,-0.0013687
9.92,-0.0013659
9.922,-0.0013632
9.924,-0.0013605
9.926,-0.0013578
9.928,-0.0013551
9.93,-0.0013524
9.932,-0.0013497
9.934,-0.001347
9.936,-0.0013443
9.938,-0.0013416
9.94,-0.0013389
9.942,-0.0013362
9.944,-0.0013336
9.946,-0.0013309
9.948,-0.0013282
9.95,-0.0013256
9.952,-0.0013229
9.954,-0.0013203
9.956,-0.0013176
9.958,-0.001315
9.96,-0.0013124
9.962,0.0017551
9.964,0.0017516
9.966,0.0017481
9.968,0.0017446
9.97,0.0017411
9.972,0.0017377
9.974,0.0017342
9.976,0.0017307
9.978,0.0017273
9.98,0.0017238
9.982,0.0017204
9.984,0.0017169
9.986,0.0017135
9.988,0.0017101
9.99,0.0017067
9.992,0.0017033
9.994,0.0016999
9.996,0.0016965
9.998,0.0016931
10,0.0016897
