0,0.19309
0.002,0.19577
0.004,0.19844
0.006,0.20111
0.008,0.20684
0.01,0.20949
0.012,0.21214
0.014,0.21784
0.016,0.22047
0.018,0.22616
0.02,0.23184
0.022,0.23444
0.024,0.2401
0.026,0.24575
0.028,0.25139
0.03,0.25395
0.032,0.25958
0.034,0.26519
0.036,0.27079
0.038,0.27638
0.04,0.28195
0.042,0.28752
0.044,0.29307
0.046,0.29862
0.048,0.30415
0.05,0.30967
0.052,0.31519
0.054,0.32069
0.056,0.32924
0.058,0.33165
0.06,0.34018
0.062,0.34563
0.064,0.35107
0.066,0.35956
0.068,0.36497
0.07,0.37037
0.072,0.37576
0.074,0.38421
0.076,0.38957
0.078,0.39799
0.08,0.40332
0.082,0.40864
0.084,0.41702
0.086,0.42232
0.088,0.43067
0.09,0.43594
0.092,0.44426
0.094,0.4495
0.096,0.4578
0.098,0.46302
0.1,0.47129
0.102,0.47647
0.104,0.48472
0.106,0.49294
0.108,0.49809
0.11,0.50629
0.112,0.51447
0.114,0.51957
0.116,0.52773
0.118,0.53587
0.12,0.54093
0.122,0.54904
0.124,0.55714
0.126,0.56216
0.128,0.57023
0.13,0.57828
0.132,0.58632
0.134,0.59128
0.136,0.59929
0.138,0.60729
0.14,0.61527
0.142,0.62324
0.144,0.63119
0.146,0.63606
0.148,0.64398
0.15,0.65189
0.152,0.65978
0.154,0.66766
0.156,0.67552
0.158,0.68336
0.16,0.69119
0.162,0.69901
0.164,0.7068
0.166,0.71459
0.168,0.72235
0.17,0.7301
0.172,0.73784
0.174,0.74556
0.176,0.7502
0.178,0.7579
0.18,0.76558
0.182,0.77018
0.184,0.77477
0.186,0.77935
0.188,0.78699
0.19,0.78848
0.192,0.79303
0.194,0.79758
0.196,0.80212
0.198,0.80358
0.2,0.80504
0.202,0.80956
0.204,0.81101
0.206,0.81245
0.208,0.81389
0.21,0.81533
0.212,0.8137
0.214,0.81514
0.216,0.81351
0.218,0.81189
0.22,0.81027
0.222,0.80865
0.224,0.80703
0.226,0.80542
0.228,0.80381
0.23,0.8022
0.232,0.79754
0.234,0.79288
0.236,0.78823
0.238,0.78359
0.24,0.77896
0.242,0.77434
0.244,0.76972
0.246,0.76206
0.248,0.75747
0.25,0.74983
0.252,0.74526
0.254,0.73764
0.256,0.73311
0.258,0.72551
0.26,0.71793
0.262,0.71037
0.264,0.70282
0.266,0.69528
0.268,0.68777
0.27,0.68333
0.272,0.67277
0.274,0.66836
0.276,0.66089
0.278,0.65344
0.28,0.64601
0.282,0.63859
0.284,0.63118
0.286,0.62379
0.288,0.61948
0.29,0.61211
0.292,0.60476
0.294,0.59742
0.296,0.59316
0.298,0.58585
0.3,0.58161
0.302,0.57432
0.304,0.56704
0.306,0.56284
0.308,0.55559
0.31,0.55141
0.312,0.54725
0.314,0.54002
0.316,0.53588
0.318,0.53175
0.32,0.52455
0.322,0.52044
0.324,0.51634
0.326,0.51224
0.328,0.50509
0.33,0.50101
0.332,0.49695
0.334,0.49289
0.336,0.48884
0.338,0.4848
0.34,0.48076
0.342,0.47674
0.344,0.47272
0.346,0.46871
0.348,0.46164
0.35,0.45766
0.352,0.45674
0.354,0.45277
0.356,0.4488
0.358,0.44483
0.36,0.44088
0.362,0.43693
0.364,0.433
0.366,0.42907
0.368,0.42514
0.37,0.42123
0.372,0.41732
0.374,0.41342
0.376,0.40953
0.378,0.40565
0.38,0.40178
0.382,0.39791
0.384,0.39405
0.386,0.39326
0.388,0.38941
0.39,0.3825
0.392,0.37867
0.394,0.37792
0.396,0.3741
0.398,0.37028
0.4,0.36648
0.402,0.36268
0.404,0.35889
0.406,0.35511
0.408,0.35134
0.41,0.34757
0.412,0.34381
0.414,0.34312
0.416,0.33937
0.418,0.33563
0.42,0.33189
0.422,0.33123
0.424,0.3275
0.426,0.32685
0.428,0.32313
0.43,0.32249
0.432,0.31878
0.434,0.31814
0.436,0.3175
0.438,0.31687
0.44,0.31624
0.442,0.31561
0.444,0.31497
0.446,0.31435
0.448,0.31678
0.45,0.31921
0.452,0.31858
0.454,0.321
0.456,0.32343
0.458,0.32585
0.46,0.32826
0.462,0.33067
0.464,0.33307
0.466,0.33854
0.468,0.34093
0.47,0.34638
0.472,0.35181
0.474,0.35724
0.476,0.36266
0.478,0.37113
0.48,0.37651
0.482,0.38496
0.484,0.39338
0.486,0.39873
0.488,0.40712
0.49,0.41857
0.492,0.42999
0.494,0.43833
0.496,0.44971
0.498,0.46107
0.5,0.47241
0.502,0.48679
0.504,0.49808
0.506,0.51241
0.508,0.52365
0.51,0.53792
0.512,0.55217
0.514,0.56639
0.516,0.58059
0.518,0.59475
0.52,0.60889
0.522,0.623
0.524,0.63708
0.526,0.65113
0.528,0.66515
0.53,0.67608
0.532,0.69006
0.534,0.70094
0.536,0.71486
0.538,0.72569
0.54,0.7365
0.542,0.74729
0.544,0.75806
0.546,0.7688
0.548,0.77646
0.55,0.78717
0.552,0.79785
0.554,0.80545
0.556,0.81304
0.558,0.82061
0.56,0.82817
0.562,0.83571
0.564,0.84323
0.566,0.85074
0.568,0.85824
0.57,0.86265
0.572,0.86706
0.574,0.87452
0.576,0.8789
0.578,0.88634
0.58,0.8907
0.582,0.89505
0.584,0.89939
0.586,0.90372
0.588,0.90805
0.59,0.91236
0.592,0.91667
0.594,0.92097
0.596,0.92526
0.598,0.92954
0.6,0.93075
0.602,0.93502
0.604,0.93621
0.606,0.94047
0.608,0.94472
0.61,0.9459
0.612,0.95014
0.614,0.95131
0.616,0.95554
0.618,0.95976
0.62,0.9609
0.622,0.96511
0.624,0.96625
0.626,0.97045
0.628,0.97158
0.63,0.9727
0.632,0.97689
0.634,0.978
0.636,0.98217
0.638,0.98328
0.64,0.98744
0.642,0.98853
0.644,0.99269
0.646,0.99377
0.648,0.99485
0.65,0.99899
0.652,1.0001
0.654,1.0011
0.656,1.0053
0.658,1.0063
0.66,1.0074
0.662,1.0115
0.664,1.0125
0.666,1.0166
0.668,1.0177
0.67,1.0187
0.672,1.0228
0.674,1.0238
0.676,1.0248
0.678,1.0289
0.68,1.0299
0.682,1.0309
0.684,1.035
0.686,1.036
0.688,1.037
0.69,1.038
0.692,1.042
0.694,1.043
0.696,1.0409
0.698,1.045
0.7,1.046
0.702,1.0439
0.704,1.0449
0.706,1.0458
0.708,1.0468
0.71,1.0447
0.712,1.0457
0.714,1.0436
0.716,1.0446
0.718,1.0425
0.72,1.0404
0.722,1.0383
0.724,1.0363
0.726,1.0342
0.728,1.0321
0.73,1.0301
0.732,1.028
0.734,1.026
0.736,1.0239
0.738,1.0188
0.74,1.0137
0.742,1.0086
0.744,1.0035
0.746,0.99845
0.748,0.99339
0.75,0.98834
0.752,0.98024
0.754,0.97215
0.756,0.96714
0.758,0.95908
0.76,0.95104
0.762,0.93994
0.764,0.93193
0.766,0.92088
0.768,0.90984
0.77,0.89883
0.772,0.88477
0.774,0.87381
0.776,0.85981
0.778,0.84583
0.78,0.82881
0.782,0.8149
0.784,0.79795
0.786,0.78103
0.788,0.76414
0.79,0.74423
0.792,0.72435
0.794,0.70758
0.796,0.68777
0.798,0.66801
0.8,0.64829
0.802,0.6286
0.804,0.60896
0.806,0.59242
0.808,0.57284
0.81,0.55331
0.812,0.53688
0.814,0.52048
0.816,0.50412
0.818,0.48779
0.82,0.47149
0.822,0.45522
0.824,0.44205
0.826,0.42891
0.828,0.41579
0.83,0.4027
0.832,0.38964
0.834,0.37966
0.836,0.36971
0.838,0.35978
0.84,0.3468
0.842,0.33998
0.844,0.3301
0.846,0.32025
0.848,0.31348
0.85,0.30366
0.852,0.29692
0.854,0.2902
0.856,0.28042
0.858,0.2768
0.86,0.26705
0.862,0.26345
0.864,0.2568
0.866,0.25015
0.868,0.24352
0.87,0.23997
0.872,0.23336
0.874,0.22983
0.876,0.22324
0.878,0.21973
0.88,0.21316
0.882,0.20967
0.884,0.20619
0.886,0.19965
0.888,0.19618
0.89,0.19273
0.892,0.18928
0.894,0.18583
0.896,0.1824
0.898,0.1759
0.9,0.17249
0.902,0.16908
0.904,0.16567
0.906,0.16228
0.908,0.15889
0.91,0.15551
0.912,0.15213
0.914,0.14876
0.916,0.1454
0.918,0.14204
0.92,0.1387
0.922,0.13535
0.924,0.13202
0.926,0.12869
0.928,0.12537
0.93,0.12205
0.932,0.11874
0.934,0.11544
0.936,0.10908
0.938,0.1058
0.94,0.10252
0.942,0.099252
0.944,0.095989
0.946,0.092732
0.948,0.089482
0.95,0.086238
0.952,0.083001
0.954,0.07977
0.956,0.076546
0.958,0.073328
0.96,0.070117
0.962,0.066912
0.964,0.063713
0.966,0.060521
0.968,0.057335
0.97,0.054156
0.972,0.050983
0.974,0.047816
0.976,0.044656
0.978,0.041501
0.98,0.041418
0.982,0.038271
0.984,0.035129
0.986,0.031994
0.988,0.028866
0.99,0.028808
0.992,0.025685
0.994,0.025634
0.996,0.022518
0.998,0.019408
1,0.019369
1.002,0.016266
1.004,0.016233
1.006,0.013136
1.008,0.01311
1.01,0.013083
1.012,0.0099924
1.014,0.0099725
1.016,0.0099525
1.018,0.0099327
1.02,0.0068479
1.022,0.0068342
1.024,0.0068206
1.026,0.0068069
1.028,0.0067933
1.03,0.0098447
1.032,0.009825
1.034,0.01287
1.036,0.012845
1.038,0.012819
1.04,0.015858
1.042,0.018891
1.044,0.021919
1.046,0.02494
1.048,0.027955
1.05,0.030964
1.052,0.033967
1.054,0.040029
1.056,0.043014
1.058,0.049057
1.06,0.055089
1.062,0.061109
1.064,0.067117
1.066,0.073112
1.068,0.082161
1.07,0.088127
1.072,0.10021
1.074,0.1092
1.076,0.11818
1.078,0.1302
1.08,0.13914
1.082,0.15112
1.084,0.16614
1.086,0.18114
1.088,0.1961
1.09,0.21103
1.092,0.22593
1.094,0.24387
1.096,0.26177
1.098,0.27964
1.1,0.30054
1.102,0.32139
1.104,0.3422
1.106,0.36297
1.108,0.38677
1.11,0.40745
1.112,0.43115
1.114,0.45175
1.116,0.4723
1.118,0.49281
1.12,0.51328
1.122,0.53371
1.124,0.55103
1.126,0.57138
1.128,0.58557
1.13,0.60279
1.132,0.61997
1.134,0.63406
1.136,0.64811
1.138,0.66214
1.14,0.67308
1.142,0.68399
1.144,0.69795
1.146,0.70575
1.148,0.7166
1.15,0.72743
1.152,0.73517
1.154,0.7429
1.156,0.75061
1.158,0.7583
1.16,0.76292
1.162,0.77059
1.164,0.77824
1.166,0.78282
1.168,0.78738
1.17,0.79194
1.172,0.79649
1.174,0.80103
1.176,0.80555
1.178,0.81008
1.18,0.81459
1.182,0.81602
1.184,0.81746
1.186,0.82195
1.188,0.82338
1.19,0.82786
1.192,0.82927
1.194,0.83068
1.196,0.83209
1.198,0.83655
1.2,0.83795
1.202,0.83934
1.204,0.84073
1.206,0.84211
1.208,0.84349
1.21,0.84487
1.212,0.84625
1.214,0.84762
1.216,0.84899
1.218,0.8473
1.22,0.84867
1.222,0.85004
1.224,0.85141
1.226,0.85277
1.228,0.85107
1.23,0.85243
1.232,0.85379
1.234,0.85515
1.236,0.85344
1.238,0.8548
1.24,0.85309
1.242,0.85446
1.244,0.85275
1.246,0.85411
1.248,0.85547
1.25,0.85376
1.252,0.85512
1.254,0.85341
1.256,0.8517
1.258,0.85307
1.26,0.85443
1.262,0.85272
1.264,0.85408
1.266,0.85237
1.268,0.85374
1.27,0.85203
1.272,0.85033
1.274,0.85169
1.276,0.84999
1.278,0.85136
1.28,0.84966
1.282,0.85103
1.284,0.84933
1.286,0.85069
1.288,0.84899
1.29,0.8473
1.292,0.84867
1.294,0.84697
1.296,0.84835
1.298,0.84665
1.3,0.84802
1.302,0.84633
1.304,0.8477
1.306,0.84601
1.308,0.84432
1.31,0.8457
1.312,0.84401
1.314,0.84539
1.316,0.84676
1.318,0.84507
1.32,0.84645
1.322,0.84476
1.324,0.84307
1.326,0.84445
1.328,0.84583
1.33,0.84414
1.332,0.84551
1.334,0.84383
1.336,0.8452
1.338,0.84352
1.34,0.84183
1.342,0.84321
1.344,0.84153
1.346,0.84291
1.348,0.84123
1.35,0.84261
1.352,0.84093
1.354,0.83925
1.356,0.84064
1.358,0.83896
1.36,0.83728
1.362,0.83561
1.364,0.83394
1.366,0.83227
1.368,0.83061
1.37,0.82588
1.372,0.82423
1.374,0.82259
1.376,0.81788
1.378,0.81318
1.38,0.80849
1.382,0.80688
1.384,0.8022
1.386,0.79753
1.388,0.78981
1.39,0.78516
1.392,0.78053
1.394,0.77284
1.396,0.76517
1.398,0.75751
1.4,0.74987
1.402,0.74224
1.404,0.73156
1.406,0.72397
1.408,0.71333
1.41,0.70271
1.412,0.68904
1.414,0.67847
1.416,0.66486
1.418,0.65127
1.42,0.63464
1.422,0.61805
1.424,0.60149
1.426,0.58497
1.428,0.56541
1.43,0.54589
1.432,0.52641
1.434,0.5039
1.436,0.48144
1.438,0.45902
1.44,0.43359
1.442,0.4082
1.444,0.38287
1.446,0.35758
1.448,0.32929
1.45,0.30411
1.452,0.27898
1.454,0.2539
1.456,0.23194
1.458,0.20696
1.46,0.18509
1.462,0.16327
1.464,0.14455
1.466,0.12281
1.468,0.10418
1.47,0.085578
1.472,0.070082
1.474,0.054618
1.476,0.039184
1.478,0.026846
1.48,0.011468
1.482,-0.00081421
1.484,-0.013072
1.486,-0.022241
1.488,-0.034456
1.49,-0.043582
1.492,-0.052689
1.494,-0.061779
1.496,-0.07085
1.498,-0.076838
1.5,-0.085879
1.502,-0.091838
1.504,-0.097784
1.506,-0.10372
1.508,-0.10964
1.51,-0.11555
1.512,-0.12145
1.514,-0.12734
1.516,-0.13015
1.518,-0.13602
1.52,-0.13881
1.522,-0.14466
1.524,-0.14744
1.526,-0.15021
1.528,-0.15604
1.53,-0.15879
1.532,-0.16154
1.534,-0.16428
1.536,-0.16702
1.538,-0.16975
1.54,-0.17248
1.542,-0.1752
1.544,-0.17791
1.546,-0.17756
1.548,-0.18027
1.55,-0.18297
1.552,-0.1826
1.554,-0.1853
1.556,-0.188
1.558,-0.18762
1.56,-0.19031
1.562,-0.18993
1.564,-0.19262
1.566,-0.19223
1.568,-0.19492
1.57,-0.19453
1.572,-0.1972
1.574,-0.19681
1.576,-0.19641
1.578,-0.19909
1.58,-0.19869
1.582,-0.19829
1.584,-0.20096
1.586,-0.20056
1.588,-0.20322
1.59,-0.20282
1.592,-0.20241
1.594,-0.20507
1.596,-0.20466
1.598,-0.20425
1.6,-0.20691
1.602,-0.2065
1.604,-0.20915
1.606,-0.20873
1.608,-0.21138
1.61,-0.21096
1.612,-0.21054
1.614,-0.21318
1.616,-0.21275
1.618,-0.21539
1.62,-0.21496
1.622,-0.2176
1.624,-0.21716
1.626,-0.2198
1.628,-0.22242
1.63,-0.22198
1.632,-0.2246
1.634,-0.22415
1.636,-0.22677
1.638,-0.22938
1.64,-0.22892
1.642,-0.23153
1.644,-0.23413
1.646,-0.23366
1.648,-0.23626
1.65,-0.23885
1.652,-0.24144
1.654,-0.24096
1.656,-0.24354
1.658,-0.24612
1.66,-0.24869
1.662,-0.25126
1.664,-0.25076
1.666,-0.25332
1.668,-0.25588
1.67,-0.25844
1.672,-0.26098
1.674,-0.26353
1.676,-0.26607
1.678,-0.2686
1.68,-0.27113
1.682,-0.27365
1.684,-0.27617
1.686,-0.27868
1.688,-0.28119
1.69,-0.28369
1.692,-0.28619
1.694,-0.28868
1.696,-0.29117
1.698,-0.29366
1.7,-0.29613
1.702,-0.29861
1.704,-0.30107
1.706,-0.30354
1.708,-0.306
1.71,-0.30845
1.712,-0.3109
1.714,-0.31334
1.716,-0.31578
1.718,-0.31822
1.72,-0.32064
1.722,-0.32
1.724,-0.32243
1.726,-0.32485
1.728,-0.32727
1.73,-0.32661
1.732,-0.32902
1.734,-0.32837
1.736,-0.33078
1.738,-0.33011
1.74,-0.32946
1.742,-0.3288
1.744,-0.33121
1.746,-0.33054
1.748,-0.32988
1.75,-0.32922
1.752,-0.3255
1.754,-0.32485
1.756,-0.32114
1.758,-0.3205
1.76,-0.31679
1.762,-0.31309
1.764,-0.3094
1.766,-0.30265
1.768,-0.29898
1.77,-0.29226
1.772,-0.28554
1.774,-0.27884
1.776,-0.27216
1.778,-0.26242
1.78,-0.2527
1.782,-0.243
1.784,-0.23332
1.786,-0.22366
1.788,-0.21095
1.79,-0.19827
1.792,-0.18255
1.794,-0.16686
1.796,-0.1512
1.798,-0.13251
1.8,-0.11386
1.802,-0.092175
1.804,-0.073602
1.806,-0.048935
1.808,-0.027383
1.81,-0.0028094
1.812,0.021715
1.814,0.046191
1.816,0.070618
1.818,0.094996
1.82,0.11933
1.822,0.14054
1.824,0.16478
1.826,0.1859
1.828,0.20392
1.83,0.22497
1.832,0.24291
1.834,0.26081
1.836,0.27562
1.838,0.29039
1.84,0.30513
1.842,0.31985
1.844,0.33147
1.846,0.34307
1.848,0.35158
1.85,0.36313
1.852,0.3716
1.854,0.38006
1.856,0.38849
1.858,0.39384
1.86,0.39919
1.862,0.40452
1.864,0.40984
1.866,0.41515
1.868,0.42045
1.87,0.42268
1.872,0.42796
1.874,0.43017
1.876,0.43238
1.878,0.43764
1.88,0.43983
1.882,0.44202
1.884,0.44114
1.886,0.44332
1.888,0.4455
1.89,0.44461
1.892,0.44679
1.894,0.44589
1.896,0.44807
1.898,0.44717
1.9,0.44628
1.902,0.44539
1.904,0.4445
1.906,0.44361
1.908,0.44272
1.91,0.44184
1.912,0.44096
1.914,0.44007
1.916,0.43919
1.918,0.43832
1.92,0.43438
1.922,0.43351
1.924,0.43264
1.926,0.42871
1.928,0.42786
1.93,0.42394
1.932,0.42003
1.934,0.41919
1.936,0.41835
1.938,0.41445
1.94,0.41055
1.942,0.40973
1.944,0.40585
1.946,0.40198
1.948,0.40117
1.95,0.39731
1.952,0.39651
1.954,0.39265
1.956,0.38881
1.958,0.38496
1.96,0.38419
1.962,0.38036
1.964,0.3796
1.966,0.37578
1.968,0.37196
1.97,0.37122
1.972,0.36741
1.974,0.36668
1.976,0.36288
1.978,0.36216
1.98,0.35837
1.982,0.35459
1.984,0.35388
1.986,0.35317
1.988,0.3494
1.99,0.3487
1.992,0.34801
1.994,0.34425
1.996,0.34356
1.998,0.34287
2,0.33912
2.002,0.33844
2.004,0.33777
2.006,0.33709
2.008,0.33335
2.01,0.33269
2.012,0.33202
2.014,0.33136
2.016,0.3307
2.018,0.33004
2.02,0.32938
2.022,0.32872
2.024,0.32806
2.026,0.32741
2.028,0.32675
2.03,0.3261
2.032,0.32851
2.034,0.32786
2.036,0.3272
2.038,0.32655
2.04,0.32896
2.042,0.3283
2.044,0.32765
2.046,0.33006
2.048,0.3294
2.05,0.33181
2.052,0.33114
2.054,0.33355
2.056,0.33288
2.058,0.33528
2.06,0.33461
2.062,0.33701
2.064,0.33633
2.066,0.33873
2.068,0.34111
2.07,0.3435
2.072,0.34281
2.074,0.34519
2.076,0.34757
2.078,0.34994
2.08,0.34924
2.082,0.3516
2.084,0.35397
2.086,0.35326
2.088,0.35562
2.09,0.35797
2.092,0.36032
2.094,0.36267
2.096,0.36194
2.098,0.36428
2.1,0.36662
2.102,0.36895
2.104,0.37128
2.106,0.37054
2.108,0.37286
2.11,0.37212
2.112,0.37444
2.114,0.37676
2.116,0.376
2.118,0.37832
2.12,0.37756
2.122,0.37987
2.124,0.37911
2.126,0.38142
2.128,0.38066
2.13,0.38296
2.132,0.3822
2.134,0.38144
2.136,0.38067
2.138,0.37991
2.14,0.37915
2.142,0.3784
2.144,0.37764
2.146,0.37689
2.148,0.37613
2.15,0.37232
2.152,0.37157
2.154,0.36776
2.156,0.36396
2.158,0.36017
2.16,0.35639
2.162,0.35261
2.164,0.34578
2.166,0.34202
2.168,0.33521
2.17,0.32841
2.172,0.32162
2.174,0.31485
2.176,0.30503
2.178,0.29522
2.18,0.28544
2.182,0.27567
2.184,0.26286
2.186,0.25314
2.188,0.23731
2.19,0.22458
2.192,0.20881
2.194,0.19306
2.196,0.17429
2.198,0.15555
2.2,0.13379
2.202,0.11513
2.204,0.09038
2.206,0.06568
2.208,0.04103
2.21,0.016429
2.212,-0.011188
2.214,-0.03875
2.216,-0.066257
2.218,-0.093708
2.22,-0.12111
2.222,-0.14845
2.224,-0.17573
2.226,-0.1999
2.228,-0.22402
2.23,-0.24809
2.232,-0.26905
2.234,-0.28997
2.236,-0.31084
2.238,-0.32861
2.24,-0.34635
2.242,-0.36098
2.244,-0.37558
2.246,-0.39016
2.248,-0.40164
2.25,-0.41309
2.252,-0.42453
2.254,-0.43594
2.256,-0.44426
2.258,-0.45563
2.26,-0.46085
2.262,-0.46913
2.264,-0.47738
2.266,-0.48256
2.268,-0.48773
2.27,-0.49288
2.272,-0.49803
2.274,-0.50316
2.276,-0.50829
2.278,-0.51033
2.28,-0.51238
2.282,-0.51749
2.284,-0.51952
2.286,-0.52154
2.288,-0.52357
2.29,-0.52559
2.292,-0.5276
2.294,-0.52655
2.296,-0.52856
2.298,-0.5275
2.3,-0.52951
2.302,-0.53152
2.304,-0.53046
2.306,-0.5294
2.308,-0.52834
2.31,-0.52729
2.312,-0.5293
2.314,-0.52824
2.316,-0.52718
2.318,-0.52613
2.32,-0.52508
2.322,-0.52097
2.324,-0.51992
2.326,-0.51889
2.328,-0.51478
2.33,-0.51376
2.332,-0.50966
2.334,-0.50865
2.336,-0.50763
2.338,-0.50355
2.34,-0.50254
2.342,-0.49848
2.344,-0.49748
2.346,-0.49342
2.348,-0.49243
2.35,-0.48839
2.352,-0.48741
2.354,-0.48337
2.356,-0.48241
2.358,-0.47838
2.36,-0.47436
2.362,-0.47341
2.364,-0.4694
2.366,-0.46846
2.368,-0.46446
2.37,-0.46353
2.372,-0.45954
2.374,-0.45862
2.376,-0.45464
2.378,-0.45373
2.38,-0.44976
2.382,-0.44886
2.384,-0.4449
2.386,-0.44401
2.388,-0.44312
2.39,-0.44224
2.392,-0.43829
2.394,-0.43741
2.396,-0.43654
2.398,-0.4326
2.4,-0.43174
2.402,-0.43088
2.404,-0.43002
2.406,-0.42916
2.408,-0.4283
2.41,-0.42744
2.412,-0.42659
2.414,-0.42574
2.416,-0.42489
2.418,-0.42404
2.42,-0.42319
2.422,-0.42234
2.424,-0.42457
2.426,-0.42372
2.428,-0.42287
2.43,-0.42509
2.432,-0.42424
2.434,-0.42339
2.436,-0.42561
2.438,-0.42476
2.44,-0.42698
2.442,-0.42613
2.444,-0.42834
2.446,-0.43055
2.448,-0.42969
2.45,-0.43189
2.452,-0.4341
2.454,-0.43629
2.456,-0.43849
2.458,-0.43761
2.46,-0.4398
2.462,-0.44199
2.464,-0.44417
2.466,-0.44635
2.468,-0.44852
2.47,-0.45069
2.472,-0.45285
2.474,-0.45501
2.476,-0.45717
2.478,-0.46239
2.48,-0.46453
2.482,-0.46666
2.484,-0.47186
2.486,-0.47398
2.488,-0.4761
2.49,-0.48128
2.492,-0.48338
2.494,-0.48548
2.496,-0.49064
2.498,-0.49273
2.5,-0.49787
2.502,-0.49994
2.504,-0.50507
2.506,-0.50713
2.508,-0.51224
2.51,-0.51429
2.512,-0.51939
2.514,-0.52142
2.516,-0.5265
2.518,-0.53158
2.52,-0.53358
2.522,-0.53865
2.524,-0.5437
2.526,-0.54568
2.528,-0.55072
2.53,-0.55268
2.532,-0.55771
2.534,-0.56273
2.536,-0.56773
2.538,-0.56966
2.54,-0.57159
2.542,-0.57658
2.544,-0.58155
2.546,-0.58346
2.548,-0.58842
2.55,-0.59031
2.552,-0.59526
2.554,-0.59714
2.556,-0.60207
2.558,-0.60393
2.56,-0.60579
2.562,-0.61071
2.564,-0.61256
2.566,-0.6144
2.568,-0.6193
2.57,-0.62113
2.572,-0.62295
2.574,-0.62477
2.576,-0.62659
2.578,-0.6284
2.58,-0.63021
2.582,-0.63202
2.584,-0.63382
2.586,-0.63562
2.588,-0.63741
2.59,-0.63614
2.592,-0.63793
2.594,-0.63666
2.596,-0.63845
2.598,-0.63717
2.6,-0.6359
2.602,-0.63463
2.604,-0.63643
2.606,-0.63516
2.608,-0.63082
2.61,-0.62956
2.612,-0.62524
2.614,-0.62399
2.616,-0.61968
2.618,-0.61538
2.62,-0.61108
2.622,-0.6068
2.624,-0.59945
2.626,-0.59213
2.628,-0.58788
2.63,-0.57751
2.632,-0.57022
2.634,-0.55989
2.636,-0.54958
2.638,-0.53928
2.64,-0.52901
2.642,-0.5157
2.644,-0.50241
2.646,-0.48608
2.648,-0.46978
2.65,-0.45352
2.652,-0.43422
2.654,-0.41497
2.656,-0.39268
2.658,-0.37044
2.66,-0.34825
2.662,-0.32303
2.664,-0.29481
2.666,-0.26663
2.668,-0.24158
2.67,-0.21351
2.672,-0.1855
2.674,-0.15755
2.676,-0.12965
2.678,-0.10487
2.68,-0.077078
2.682,-0.055469
2.684,-0.030839
2.686,-0.012388
2.688,0.0090908
2.69,0.027462
2.692,0.045796
2.694,0.061029
2.696,0.079297
2.698,0.091398
2.7,0.10348
2.702,0.11553
2.704,0.12756
2.706,0.1365
2.708,0.14542
2.71,0.15432
2.712,0.16321
2.714,0.16901
2.716,0.17787
2.718,0.18364
2.72,0.18941
2.722,0.19209
2.724,0.19784
2.726,0.20051
2.728,0.20624
2.73,0.20889
2.732,0.21154
2.734,0.21418
2.736,0.21375
2.738,0.21639
2.74,0.21902
2.742,0.21859
2.744,0.21815
2.746,0.22078
2.748,0.22034
2.75,0.2199
2.752,0.21946
2.754,0.21902
2.756,0.21858
2.758,0.21814
2.76,0.21464
2.762,0.21421
2.764,0.21072
2.766,0.2103
2.768,0.20682
2.77,0.20334
2.772,0.20293
2.774,0.19946
2.776,0.196
2.778,0.19254
2.78,0.18909
2.782,0.18565
2.784,0.18221
2.786,0.17878
2.788,0.17536
2.79,0.17195
2.792,0.16547
2.794,0.16208
2.796,0.15869
2.798,0.15531
2.8,0.15193
2.802,0.1455
2.804,0.14214
2.806,0.13879
2.808,0.13239
2.81,0.12906
2.812,0.12573
2.814,0.11935
2.816,0.11605
2.818,0.11275
2.82,0.1064
2.822,0.10312
2.824,0.09985
2.826,0.093521
2.828,0.090269
2.83,0.087024
2.832,0.08072
2.834,0.077494
2.836,0.074274
2.838,0.071061
2.84,0.064789
2.842,0.061595
2.844,0.058407
2.846,0.055225
2.848,0.048985
2.85,0.045822
2.852,0.042666
2.854,0.039516
2.856,0.036372
2.858,0.033234
2.86,0.030103
2.862,0.026978
2.864,0.023859
2.866,0.020747
2.868,0.01764
2.87,0.017605
2.872,0.014505
2.874,0.014476
2.876,0.014447
2.878,0.014418
2.88,0.014389
2.882,0.014361
2.884,0.017397
2.886,0.020427
2.888,0.023451
2.89,0.026469
2.892,0.029481
2.894,0.032487
2.896,0.038552
2.898,0.04154
2.9,0.047587
2.902,0.053621
2.904,0.056579
2.906,0.062596
2.908,0.065536
2.91,0.071535
2.912,0.077522
2.914,0.080432
2.916,0.083336
2.918,0.086234
2.92,0.089127
2.922,0.092014
2.924,0.094895
2.926,0.09777
2.928,0.097575
2.93,0.10044
2.932,0.10024
2.934,0.10004
2.936,0.099844
2.938,0.099644
2.94,0.09638
2.942,0.093123
2.944,0.092937
2.946,0.089686
2.948,0.086442
2.95,0.080139
2.952,0.076914
2.954,0.073696
2.956,0.067419
2.958,0.064219
2.96,0.057961
2.962,0.051716
2.964,0.048547
2.966,0.039256
2.968,0.036112
2.97,0.02991
2.972,0.023721
2.974,0.017544
2.976,0.011379
2.978,0.0052262
2.98,-0.00091402
2.982,-0.007042
2.984,-0.010093
2.986,-0.016202
2.988,-0.0223
2.99,-0.028385
2.992,-0.034458
2.994,-0.037454
2.996,-0.043509
2.998,-0.046487
3,-0.052524
3.002,-0.058549
3.004,-0.061497
3.006,-0.067504
3.008,-0.070434
3.01,-0.073358
3.012,-0.079341
3.014,-0.082248
3.016,-0.085148
3.018,-0.091108
3.02,-0.093991
3.022,-0.096868
3.024,-0.1028
3.026,-0.10566
3.028,-0.10852
3.03,-0.11443
3.032,-0.11727
3.034,-0.1201
3.036,-0.12599
3.038,-0.1288
3.04,-0.13161
3.042,-0.13747
3.044,-0.14026
3.046,-0.14611
3.048,-0.14889
3.05,-0.15472
3.052,-0.15748
3.054,-0.16329
3.056,-0.16603
3.058,-0.17183
3.06,-0.17455
3.062,-0.18033
3.064,-0.18303
3.066,-0.1888
3.068,-0.19149
3.07,-0.19723
3.072,-0.1999
3.074,-0.20563
3.076,-0.21135
3.078,-0.214
3.08,-0.2197
3.082,-0.22232
3.084,-0.22801
3.086,-0.23062
3.088,-0.23629
3.09,-0.24195
3.092,-0.24453
3.094,-0.25017
3.096,-0.25273
3.098,-0.25836
3.1,-0.26091
3.102,-0.26652
3.104,-0.26905
3.106,-0.27464
3.108,-0.27716
3.11,-0.28273
3.112,-0.28523
3.114,-0.28773
3.116,-0.29328
3.118,-0.29576
3.12,-0.29824
3.122,-0.30377
3.124,-0.30623
3.126,-0.31175
3.128,-0.31419
3.13,-0.31662
3.132,-0.32212
3.134,-0.32454
3.136,-0.32696
3.138,-0.32937
3.14,-0.33484
3.142,-0.33724
3.144,-0.33963
3.146,-0.34202
3.148,-0.34746
3.15,-0.34983
3.152,-0.3522
3.154,-0.35456
3.156,-0.35692
3.158,-0.35927
3.16,-0.36162
3.162,-0.36702
3.164,-0.36629
3.166,-0.36862
3.168,-0.37402
3.17,-0.37633
3.172,-0.37865
3.174,-0.38095
3.176,-0.38326
3.178,-0.38556
3.18,-0.38785
3.182,-0.39014
3.184,-0.39243
3.186,-0.39471
3.188,-0.39698
3.19,-0.39926
3.192,-0.40152
3.194,-0.40379
3.196,-0.40604
3.198,-0.4083
3.2,-0.41055
3.202,-0.41279
3.204,-0.41503
3.206,-0.41727
3.208,-0.4195
3.21,-0.42173
3.212,-0.42395
3.214,-0.42617
3.216,-0.42838
3.218,-0.43059
3.22,-0.42973
3.222,-0.43193
3.224,-0.43414
3.226,-0.43633
3.228,-0.43853
3.23,-0.44072
3.232,-0.43983
3.234,-0.44202
3.236,-0.4442
3.238,-0.44638
3.24,-0.44855
3.242,-0.44766
3.244,-0.44983
3.246,-0.45199
3.248,-0.45416
3.25,-0.45325
3.252,-0.45541
3.254,-0.45756
3.256,-0.45971
3.258,-0.45879
3.26,-0.46094
3.262,-0.46002
3.264,-0.46217
3.266,-0.46124
3.268,-0.46339
3.27,-0.46553
3.272,-0.4646
3.274,-0.46673
3.276,-0.4658
3.278,-0.46793
3.28,-0.467
3.282,-0.46913
3.284,-0.47126
3.286,-0.47032
3.288,-0.47244
3.29,-0.4715
3.292,-0.47362
3.294,-0.47268
3.296,-0.4748
3.298,-0.47385
3.3,-0.47597
3.302,-0.47501
3.304,-0.47713
3.306,-0.47618
3.308,-0.47829
3.31,-0.47733
3.312,-0.47945
3.314,-0.47849
3.316,-0.4806
3.318,-0.4827
3.32,-0.48174
3.322,-0.48077
3.324,-0.48288
3.326,-0.48191
3.328,-0.48402
3.33,-0.48611
3.332,-0.48514
3.334,-0.48724
3.336,-0.48626
3.338,-0.48836
3.34,-0.48738
3.342,-0.48641
3.344,-0.4885
3.346,-0.49059
3.348,-0.48961
3.35,-0.4917
3.352,-0.49071
3.354,-0.48973
3.356,-0.49182
3.358,-0.49084
3.36,-0.49292
3.362,-0.49194
3.364,-0.49402
3.366,-0.49303
3.368,-0.49511
3.37,-0.49412
3.372,-0.49314
3.374,-0.49215
3.376,-0.49423
3.378,-0.49324
3.38,-0.49226
3.382,-0.49434
3.384,-0.49335
3.386,-0.49543
3.388,-0.49444
3.39,-0.49345
3.392,-0.49553
3.394,-0.49454
3.396,-0.49355
3.398,-0.49257
3.4,-0.49465
3.402,-0.49366
3.404,-0.49267
3.406,-0.49475
3.408,-0.49377
3.41,-0.49278
3.412,-0.49486
3.414,-0.49387
3.416,-0.49288
3.418,-0.49496
3.42,-0.49398
3.422,-0.49299
3.424,-0.492
3.426,-0.49409
3.428,-0.4931
3.43,-0.49211
3.432,-0.4942
3.434,-0.49321
3.436,-0.49222
3.438,-0.4943
3.44,-0.49332
3.442,-0.49233
3.444,-0.49441
3.446,-0.49342
3.448,-0.49244
3.45,-0.49145
3.452,-0.49354
3.454,-0.49255
3.456,-0.49157
3.458,-0.49058
3.46,-0.49267
3.462,-0.49169
3.464,-0.49377
3.466,-0.49278
3.468,-0.4918
3.47,-0.49081
3.472,-0.4929
3.474,-0.49191
3.476,-0.49093
3.478,-0.48995
3.48,-0.48897
3.482,-0.49106
3.484,-0.49008
3.486,-0.4891
3.488,-0.48812
3.49,-0.49021
3.492,-0.48923
3.494,-0.48825
3.496,-0.49034
3.498,-0.48936
3.5,-0.48839
3.502,-0.48741
3.504,-0.4895
3.506,-0.48852
3.508,-0.48755
3.51,-0.48657
3.512,-0.4856
3.514,-0.4877
3.516,-0.48672
3.518,-0.48575
3.52,-0.48478
3.522,-0.48687
3.524,-0.4859
3.526,-0.488
3.528,-0.48702
3.53,-0.48605
3.532,-0.48814
3.534,-0.48717
3.536,-0.48619
3.538,-0.48522
3.54,-0.48732
3.542,-0.48634
3.544,-0.48537
3.546,-0.48747
3.548,-0.48649
3.55,-0.48552
3.552,-0.48761
3.554,-0.48664
3.556,-0.48567
3.558,-0.48776
3.56,-0.48679
3.562,-0.48582
3.564,-0.48485
3.566,-0.48694
3.568,-0.48597
3.57,-0.485
3.572,-0.48403
3.574,-0.48306
3.576,-0.4821
3.578,-0.4842
3.58,-0.48323
3.582,-0.48226
3.584,-0.4813
3.586,-0.48034
3.588,-0.47938
3.59,-0.48149
3.592,-0.48053
3.594,-0.47956
3.596,-0.47861
3.598,-0.47765
3.6,-0.4767
3.602,-0.47574
3.604,-0.47479
3.606,-0.47691
3.608,-0.47596
3.61,-0.47501
3.612,-0.47406
3.614,-0.47311
3.616,-0.47216
3.618,-0.47122
3.62,-0.47334
3.622,-0.4724
3.624,-0.47145
3.626,-0.47051
3.628,-0.46957
3.63,-0.4717
3.632,-0.47076
3.634,-0.46982
3.636,-0.47194
3.638,-0.471
3.64,-0.47006
3.642,-0.46912
3.644,-0.47125
3.646,-0.47031
3.648,-0.46937
3.65,-0.47149
3.652,-0.47055
3.654,-0.46961
3.656,-0.47174
3.658,-0.47079
3.66,-0.46985
3.662,-0.47198
3.664,-0.47104
3.666,-0.4701
3.668,-0.47222
3.67,-0.47128
3.672,-0.47034
3.674,-0.4694
3.676,-0.46846
3.678,-0.47059
3.68,-0.46965
3.682,-0.46871
3.684,-0.46777
3.686,-0.46684
3.688,-0.46591
3.69,-0.46497
3.692,-0.46711
3.694,-0.46618
3.696,-0.46525
3.698,-0.46432
3.7,-0.46339
3.702,-0.46246
3.704,-0.46154
3.706,-0.46062
3.708,-0.4597
3.71,-0.46184
3.712,-0.46092
3.714,-0.46
3.716,-0.45908
3.718,-0.45816
3.72,-0.45725
3.722,-0.45633
3.724,-0.45849
3.726,-0.45757
3.728,-0.45666
3.73,-0.45574
3.732,-0.45483
3.734,-0.45392
3.736,-0.45608
3.738,-0.45517
3.74,-0.45426
3.742,-0.45335
3.744,-0.45245
3.746,-0.45461
3.748,-0.4537
3.75,-0.45279
3.752,-0.45495
3.754,-0.45405
3.756,-0.45314
3.758,-0.45223
3.76,-0.45439
3.762,-0.45349
3.764,-0.45258
3.766,-0.45168
3.768,-0.45077
3.77,-0.45294
3.772,-0.45203
3.774,-0.45113
3.776,-0.45023
3.778,-0.45239
3.78,-0.45149
3.782,-0.45059
3.784,-0.45275
3.786,-0.45185
3.788,-0.45095
3.79,-0.45004
3.792,-0.44915
3.794,-0.45131
3.796,-0.45041
3.798,-0.44951
3.8,-0.44861
3.802,-0.44772
3.804,-0.44682
3.806,-0.44899
3.808,-0.4481
3.81,-0.4472
3.812,-0.44631
3.814,-0.44542
3.816,-0.44453
3.818,-0.44364
3.82,-0.44275
3.822,-0.44187
3.824,-0.44405
3.826,-0.44316
3.828,-0.44228
3.83,-0.44139
3.832,-0.44051
3.834,-0.43963
3.836,-0.43875
3.838,-0.43788
3.84,-0.437
3.842,-0.43613
3.844,-0.43526
3.846,-0.43745
3.848,-0.43658
3.85,-0.43571
3.852,-0.43483
3.854,-0.43397
3.856,-0.4331
3.858,-0.43223
3.86,-0.43137
3.862,-0.43357
3.864,-0.43271
3.866,-0.43184
3.868,-0.43098
3.87,-0.43012
3.872,-0.42926
3.874,-0.43147
3.876,-0.4306
3.878,-0.42974
3.88,-0.42889
3.882,-0.43109
3.884,-0.43023
3.886,-0.43244
3.888,-0.43157
3.89,-0.43071
3.892,-0.43292
3.894,-0.43205
3.896,-0.43119
3.898,-0.43033
3.9,-0.43253
3.902,-0.43167
3.904,-0.4308
3.906,-0.42994
3.908,-0.43215
3.91,-0.43129
3.912,-0.43042
3.914,-0.42956
3.916,-0.43177
3.918,-0.43091
3.92,-0.43005
3.922,-0.42919
3.924,-0.42833
3.926,-0.42747
3.928,-0.42662
3.93,-0.42577
3.932,-0.42492
3.934,-0.42407
3.936,-0.42629
3.938,-0.42543
3.94,-0.42458
3.942,-0.42374
3.944,-0.42289
3.946,-0.42204
3.948,-0.4212
3.95,-0.42036
3.952,-0.41952
3.954,-0.41868
3.956,-0.41784
3.958,-0.41701
3.96,-0.41618
3.962,-0.41535
3.964,-0.41452
3.966,-0.41369
3.968,-0.41593
3.97,-0.41509
3.972,-0.41427
3.974,-0.41344
3.976,-0.41261
3.978,-0.41179
3.98,-0.41096
3.982,-0.41321
3.984,-0.41238
3.986,-0.41156
3.988,-0.41074
3.99,-0.41298
3.992,-0.41216
3.994,-0.41133
3.996,-0.41051
3.998,-0.40969
4,-0.41194
4.002,-0.41111
4.004,-0.41029
4.006,-0.40947
4.008,-0.40865
4.01,-0.4109
4.012,-0.41008
4.014,-0.40926
4.016,-0.40844
4.018,-0.41069
4.02,-0.40987
4.022,-0.40905
4.024,-0.4113
4.026,-0.41048
4.028,-0.40966
4.03,-0.40884
4.032,-0.40802
4.034,-0.41027
4.036,-0.40945
4.038,-0.40864
4.04,-0.40782
4.042,-0.407
4.044,-0.40619
4.046,-0.40538
4.048,-0.40457
4.05,-0.40376
4.052,-0.40295
4.054,-0.40215
4.056,-0.40135
4.058,-0.40054
4.06,-0.39974
4.062,-0.39895
4.064,-0.39815
4.066,-0.39735
4.068,-0.39656
4.07,-0.39577
4.072,-0.39498
4.074,-0.39419
4.076,-0.3934
4.078,-0.39261
4.08,-0.39183
4.082,-0.39105
4.084,-0.39026
4.086,-0.38948
4.088,-0.38871
4.09,-0.39099
4.092,-0.39021
4.094,-0.38943
4.096,-0.38866
4.098,-0.38788
4.1,-0.3871
4.102,-0.38633
4.104,-0.38556
4.106,-0.38479
4.108,-0.38708
4.11,-0.38631
4.112,-0.38554
4.114,-0.38477
4.116,-0.38707
4.118,-0.38629
4.12,-0.38552
4.122,-0.38475
4.124,-0.38705
4.126,-0.38627
4.128,-0.3855
4.13,-0.38473
4.132,-0.38703
4.134,-0.38625
4.136,-0.38548
4.138,-0.38471
4.14,-0.38394
4.142,-0.38624
4.144,-0.38547
4.146,-0.3847
4.148,-0.38393
4.15,-0.38623
4.152,-0.38546
4.154,-0.38469
4.156,-0.38392
4.158,-0.38315
4.16,-0.38238
4.162,-0.38162
4.164,-0.38086
4.166,-0.3801
4.168,-0.37934
4.17,-0.37858
4.172,-0.37782
4.174,-0.37707
4.176,-0.37632
4.178,-0.37556
4.18,-0.37481
4.182,-0.37406
4.184,-0.37332
4.186,-0.37257
4.188,-0.37183
4.19,-0.37108
4.192,-0.37034
4.194,-0.3696
4.196,-0.36886
4.198,-0.36813
4.2,-0.36739
4.202,-0.36666
4.204,-0.36592
4.206,-0.36519
4.208,-0.36446
4.21,-0.3668
4.212,-0.36607
4.214,-0.36534
4.216,-0.36461
4.218,-0.36388
4.22,-0.36315
4.222,-0.36243
4.224,-0.3617
4.226,-0.36098
4.228,-0.36026
4.23,-0.35954
4.232,-0.35882
4.234,-0.3581
4.236,-0.36045
4.238,-0.35973
4.24,-0.35901
4.242,-0.3583
4.244,-0.35758
4.246,-0.35687
4.248,-0.35922
4.25,-0.3585
4.252,-0.35778
4.254,-0.36013
4.256,-0.35941
4.258,-0.3587
4.26,-0.35798
4.262,-0.35726
4.264,-0.35655
4.266,-0.3589
4.268,-0.35818
4.27,-0.35747
4.272,-0.35676
4.274,-0.35604
4.276,-0.35533
4.278,-0.35462
4.28,-0.35391
4.282,-0.35627
4.284,-0.35556
4.286,-0.35485
4.288,-0.35414
4.29,-0.35343
4.292,-0.35273
4.294,-0.35202
4.296,-0.35132
4.298,-0.35062
4.3,-0.34991
4.302,-0.34922
4.304,-0.34852
4.306,-0.34782
4.308,-0.34713
4.31,-0.34643
4.312,-0.34574
4.314,-0.34505
4.316,-0.34436
4.318,-0.34367
4.32,-0.34299
4.322,-0.3423
4.324,-0.34162
4.326,-0.34093
4.328,-0.34025
4.33,-0.33957
4.332,-0.33889
4.334,-0.33822
4.336,-0.33754
4.338,-0.33687
4.34,-0.33619
4.342,-0.33552
4.344,-0.33485
4.346,-0.33418
4.348,-0.33352
4.35,-0.33285
4.352,-0.33218
4.354,-0.33459
4.356,-0.33392
4.358,-0.33325
4.36,-0.33258
4.362,-0.33192
4.364,-0.33432
4.366,-0.33365
4.368,-0.33299
4.37,-0.33232
4.372,-0.33166
4.374,-0.33406
4.376,-0.33339
4.378,-0.33273
4.38,-0.33206
4.382,-0.3314
4.384,-0.33074
4.386,-0.33007
4.388,-0.32942
4.39,-0.33182
4.392,-0.33116
4.394,-0.3305
4.396,-0.32984
4.398,-0.32918
4.4,-0.32852
4.402,-0.32786
4.404,-0.32721
4.406,-0.32655
4.408,-0.3259
4.41,-0.32525
4.412,-0.3246
4.414,-0.32395
4.416,-0.32331
4.418,-0.32266
4.42,-0.32202
4.422,-0.32137
4.424,-0.32073
4.426,-0.32009
4.428,-0.31945
4.43,-0.31881
4.432,-0.31817
4.434,-0.31754
4.436,-0.3169
4.438,-0.31627
4.44,-0.31564
4.442,-0.31501
4.444,-0.31438
4.446,-0.31375
4.448,-0.31312
4.45,-0.3125
4.452,-0.31187
4.454,-0.31125
4.456,-0.31063
4.458,-0.31001
4.46,-0.30939
4.462,-0.31184
4.464,-0.31121
4.466,-0.31059
4.468,-0.30997
4.47,-0.30935
4.472,-0.3118
4.474,-0.31117
4.476,-0.31055
4.478,-0.30993
4.48,-0.30931
4.482,-0.3087
4.484,-0.31114
4.486,-0.31052
4.488,-0.3099
4.49,-0.30928
4.492,-0.30866
4.494,-0.30805
4.496,-0.30743
4.498,-0.30988
4.5,-0.30926
4.502,-0.30865
4.504,-0.30803
4.506,-0.30741
4.508,-0.3068
4.51,-0.30619
4.512,-0.30557
4.514,-0.30496
4.516,-0.30435
4.518,-0.30375
4.52,-0.30314
4.522,-0.30253
4.524,-0.30193
4.526,-0.30133
4.528,-0.30072
4.53,-0.30012
4.532,-0.29952
4.534,-0.29893
4.536,-0.29833
4.538,-0.29773
4.54,-0.29714
4.542,-0.29654
4.544,-0.29595
4.546,-0.29536
4.548,-0.29477
4.55,-0.29418
4.552,-0.29359
4.554,-0.29301
4.556,-0.29242
4.558,-0.29184
4.56,-0.29125
4.562,-0.29067
4.564,-0.29009
4.566,-0.28951
4.568,-0.28893
4.57,-0.28836
4.572,-0.28778
4.574,-0.2872
4.576,-0.28663
4.578,-0.28912
4.58,-0.28854
4.582,-0.28797
4.584,-0.28739
4.586,-0.28682
4.588,-0.28931
4.59,-0.28873
4.592,-0.28816
4.594,-0.28758
4.596,-0.28701
4.598,-0.28643
4.6,-0.28586
4.602,-0.28835
4.604,-0.28778
4.606,-0.2872
4.608,-0.28663
4.61,-0.28606
4.612,-0.28548
4.614,-0.28491
4.616,-0.28434
4.618,-0.28378
4.62,-0.28321
4.622,-0.28264
4.624,-0.28208
4.626,-0.28152
4.628,-0.28095
4.63,-0.28039
4.632,-0.27983
4.634,-0.27927
4.636,-0.27871
4.638,-0.27816
4.64,-0.2776
4.642,-0.27705
4.644,-0.27649
4.646,-0.27594
4.648,-0.27539
4.65,-0.27484
4.652,-0.27429
4.654,-0.27374
4.656,-0.2732
4.658,-0.27265
4.66,-0.2721
4.662,-0.27156
4.664,-0.27102
4.666,-0.27048
4.668,-0.26994
4.67,-0.2694
4.672,-0.26886
4.674,-0.26832
4.676,-0.26779
4.678,-0.26725
4.68,-0.26672
4.682,-0.26618
4.684,-0.26565
4.686,-0.26512
4.688,-0.26766
4.69,-0.26712
4.692,-0.26659
4.694,-0.26606
4.696,-0.26552
4.698,-0.26499
4.7,-0.26446
4.702,-0.26394
4.704,-0.26647
4.706,-0.26594
4.708,-0.26541
4.71,-0.26488
4.712,-0.26435
4.714,-0.26382
4.716,-0.26329
4.718,-0.26277
4.72,-0.26224
4.722,-0.26478
4.724,-0.26425
4.726,-0.26373
4.728,-0.2632
4.73,-0.26267
4.732,-0.26215
4.734,-0.26163
4.736,-0.2611
4.738,-0.26058
4.74,-0.26006
4.742,-0.25954
4.744,-0.25902
4.746,-0.2585
4.748,-0.25799
4.75,-0.25747
4.752,-0.25696
4.754,-0.25644
4.756,-0.25593
4.758,-0.25542
4.76,-0.25491
4.762,-0.2544
4.764,-0.25389
4.766,-0.25339
4.768,-0.25288
4.77,-0.25237
4.772,-0.25187
4.774,-0.25137
4.776,-0.25086
4.778,-0.25036
4.78,-0.24986
4.782,-0.24936
4.784,-0.24887
4.786,-0.24837
4.788,-0.24787
4.79,-0.24738
4.792,-0.24688
4.794,-0.24639
4.796,-0.2459
4.798,-0.24541
4.8,-0.24492
4.802,-0.24443
4.804,-0.24394
4.806,-0.24345
4.808,-0.24296
4.81,-0.24248
4.812,-0.24199
4.814,-0.24151
4.816,-0.24103
4.818,-0.24055
4.82,-0.24007
4.822,-0.23959
4.824,-0.23911
4.826,-0.23863
4.828,-0.24122
4.83,-0.24074
4.832,-0.24026
4.834,-0.23978
4.836,-0.2393
4.838,-0.23882
4.84,-0.23834
4.842,-0.23786
4.844,-0.23739
4.846,-0.23692
4.848,-0.23644
4.85,-0.23597
4.852,-0.2355
4.854,-0.23503
4.856,-0.23456
4.858,-0.23409
4.86,-0.23362
4.862,-0.23315
4.864,-0.23269
4.866,-0.23222
4.868,-0.23176
4.87,-0.2313
4.872,-0.23083
4.874,-0.23037
4.876,-0.22991
4.878,-0.22945
4.88,-0.229
4.882,-0.22854
4.884,-0.22808
4.886,-0.22763
4.888,-0.22717
4.89,-0.22672
4.892,-0.22626
4.894,-0.22581
4.896,-0.22536
4.898,-0.22491
4.9,-0.22446
4.902,-0.22401
4.904,-0.22356
4.906,-0.22312
4.908,-0.22267
4.91,-0.22223
4.912,-0.22178
4.914,-0.22134
4.916,-0.2209
4.918,-0.22046
4.92,-0.22002
4.922,-0.21958
4.924,-0.21914
4.926,-0.2187
4.928,-0.21826
4.93,-0.22089
4.932,-0.22045
4.934,-0.22001
4.936,-0.21957
4.938,-0.21913
4.94,-0.21869
4.942,-0.21826
4.944,-0.21782
4.946,-0.21739
4.948,-0.21695
4.95,-0.21652
4.952,-0.21915
4.954,-0.21871
4.956,-0.21828
4.958,-0.21784
4.96,-0.2174
4.962,-0.21697
4.964,-0.21654
4.966,-0.2161
4.968,-0.21567
4.97,-0.21524
4.972,-0.21481
4.974,-0.21438
4.976,-0.21395
4.978,-0.21353
4.98,-0.2131
4.982,-0.21267
4.984,-0.21225
4.986,-0.21182
4.988,-0.2114
4.99,-0.21098
4.992,-0.21056
4.994,-0.21014
4.996,-0.20972
4.998,-0.2093
5,-0.20888
5.002,-0.20846
5.004,-0.20805
5.006,-0.20763
5.008,-0.20722
5.01,-0.2068
5.012,-0.20639
5.014,-0.20598
5.016,-0.20556
5.018,-0.20515
5.02,-0.20474
5.022,-0.20433
5.024,-0.20393
5.026,-0.20352
5.028,-0.20311
5.03,-0.20271
5.032,-0.2023
5.034,-0.2019
5.036,-0.20149
5.038,-0.20109
5.04,-0.20069
5.042,-0.20029
5.044,-0.19989
5.046,-0.19949
5.048,-0.19909
5.05,-0.19869
5.052,-0.1983
5.054,-0.1979
5.056,-0.1975
5.058,-0.19711
5.06,-0.19672
5.062,-0.19632
5.064,-0.19899
5.066,-0.1986
5.068,-0.1982
5.07,-0.1978
5.072,-0.19741
5.074,-0.19701
5.076,-0.19662
5.078,-0.19623
5.08,-0.19584
5.082,-0.19545
5.084,-0.19505
5.086,-0.19466
5.088,-0.19428
5.09,-0.19389
5.092,-0.19657
5.094,-0.19617
5.096,-0.19578
5.098,-0.19539
5.1,-0.195
5.102,-0.19461
5.104,-0.19422
5.106,-0.19383
5.108,-0.19345
5.11,-0.19306
5.112,-0.19267
5.114,-0.19229
5.116,-0.1919
5.118,-0.19152
5.12,-0.19114
5.122,-0.19076
5.124,-0.19037
5.126,-0.18999
5.128,-0.18961
5.13,-0.18924
5.132,-0.18886
5.134,-0.18848
5.136,-0.1881
5.138,-0.18773
5.14,-0.18735
5.142,-0.18698
5.144,-0.18661
5.146,-0.18623
5.148,-0.18586
5.15,-0.18549
5.152,-0.18512
5.154,-0.18475
5.156,-0.18438
5.158,-0.18401
5.16,-0.18364
5.162,-0.18328
5.164,-0.18291
5.166,-0.18254
5.168,-0.18218
5.17,-0.18182
5.172,-0.18145
5.174,-0.18109
5.176,-0.18073
5.178,-0.18037
5.18,-0.18001
5.182,-0.17965
5.184,-0.17929
5.186,-0.17893
5.188,-0.17857
5.19,-0.17822
5.192,-0.17786
5.194,-0.1775
5.196,-0.17408
5.198,-0.17374
5.2,-0.17339
5.202,-0.17304
5.204,-0.1727
5.206,-0.17235
5.208,-0.17201
5.21,-0.17166
5.212,-0.17132
5.214,-0.17098
5.216,-0.17064
5.218,-0.1703
5.22,-0.16996
5.222,-0.16962
5.224,-0.16928
5.226,-0.16894
5.228,-0.1686
5.23,-0.16827
5.232,-0.16793
5.234,-0.16759
5.236,-0.16726
5.238,-0.16692
5.24,-0.16659
5.242,-0.16626
5.244,-0.16593
5.246,-0.16559
5.248,-0.16833
5.25,-0.16799
5.252,-0.16766
5.254,-0.16732
5.256,-0.16699
5.258,-0.16665
5.26,-0.16632
5.262,-0.16599
5.264,-0.16566
5.266,-0.16533
5.268,-0.165
5.27,-0.16467
5.272,-0.16434
5.274,-0.16401
5.276,-0.16368
5.278,-0.16335
5.28,-0.16303
5.282,-0.1627
5.284,-0.16238
5.286,-0.16205
5.288,-0.16173
5.29,-0.16141
5.292,-0.16108
5.294,-0.16076
5.296,-0.16044
5.298,-0.16012
5.3,-0.1598
5.302,-0.15948
5.304,-0.15916
5.306,-0.15884
5.308,-0.15853
5.31,-0.15821
5.312,-0.15789
5.314,-0.15758
5.316,-0.15726
5.318,-0.15695
5.32,-0.15663
5.322,-0.15632
5.324,-0.15601
5.326,-0.1557
5.328,-0.15539
5.33,-0.15508
5.332,-0.15477
5.334,-0.15446
5.336,-0.15415
5.338,-0.15384
5.34,-0.15353
5.342,-0.15323
5.344,-0.15292
5.346,-0.15261
5.348,-0.15231
5.35,-0.15201
5.352,-0.15477
5.354,-0.15446
5.356,-0.15415
5.358,-0.15384
5.36,-0.15353
5.362,-0.15323
5.364,-0.15292
5.366,-0.15262
5.368,-0.15231
5.37,-0.15201
5.372,-0.1517
5.374,-0.1514
5.376,-0.1511
5.378,-0.15079
5.38,-0.15049
5.382,-0.15019
5.384,-0.14989
5.386,-0.14959
5.388,-0.14929
5.39,-0.149
5.392,-0.1487
5.394,-0.1484
5.396,-0.1481
5.398,-0.14781
5.4,-0.14751
5.402,-0.14722
5.404,-0.14692
5.406,-0.14663
5.408,-0.14634
5.41,-0.14605
5.412,-0.14575
5.414,-0.14546
5.416,-0.14517
5.418,-0.14488
5.42,-0.14459
5.422,-0.1443
5.424,-0.14402
5.426,-0.14373
5.428,-0.14344
5.43,-0.14315
5.432,-0.1398
5.434,-0.13952
5.436,-0.13924
5.438,-0.13897
5.44,-0.13869
5.442,-0.13841
5.444,-0.13814
5.446,-0.13786
5.448,-0.13758
5.45,-0.13731
5.452,-0.13703
5.454,-0.13676
5.456,-0.13649
5.458,-0.13621
5.46,-0.13594
5.462,-0.13567
5.464,-0.1354
5.466,-0.13513
5.468,-0.13486
5.47,-0.13459
5.472,-0.13432
5.474,-0.13405
5.476,-0.13378
5.478,-0.13352
5.48,-0.13325
5.482,-0.13298
5.484,-0.13272
5.486,-0.13245
5.488,-0.13219
5.49,-0.13192
5.492,-0.13166
5.494,-0.1314
5.496,-0.13114
5.498,-0.13394
5.5,-0.13367
5.502,-0.1334
5.504,-0.13314
5.506,-0.13287
5.508,-0.13261
5.51,-0.13234
5.512,-0.13208
5.514,-0.13181
5.516,-0.13155
5.518,-0.13129
5.52,-0.13102
5.522,-0.13076
5.524,-0.1305
5.526,-0.13024
5.528,-0.12998
5.53,-0.12972
5.532,-0.12946
5.534,-0.1292
5.536,-0.12894
5.538,-0.12869
5.54,-0.12843
5.542,-0.12817
5.544,-0.12792
5.546,-0.12766
5.548,-0.12741
5.55,-0.12715
5.552,-0.1269
5.554,-0.12664
5.556,-0.12639
5.558,-0.12614
5.56,-0.12589
5.562,-0.12564
5.564,-0.12538
5.566,-0.12513
5.568,-0.12182
5.57,-0.12158
5.572,-0.12133
5.574,-0.12109
5.576,-0.12085
5.578,-0.12061
5.58,-0.12037
5.582,-0.12013
5.584,-0.11989
5.586,-0.11965
5.588,-0.11941
5.59,-0.11917
5.592,-0.11893
5.594,-0.11869
5.596,-0.11846
5.598,-0.11822
5.6,-0.11798
5.602,-0.11775
5.604,-0.11751
5.606,-0.11728
5.608,-0.11704
5.61,-0.11681
5.612,-0.11657
5.614,-0.11634
5.616,-0.11611
5.618,-0.11588
5.62,-0.11565
5.622,-0.11541
5.624,-0.11825
5.626,-0.11801
5.628,-0.11778
5.63,-0.11754
5.632,-0.11731
5.634,-0.11707
5.636,-0.11684
5.638,-0.11661
5.64,-0.11637
5.642,-0.11614
5.644,-0.11591
5.646,-0.11568
5.648,-0.11545
5.65,-0.11521
5.652,-0.11498
5.654,-0.11475
5.656,-0.11453
5.658,-0.1143
5.66,-0.11407
5.662,-0.11384
5.664,-0.11361
5.666,-0.11339
5.668,-0.11316
5.67,-0.11293
5.672,-0.11271
5.674,-0.11248
5.676,-0.11226
5.678,-0.11203
5.68,-0.11181
5.682,-0.11159
5.684,-0.11136
5.686,-0.11114
5.688,-0.11092
5.69,-0.1107
5.692,-0.10741
5.694,-0.1072
5.696,-0.10698
5.698,-0.10677
5.7,-0.10655
5.702,-0.10634
5.704,-0.10613
5.706,-0.10592
5.708,-0.10571
5.71,-0.10549
5.712,-0.10528
5.714,-0.10507
5.716,-0.10486
5.718,-0.10465
5.72,-0.10444
5.722,-0.10424
5.724,-0.10403
5.726,-0.10382
5.728,-0.10361
5.73,-0.10341
5.732,-0.1032
5.734,-0.10299
5.736,-0.10279
5.738,-0.10258
5.74,-0.10238
5.742,-0.10524
5.744,-0.10503
5.746,-0.10482
5.748,-0.10461
5.75,-0.1044
5.752,-0.10419
5.754,-0.10398
5.756,-0.10377
5.758,-0.10357
5.76,-0.10336
5.762,-0.10315
5.764,-0.10295
5.766,-0.10274
5.768,-0.10254
5.77,-0.10233
5.772,-0.10213
5.774,-0.10192
5.776,-0.10172
5.778,-0.10152
5.78,-0.10131
5.782,-0.10111
5.784,-0.10091
5.786,-0.10071
5.788,-0.10051
5.79,-0.10031
5.792,-0.1001
5.794,-0.099905
5.796,-0.099705
5.798,-0.099506
5.8,-0.099307
5.802,-0.099109
5.804,-0.098911
5.806,-0.098713
5.808,-0.098516
5.81,-0.098319
5.812,-0.098122
5.814,-0.097926
5.816,-0.097731
5.818,-0.097535
5.82,-0.097341
5.822,-0.097146
5.824,-0.096952
5.826,-0.093693
5.828,-0.093506
5.83,-0.093319
5.832,-0.093133
5.834,-0.092947
5.836,-0.092761
5.838,-0.092576
5.84,-0.092391
5.842,-0.092206
5.844,-0.092022
5.846,-0.091838
5.848,-0.091655
5.85,-0.091472
5.852,-0.091289
5.854,-0.091106
5.856,-0.090924
5.858,-0.090743
5.86,-0.090561
5.862,-0.09038
5.864,-0.0902
5.866,-0.09002
5.868,-0.08984
5.87,-0.08966
5.872,-0.089481
5.874,-0.089302
5.876,-0.092189
5.878,-0.092005
5.88,-0.091821
5.882,-0.091637
5.884,-0.091454
5.886,-0.091272
5.888,-0.091089
5.89,-0.090907
5.892,-0.090726
5.894,-0.090544
5.896,-0.090363
5.898,-0.090183
5.9,-0.090003
5.902,-0.089823
5.904,-0.089643
5.906,-0.089464
5.908,-0.089285
5.91,-0.089107
5.912,-0.088929
5.914,-0.088751
5.916,-0.088574
5.918,-0.088397
5.92,-0.08822
5.922,-0.088044
5.924,-0.087868
5.926,-0.087693
5.928,-0.087517
5.93,-0.087343
5.932,-0.087168
5.934,-0.086994
5.936,-0.08682
5.938,-0.086647
5.94,-0.086474
5.942,-0.086301
5.944,-0.086128
5.946,-0.085956
5.948,-0.085785
5.95,-0.085613
5.952,-0.085442
5.954,-0.085271
5.956,-0.085101
5.958,-0.084931
5.96,-0.084761
5.962,-0.081527
5.964,-0.081364
5.966,-0.081202
5.968,-0.081039
5.97,-0.080877
5.972,-0.080716
5.974,-0.080555
5.976,-0.080394
5.978,-0.080233
5.98,-0.080073
5.982,-0.079913
5.984,-0.079753
5.986,-0.079594
5.988,-0.079435
5.99,-0.079276
5.992,-0.079118
5.994,-0.078959
5.996,-0.078802
5.998,-0.078644
6,-0.078487
6.002,-0.07833
6.004,-0.078174
6.006,-0.078018
6.008,-0.077862
6.01,-0.077706
6.012,-0.077551
6.014,-0.077396
6.016,-0.077241
6.018,-0.077087
6.02,-0.076933
6.022,-0.076779
6.024,-0.076626
6.026,-0.076473
6.028,-0.07632
6.03,-0.076167
6.032,-0.076015
6.034,-0.075863
6.036,-0.075712
6.038,-0.075561
6.04,-0.07541
6.042,-0.075259
6.044,-0.075109
6.046,-0.074958
6.048,-0.074809
6.05,-0.074659
6.052,-0.07451
6.054,-0.074361
6.056,-0.074213
6.058,-0.074064
6.06,-0.073916
6.062,-0.073769
6.064,-0.073621
6.066,-0.073474
6.068,-0.073327
6.07,-0.073181
6.072,-0.073035
6.074,-0.072889
6.076,-0.072743
6.078,-0.072598
6.08,-0.072453
6.082,-0.072308
6.084,-0.072163
6.086,-0.072019
6.088,-0.068811
6.09,-0.068673
6.092,-0.068536
6.094,-0.068399
6.096,-0.068262
6.098,-0.068126
6.1,-0.06799
6.102,-0.067854
6.104,-0.067718
6.106,-0.067583
6.108,-0.067448
6.11,-0.070378
6.112,-0.070238
6.114,-0.070097
6.116,-0.069957
6.118,-0.069817
6.12,-0.069678
6.122,-0.069539
6.124,-0.0694
6.126,-0.069261
6.128,-0.069123
6.13,-0.068985
6.132,-0.068847
6.134,-0.068709
6.136,-0.068572
6.138,-0.068435
6.14,-0.068298
6.142,-0.068162
6.144,-0.068025
6.146,-0.06789
6.148,-0.067754
6.15,-0.067619
6.152,-0.067483
6.154,-0.067349
6.156,-0.067214
6.158,-0.06708
6.16,-0.066946
6.162,-0.066812
6.164,-0.066678
6.166,-0.066545
6.168,-0.066412
6.17,-0.06628
6.172,-0.066147
6.174,-0.066015
6.176,-0.065883
6.178,-0.065751
6.18,-0.06562
6.182,-0.065489
6.184,-0.065358
6.186,-0.065228
6.188,-0.065097
6.19,-0.064967
6.192,-0.061772
6.194,-0.061649
6.196,-0.061526
6.198,-0.061403
6.2,-0.06128
6.202,-0.061158
6.204,-0.061036
6.206,-0.060914
6.208,-0.060792
6.21,-0.060671
6.212,-0.060549
6.214,-0.060428
6.216,-0.060308
6.218,-0.060187
6.22,-0.060067
6.222,-0.059947
6.224,-0.056762
6.226,-0.056649
6.228,-0.056536
6.23,-0.056423
6.232,-0.05631
6.234,-0.056197
6.236,-0.056085
6.238,-0.055973
6.24,-0.055861
6.242,-0.05575
6.244,-0.055638
6.246,-0.055527
6.248,-0.055416
6.25,-0.055305
6.252,-0.055195
6.254,-0.055085
6.256,-0.054975
6.258,-0.054865
6.26,-0.054755
6.262,-0.054646
6.264,-0.054536
6.266,-0.054428
6.268,-0.054319
6.27,-0.05421
6.272,-0.057167
6.274,-0.057053
6.276,-0.056939
6.278,-0.056825
6.28,-0.056711
6.282,-0.056598
6.284,-0.056485
6.286,-0.056372
6.288,-0.056259
6.29,-0.056147
6.292,-0.056035
6.294,-0.055923
6.296,-0.055811
6.298,-0.0557
6.3,-0.055588
6.302,-0.055477
6.304,-0.055366
6.306,-0.055256
6.308,-0.055145
6.31,-0.055035
6.312,-0.054925
6.314,-0.054816
6.316,-0.054706
6.318,-0.054597
6.32,-0.054488
6.322,-0.054379
6.324,-0.05427
6.326,-0.054162
6.328,-0.054053
6.33,-0.053945
6.332,-0.053838
6.334,-0.05373
6.336,-0.053623
6.338,-0.053516
6.34,-0.053409
6.342,-0.053302
6.344,-0.053196
6.346,-0.053089
6.348,-0.052983
6.35,-0.052877
6.352,-0.052772
6.354,-0.052666
6.356,-0.052561
6.358,-0.052456
6.36,-0.052351
6.362,-0.052247
6.364,-0.052142
6.366,-0.052038
6.368,-0.051934
6.37,-0.05183
6.372,-0.051727
6.374,-0.051623
6.376,-0.05152
6.378,-0.051417
6.38,-0.051315
6.382,-0.051212
6.384,-0.05111
6.386,-0.047943
6.388,-0.047847
6.39,-0.047751
6.392,-0.047656
6.394,-0.047561
6.396,-0.047466
6.398,-0.047371
6.4,-0.047276
6.402,-0.044117
6.404,-0.044029
6.406,-0.043941
6.408,-0.043853
6.41,-0.043765
6.412,-0.043678
6.414,-0.040526
6.416,-0.040445
6.418,-0.040364
6.42,-0.040283
6.422,-0.040203
6.424,-0.040122
6.426,-0.040042
6.428,-0.039962
6.43,-0.039882
6.432,-0.039803
6.434,-0.039723
6.436,-0.036579
6.438,-0.036506
6.44,-0.036433
6.442,-0.03636
6.444,-0.036287
6.446,-0.036215
6.448,-0.036143
6.45,-0.03607
6.452,-0.035998
6.454,-0.038991
6.456,-0.038913
6.458,-0.038836
6.46,-0.038758
6.462,-0.038681
6.464,-0.038603
6.466,-0.038526
6.468,-0.038449
6.47,-0.038372
6.472,-0.038296
6.474,-0.038219
6.476,-0.038143
6.478,-0.038067
6.48,-0.037991
6.482,-0.037915
6.484,-0.037839
6.486,-0.037763
6.488,-0.037688
6.49,-0.037613
6.492,-0.037537
6.494,-0.037462
6.496,-0.037388
6.498,-0.037313
6.5,-0.037238
6.502,-0.037164
6.504,-0.03709
6.506,-0.037016
6.508,-0.036942
6.51,-0.036868
6.512,-0.036794
6.514,-0.036721
6.516,-0.036647
6.518,-0.036574
6.52,-0.036501
6.522,-0.033363
6.524,-0.033296
6.526,-0.03323
6.528,-0.033164
6.53,-0.033097
6.532,-0.033031
6.534,-0.032965
6.536,-0.032899
6.538,-0.032834
6.54,-0.032768
6.542,-0.032702
6.544,-0.032637
6.546,-0.032572
6.548,-0.032507
6.55,-0.032442
6.552,-0.032377
6.554,-0.032312
6.556,-0.032248
6.558,-0.032183
6.56,-0.032119
6.562,-0.032055
6.564,-0.031991
6.566,-0.031927
6.568,-0.031863
6.57,-0.0318
6.572,-0.031736
6.574,-0.031673
6.576,-0.031609
6.578,-0.031546
6.58,-0.031483
6.582,-0.03142
6.584,-0.031357
6.586,-0.031295
6.588,-0.031232
6.59,-0.03117
6.592,-0.031108
6.594,-0.031045
6.596,-0.030983
6.598,-0.030921
6.6,-0.03086
6.602,-0.030798
6.604,-0.030737
6.606,-0.030675
6.608,-0.030614
6.61,-0.030553
6.612,-0.030492
6.614,-0.030431
6.616,-0.03037
6.618,-0.030309
6.62,-0.030249
6.622,-0.027123
6.624,-0.027069
6.626,-0.027015
6.628,-0.026961
6.63,-0.026907
6.632,-0.026853
6.634,-0.0268
6.636,-0.026746
6.638,-0.026693
6.64,-0.026639
6.642,-0.026586
6.644,-0.023468
6.646,-0.023421
6.648,-0.023375
6.65,-0.023328
6.652,-0.023281
6.654,-0.023235
6.656,-0.023188
6.658,-0.023142
6.66,-0.023096
6.662,-0.02305
6.664,-0.023004
6.666,-0.022958
6.668,-0.022912
6.67,-0.022866
6.672,-0.02282
6.674,-0.022775
6.676,-0.022729
6.678,-0.022684
6.68,-0.022638
6.682,-0.022593
6.684,-0.022548
6.686,-0.022503
6.688,-0.022458
6.69,-0.022413
6.692,-0.022368
6.694,-0.022324
6.696,-0.022279
6.698,-0.022235
6.7,-0.02219
6.702,-0.022146
6.704,-0.022102
6.706,-0.022057
6.708,-0.022013
6.71,-0.021969
6.712,-0.021925
6.714,-0.021882
6.716,-0.021838
6.718,-0.021794
6.72,-0.021751
6.722,-0.021707
6.724,-0.021664
6.726,-0.021621
6.728,-0.021577
6.73,-0.021534
6.732,-0.021491
6.734,-0.021448
6.736,-0.021405
6.738,-0.021363
6.74,-0.02132
6.742,-0.021277
6.744,-0.021235
6.746,-0.021192
6.748,-0.02115
6.75,-0.021108
6.752,-0.021066
6.754,-0.021024
6.756,-0.020982
6.758,-0.02094
6.76,-0.020898
6.762,-0.020856
6.764,-0.020814
6.766,-0.020773
6.768,-0.020731
6.77,-0.02069
6.772,-0.020649
6.774,-0.020607
6.776,-0.020566
6.778,-0.020525
6.78,-0.020484
6.782,-0.020443
6.784,-0.020402
6.786,-0.020362
6.788,-0.020321
6.79,-0.02028
6.792,-0.02024
6.794,-0.020199
6.796,-0.020159
6.798,-0.020119
6.8,-0.020078
6.802,-0.020038
6.804,-0.019998
6.806,-0.019958
6.808,-0.019918
6.81,-0.019879
6.812,-0.019839
6.814,-0.019799
6.816,-0.01976
6.818,-0.01972
6.82,-0.019681
6.822,-0.019642
6.824,-0.016537
6.826,-0.016504
6.828,-0.016471
6.83,-0.016438
6.832,-0.016406
6.834,-0.016373
6.836,-0.01634
6.838,-0.016307
6.84,-0.016275
6.842,-0.016242
6.844,-0.01621
6.846,-0.016178
6.848,-0.016145
6.85,-0.016113
6.852,-0.016081
6.854,-0.016049
6.856,-0.016017
6.858,-0.015985
6.86,-0.015953
6.862,-0.015921
6.864,-0.015889
6.866,-0.015857
6.868,-0.015826
6.87,-0.015794
6.872,-0.015762
6.874,-0.015731
6.876,-0.015699
6.878,-0.015668
6.88,-0.015637
6.882,-0.015606
6.884,-0.015574
6.886,-0.015543
6.888,-0.015512
6.89,-0.015481
6.892,-0.01545
6.894,-0.015419
6.896,-0.015389
6.898,-0.015358
6.9,-0.015327
6.902,-0.015297
6.904,-0.015266
6.906,-0.015235
6.908,-0.015205
6.91,-0.015175
6.912,-0.015144
6.914,-0.015114
6.916,-0.015084
6.918,-0.015054
6.92,-0.015024
6.922,-0.014994
6.924,-0.014964
6.926,-0.014934
6.928,-0.014904
6.93,-0.011809
6.932,-0.011786
6.934,-0.011762
6.936,-0.011739
6.938,-0.011715
6.94,-0.011692
6.942,-0.011668
6.944,-0.011645
6.946,-0.011622
6.948,-0.011599
6.95,-0.011575
6.952,-0.0084874
6.954,-0.0084704
6.956,-0.0084535
6.958,-0.0084366
6.96,-0.0084198
6.962,-0.0084029
6.964,-0.0083861
6.966,-0.0083694
6.968,-0.0083527
6.97,-0.008336
6.972,-0.0083193
6.974,-0.0083027
6.976,-0.0082861
6.978,-0.0082696
6.98,-0.008253
6.982,-0.0082365
6.984,-0.0082201
6.986,-0.0082037
6.988,-0.0081873
6.99,-0.0081709
6.992,-0.0081546
6.994,-0.0081383
6.996,-0.008122
6.998,-0.0081058
7,-0.0080896
7.002,-0.0080735
7.004,-0.0080573
7.006,-0.0080412
7.008,-0.0080252
7.01,-0.0080091
7.012,-0.0079931
7.014,-0.0079772
7.016,-0.0079612
7.018,-0.0079453
7.02,-0.0079294
7.022,-0.0079136
7.024,-0.0078978
7.026,-0.007882
7.028,-0.0078662
7.03,-0.0078505
7.032,-0.0078348
7.034,-0.0078192
7.036,-0.0078036
7.038,-0.007788
7.04,-0.0077724
7.042,-0.0077569
7.044,-0.0077414
7.046,-0.0077259
7.048,-0.0046456
7.05,-0.0046363
7.052,-0.004627
7.054,-0.0046178
7.056,-0.0046086
7.058,-0.0045994
7.06,-0.0045902
7.062,-0.004581
7.064,-0.0045719
7.066,-0.0045627
7.068,-0.0045536
7.07,-0.0045445
7.072,-0.0045354
7.074,-0.0045264
7.076,-0.0045173
7.078,-0.0045083
7.08,-0.0044993
7.082,-0.0044903
7.084,-0.0044813
7.086,-0.0044724
7.088,-0.0044634
7.09,-0.0044545
7.092,-0.0044456
7.094,-0.0044367
7.096,-0.0044279
7.098,-0.004419
7.1,-0.0044102
7.102,-0.0044014
7.104,-0.0043926
7.106,-0.0043838
7.108,-0.0043751
7.11,-0.0043663
7.112,-0.0043576
7.114,-0.0043489
7.116,-0.0043402
7.118,-0.0043315
7.12,-0.0043229
7.122,-0.0043142
7.124,-0.0043056
7.126,-0.004297
7.128,-0.0042884
7.13,-0.0042799
7.132,-0.0042713
7.134,-0.0042628
7.136,-0.0042542
7.138,-0.0042457
7.14,-0.0042373
7.142,-0.0042288
7.144,-0.0042204
7.146,-0.0042119
7.148,-0.0042035
7.15,-0.0041951
7.152,-0.0041867
7.154,-0.0041784
7.156,-0.00417
7.158,-0.0041617
7.16,-0.0041534
7.162,-0.0041451
7.164,-0.0041368
7.166,-0.0041285
7.168,-0.0041203
7.17,-0.004112
7.172,-0.0041038
7.174,-0.0040956
7.176,-0.0040874
7.178,-0.0040793
7.18,-0.0040711
7.182,-0.004063
7.184,-0.0040549
7.186,-0.0040468
7.188,-0.0040387
7.19,-0.0040306
7.192,-0.0040226
7.194,-0.0040145
7.196,-0.0040065
7.198,-0.0039985
7.2,-0.0039905
7.202,-0.0070474
7.204,-0.0070333
7.206,-0.0070193
7.208,-0.0070053
7.21,-0.0069913
7.212,-0.0069773
7.214,-0.0069634
7.216,-0.0069495
7.218,-0.0069356
7.22,-0.0069217
7.222,-0.0069079
7.224,-0.0068941
7.226,-0.0068803
7.228,-0.0068666
7.23,-0.0068528
7.232,-0.0068391
7.234,-0.0068255
7.236,-0.0068118
7.238,-0.0067982
7.24,-0.0067847
7.242,-0.0067711
7.244,-0.0067576
7.246,-0.0067441
7.248,-0.0067306
7.25,-0.0067171
7.252,-0.0067037
7.254,-0.0066903
7.256,-0.006677
7.258,-0.0066636
7.26,-0.0066503
7.262,-0.006637
7.264,-0.0066238
7.266,-0.0066105
7.268,-0.0065973
7.27,-0.0065841
7.272,-0.006571
7.274,-0.0065579
7.276,-0.0065447
7.278,-0.0065317
7.28,-0.0065186
7.282,-0.0065056
7.284,-0.0064926
7.286,-0.0064796
7.288,-0.0064667
7.29,-0.0064538
7.292,-0.0064409
7.294,-0.006428
7.296,-0.0064152
7.298,-0.0064023
7.3,-0.0063895
7.302,-0.0063768
7.304,-0.006364
7.306,-0.0063513
7.308,-0.0063386
7.31,-0.006326
7.312,-0.0063133
7.314,-0.0063007
7.316,-0.0062881
7.318,-0.0062756
7.32,-0.006263
7.322,-0.0062505
7.324,-0.006238
7.326,-0.0062256
7.328,-0.0062131
7.33,-0.0062007
7.332,-0.0061883
7.334,-0.006176
7.336,-0.0061636
7.338,-0.0030864
7.34,-0.0030802
7.342,-0.0030741
7.344,-0.0030679
7.346,-0.0030618
7.348,-0.0030557
7.35,-0.0030496
7.352,-0.0030435
7.354,2.7486e-05
7.356,2.7431e-05
7.358,2.7376e-05
7.36,2.7321e-05
7.362,2.7267e-05
7.364,2.7212e-05
7.366,2.7158e-05
7.368,2.7104e-05
7.37,0.0030919
7.372,0.0030858
7.374,0.0030796
7.376,0.0030734
7.378,0.0030673
7.38,0.0030612
7.382,0.0030551
7.384,0.003049
7.386,0.0030429
7.388,0.0030368
7.39,0.0030307
7.392,0.0030247
7.394,0.0030186
7.396,0.0030126
7.398,0.0030066
7.4,0.0030006
7.402,0.0029946
7.404,0.0029886
7.406,0.0029826
7.408,0.0029767
7.41,0.0029707
7.412,-0.00010012
7.414,-9.9923e-05
7.416,-9.9723e-05
7.418,-9.9524e-05
7.42,-9.9325e-05
7.422,-9.9127e-05
7.424,-9.8929e-05
7.426,-9.8731e-05
7.428,-9.8534e-05
7.43,-9.8337e-05
7.432,-9.814e-05
7.434,-9.7944e-05
7.436,-9.7749e-05
7.438,-9.7553e-05
7.44,-9.7358e-05
7.442,-9.7164e-05
7.444,-9.697e-05
7.446,-9.6776e-05
7.448,-9.6583e-05
7.45,-9.639e-05
7.452,-9.6197e-05
7.454,-9.6005e-05
7.456,-9.5813e-05
7.458,-9.5622e-05
7.46,-9.5431e-05
7.462,-9.524e-05
7.464,-9.505e-05
7.466,-9.486e-05
7.468,0.0029702
7.47,0.0029643
7.472,0.0029584
7.474,0.0029525
7.476,0.0029466
7.478,0.0029407
7.48,0.0029348
7.482,0.0029289
7.484,0.0029231
7.486,0.0029172
7.488,0.0059763
7.49,0.0059644
7.492,0.0059525
7.494,0.0059406
7.496,0.0059287
7.498,0.0059168
7.5,0.005905
7.502,0.0058932
7.504,0.0058814
7.506,0.0058697
7.508,0.005858
7.51,0.0058463
7.512,0.0058346
7.514,0.0058229
7.516,0.0058113
7.518,0.0057997
7.52,0.0057881
7.522,0.0057765
7.524,0.005765
7.526,0.0057535
7.528,0.005742
7.53,0.0057305
7.532,0.0057191
7.534,0.0057076
7.536,0.0056962
7.538,0.0056848
7.54,0.0056735
7.542,0.0056621
7.544,0.0056508
7.546,0.0056395
7.548,0.0056283
7.55,0.005617
7.552,0.0056058
7.554,0.0055946
7.556,0.0055834
7.558,0.0055723
7.56,0.0055611
7.562,0.00555
7.564,0.0055389
7.566,0.0055279
7.568,0.0055168
7.57,0.0055058
7.572,0.0054948
7.574,0.0054838
7.576,0.0054729
7.578,0.0054619
7.58,0.005451
7.582,0.0054401
7.584,0.0023644
7.586,0.0023596
7.588,0.0023549
7.59,0.0023502
7.592,0.0023455
7.594,0.0023408
7.596,0.0023362
7.598,0.0023315
7.6,0.0023268
7.602,0.0023222
7.604,0.0023175
7.606,0.0023129
7.608,0.0023083
7.61,0.0053686
7.612,0.0053579
7.614,0.0053471
7.616,0.0053365
7.618,0.0053258
7.62,0.0053152
7.622,0.0053045
7.624,0.0052939
7.626,0.0052834
7.628,0.0052728
7.63,0.0052623
7.632,0.0052518
7.634,0.0052413
7.636,0.0052308
7.638,0.0052203
7.64,0.0052099
7.642,0.0051995
7.644,0.0051891
7.646,0.0051787
7.648,0.0051684
7.65,0.0051581
7.652,0.0051478
7.654,0.0051375
7.656,0.0051272
7.658,0.005117
7.66,0.0051068
7.662,0.0050965
7.664,0.0050864
7.666,0.0050762
7.668,0.0050661
7.67,0.0050559
7.672,0.0050458
7.674,0.0050358
7.676,0.0050257
7.678,0.0019508
7.68,0.0019469
7.682,0.001943
7.684,0.0019391
7.686,0.0019352
7.688,0.0019313
7.69,0.0019275
7.692,0.0019236
7.694,0.0019198
7.696,0.001916
7.698,0.0019121
7.7,0.0019083
7.702,0.0019045
7.704,0.0019007
7.706,0.0018969
7.708,0.004958
7.71,0.0049481
7.712,0.0049382
7.714,0.0049283
7.716,0.0049185
7.718,0.0049087
7.72,0.0048989
7.722,0.0048891
7.724,0.0048793
7.726,0.0048696
7.728,0.0048598
7.73,0.0048501
7.732,0.0048404
7.734,0.0048308
7.736,0.0048211
7.738,0.0048115
7.74,0.0048019
7.742,0.0047923
7.744,0.0047827
7.746,0.0047731
7.748,0.0047636
7.75,0.0047541
7.752,0.0047446
7.754,0.0047351
7.756,0.0047256
7.758,0.0047162
7.76,0.0047068
7.762,0.0046974
7.764,0.0016231
7.766,0.0016198
7.768,0.0016166
7.77,0.0016134
7.772,0.0016102
7.774,0.0016069
7.776,0.0016037
7.778,0.0016005
7.78,0.0015973
7.782,0.0015941
7.784,0.0015909
7.786,0.0015878
7.788,0.0015846
7.79,0.0015814
7.792,0.0015783
7.794,0.0015751
7.796,0.001572
7.798,0.0015688
7.8,0.0015657
7.802,0.0015626
7.804,0.0015594
7.806,0.0015563
7.808,0.0015532
7.81,0.0015501
7.812,0.0046119
7.814,0.0046027
7.816,0.0045935
7.818,0.0045843
7.82,0.0045752
7.822,0.004566
7.824,0.0045569
7.826,0.0045478
7.828,0.0045387
7.83,0.0045296
7.832,0.0045206
7.834,0.0045116
7.836,0.0045025
7.838,0.0044935
7.84,0.0044846
7.842,0.0044756
7.844,0.0044667
7.846,0.0044577
7.848,0.0044488
7.85,0.0044399
7.852,0.0044311
7.854,0.0044222
7.856,0.0044134
7.858,0.0044046
7.86,0.0043958
7.862,0.004387
7.864,0.0013133
7.866,0.0013107
7.868,0.0013081
7.87,0.0013055
7.872,0.0013029
7.874,0.0013003
7.876,0.0012977
7.878,0.0012951
7.88,0.0012925
7.882,0.0012899
7.884,0.0012873
7.886,0.0012847
7.888,0.0012822
7.89,0.0012796
7.892,0.0012771
7.894,0.0012745
7.896,0.001272
7.898,0.0012694
7.9,0.0012669
7.902,0.0012644
7.904,0.0012618
7.906,0.0012593
7.908,0.0012568
7.91,0.0012543
7.912,0.0012518
7.914,0.0012493
7.916,0.0043117
7.918,0.0043031
7.92,0.0042945
7.922,0.0042859
7.924,0.0042773
7.926,0.0042688
7.928,0.0042602
7.93,0.0042517
7.932,0.0042432
7.934,0.0042348
7.936,0.0042263
7.938,0.0042179
7.94,0.0042094
7.942,0.004201
7.944,0.0041926
7.946,0.0041842
7.948,0.0041759
7.95,0.0041675
7.952,0.0041592
7.954,0.0041509
7.956,0.0041426
7.958,0.0041343
7.96,0.0041261
7.962,0.0041178
7.964,0.0010447
7.966,0.0010426
7.968,0.0010405
7.97,0.0010385
7.972,0.0010364
7.974,0.0010343
7.976,0.0010322
7.978,0.0010302
7.98,0.0010281
7.982,0.0010261
7.984,0.001024
7.986,0.001022
7.988,0.0010199
7.99,0.0010179
7.992,0.0010159
7.994,0.0010138
7.996,0.0010118
7.998,0.0010098
8,0.0010078
8.002,0.0010058
8.004,0.0010037
8.006,0.0010017
8.008,0.00099974
8.01,0.00099774
8.012,0.00099574
8.014,0.00099376
8.016,0.00099177
8.018,0.00098979
8.02,0.00098781
8.022,0.00098584
8.024,0.00098387
8.026,0.0009819
8.028,0.00097994
8.03,0.00097798
8.032,0.00097603
8.034,0.00097408
8.036,0.00097213
8.038,0.0040351
8.04,0.004027
8.042,0.004019
8.044,0.0040109
8.046,0.0040029
8.048,0.0039949
8.05,0.003987
8.052,0.003979
8.054,0.003971
8.056,0.0039631
8.058,0.0039552
8.06,0.0039473
8.062,0.0039394
8.064,0.0039315
8.066,0.0039237
8.068,0.0039158
8.07,0.00084311
8.072,0.00084143
8.074,0.00083974
8.076,0.00083807
8.078,0.00083639
8.08,0.00083472
8.082,0.00083305
8.084,0.00083139
8.086,0.00082973
8.088,0.00082807
8.09,0.00082642
8.092,0.00082476
8.094,0.00082312
8.096,0.00082147
8.098,0.00081983
8.1,0.00081819
8.102,0.00081656
8.104,0.00081493
8.106,0.0008133
8.108,0.00081167
8.11,0.00081005
8.112,0.00080843
8.114,0.00080682
8.116,0.00080521
8.118,0.0008036
8.12,0.00080199
8.122,0.00080039
8.124,0.00079879
8.126,0.00079719
8.128,0.0007956
8.13,0.00079401
8.132,0.00079243
8.134,0.00079084
8.136,0.00078926
8.138,0.00078768
8.14,0.00078611
8.142,0.0038494
8.144,0.0038417
8.146,0.0038341
8.148,0.0038264
8.15,0.0038188
8.152,0.0038111
8.154,0.0038035
8.156,0.0037959
8.158,0.0037883
8.16,0.0037808
8.162,0.0037732
8.164,0.0037657
8.166,0.0037582
8.168,0.0037506
8.17,0.0037431
8.172,0.0037357
8.174,0.00066331
8.176,0.00066198
8.178,0.00066066
8.18,0.00065934
8.182,0.00065802
8.184,0.00065671
8.186,0.0006554
8.188,0.00065409
8.19,0.00065278
8.192,0.00065148
8.194,0.00065017
8.196,0.00064887
8.198,0.00064758
8.2,0.00064628
8.202,0.00064499
8.204,0.0006437
8.206,0.00064242
8.208,0.00064113
8.21,0.00063985
8.212,0.00063858
8.214,0.0006373
8.216,0.00063603
8.218,0.00063476
8.22,0.00063349
8.222,0.00063222
8.224,0.00063096
8.226,0.0006297
8.228,0.00062844
8.23,0.00062718
8.232,0.00062593
8.234,0.00062468
8.236,0.00062343
8.238,0.00062219
8.24,0.00062094
8.242,0.0006197
8.244,0.00061846
8.246,0.00061723
8.248,0.000616
8.25,0.00061476
8.252,0.00061354
8.254,0.00061231
8.256,0.00061109
8.258,0.00060987
8.26,0.00060865
8.262,0.00060743
8.264,0.00060622
8.266,0.00060501
8.268,0.0006038
8.27,0.00060259
8.272,0.00060139
8.274,0.00060019
8.276,0.00059899
8.278,0.00059779
8.28,0.0005966
8.282,0.0005954
8.284,0.00059421
8.286,0.00059303
8.288,-0.0024731
8.29,-0.0024681
8.292,-0.0024632
8.294,-0.0024583
8.296,-0.0024533
8.298,-0.0024484
8.3,-0.0024436
8.302,-0.0024387
8.304,-0.0024338
8.306,-0.0024289
8.308,-0.0024241
8.31,-0.0024192
8.312,-0.0024144
8.314,-0.0024096
8.316,-0.0024048
8.318,-0.0024
8.32,-0.0023952
8.322,-0.0023904
8.324,-0.0023856
8.326,-0.0023808
8.328,-0.0023761
8.33,-0.0023713
8.332,-0.0023666
8.334,-0.0023619
8.336,-0.0023572
8.338,-0.0023524
8.34,-0.0023477
8.342,-0.0023431
8.344,-0.0023384
8.346,-0.0023337
8.348,-0.002329
8.35,-0.0023244
8.352,-0.0023197
8.354,-0.0023151
8.356,-0.0023105
8.358,-0.0023059
8.36,-0.0023013
8.362,-0.0022967
8.364,-0.0022921
8.366,-0.0022875
8.368,-0.0022829
8.37,-0.0022784
8.372,-0.0022738
8.374,-0.0022693
8.376,-0.0022647
8.378,-0.0022602
8.38,-0.0022557
8.382,-0.0022512
8.384,-0.0022467
8.386,-0.0022422
8.388,-0.0022377
8.39,-0.0022332
8.392,-0.0022288
8.394,-0.0022243
8.396,-0.0022199
8.398,-0.0022154
8.4,-0.002211
8.402,-0.0022066
8.404,-0.0022022
8.406,-0.0021978
8.408,-0.0021934
8.41,-0.002189
8.412,-0.0021846
8.414,-0.0021803
8.416,-0.0021759
8.418,-0.0021716
8.42,-0.0021672
8.422,-0.0021629
8.424,-0.0021586
8.426,-0.0021543
8.428,-0.00215
8.43,-0.0021457
8.432,-0.0021414
8.434,-0.0021371
8.436,-0.0021328
8.438,-0.0021286
8.44,-0.0021243
8.442,-0.0021201
8.444,-0.0021158
8.446,-0.0021116
8.448,-0.0021074
8.45,-0.0021032
8.452,-0.002099
8.454,0.00097011
8.456,0.00096817
8.458,0.00096623
8.46,0.0009643
8.462,0.00096238
8.464,0.00096045
8.466,0.0040234
8.468,0.0040154
8.47,0.0040074
8.472,0.0039994
8.474,0.0039914
8.476,0.0039834
8.478,0.0070403
8.48,0.0070263
8.482,0.0070122
8.484,0.0069982
8.486,0.0069842
8.488,0.0069703
8.49,0.0069564
8.492,0.0069425
8.494,0.0069286
8.496,0.0069147
8.498,0.0069009
8.5,0.0068871
8.502,0.0068734
8.504,0.0068596
8.506,0.0068459
8.508,0.0068323
8.51,0.0068186
8.512,0.006805
8.514,0.0067914
8.516,0.0067778
8.518,0.0067643
8.52,0.0067508
8.522,0.0067373
8.524,0.0067238
8.526,0.0067104
8.528,0.006697
8.53,0.0066836
8.532,0.0036053
8.534,0.0035981
8.536,0.0035909
8.538,0.0035838
8.54,0.0035766
8.542,0.0035695
8.544,0.0035623
8.546,0.0035552
8.548,0.0035481
8.55,0.003541
8.552,0.003534
8.554,0.0035269
8.556,0.0035198
8.558,0.0035128
8.56,0.0035058
8.562,0.0034988
8.564,0.0034918
8.566,0.0065497
8.568,0.0065366
8.57,0.0065236
8.572,0.0065105
8.574,0.0064975
8.576,0.0064845
8.578,0.0064716
8.58,0.0064587
8.582,0.0064458
8.584,0.0064329
8.586,0.00642
8.588,0.0064072
8.59,0.0094593
8.592,0.0094404
8.594,0.0094215
8.596,0.0094027
8.598,0.0093839
8.6,0.0093652
8.602,0.0093465
8.604,0.0093278
8.606,0.0093091
8.608,0.0092905
8.61,0.009272
8.612,0.0092535
8.614,0.009235
8.616,0.0092165
8.618,0.0091981
8.62,0.0091797
8.622,0.0091614
8.624,0.0091431
8.626,0.0091248
8.628,0.0091066
8.63,0.0090884
8.632,0.0090702
8.634,0.0090521
8.636,0.009034
8.638,0.009016
8.64,0.008998
8.642,0.00898
8.644,0.008962
8.646,0.0089441
8.648,0.0089263
8.65,0.0089084
8.652,0.0088906
8.654,0.0088729
8.656,0.0088551
8.658,0.0088374
8.66,0.0088198
8.662,0.0088022
8.664,0.0087846
8.666,0.008767
8.668,0.0087495
8.67,0.008732
8.672,0.0087146
8.674,0.0086972
8.676,0.0086798
8.678,0.0086624
8.68,0.0086451
8.682,0.0086279
8.684,0.0055457
8.686,0.0055347
8.688,0.0055236
8.69,0.0055126
8.692,0.0055015
8.694,0.0054906
8.696,0.0054796
8.698,0.0054686
8.7,0.0054577
8.702,0.0054468
8.704,0.0054359
8.706,0.0054251
8.708,0.0054142
8.71,0.0054034
8.712,0.0053926
8.714,0.0053818
8.716,0.0053711
8.718,0.0053603
8.72,0.0053496
8.722,0.0053389
8.724,0.0053283
8.726,0.0053176
8.728,0.005307
8.73,0.0052964
8.732,0.0052858
8.734,0.0052753
8.736,0.0052647
8.738,0.0052542
8.74,0.0052437
8.742,0.0052332
8.744,0.0052228
8.746,0.0052123
8.748,0.0052019
8.75,0.0051915
8.752,0.0051812
8.754,0.0051708
8.756,0.0051605
8.758,0.0051502
8.76,0.0082048
8.762,0.0081884
8.764,0.008172
8.766,0.0081557
8.768,0.0081394
8.77,0.0081231
8.772,0.0081069
8.774,0.0080907
8.776,0.0080745
8.778,0.0080584
8.78,0.0080423
8.782,0.0080262
8.784,0.0080102
8.786,0.0079942
8.788,0.0079782
8.79,0.0079623
8.792,0.0048815
8.794,0.0048717
8.796,0.004862
8.798,0.0048523
8.8,0.0048426
8.802,0.0048329
8.804,0.0048233
8.806,0.0048136
8.808,0.004804
8.81,0.0047944
8.812,0.0047848
8.814,0.0047753
8.816,0.0047657
8.818,0.0047562
8.82,0.0047467
8.822,0.0047372
8.824,0.0047277
8.826,0.0016534
8.828,0.0016501
8.83,0.0016468
8.832,0.0016435
8.834,0.0016402
8.836,0.001637
8.838,0.0016337
8.84,0.0016304
8.842,0.0016272
8.844,0.0016239
8.846,0.0016207
8.848,0.0016174
8.85,0.0016142
8.852,0.001611
8.854,0.0016077
8.856,0.0016045
8.858,0.0016013
8.86,0.0015981
8.862,0.0015949
8.864,0.0015918
8.866,0.0015886
8.868,0.0015854
8.87,0.0015822
8.872,0.0015791
8.874,0.0015759
8.876,0.0015728
8.878,0.0015696
8.88,0.0015665
8.882,0.0015634
8.884,0.0015602
8.886,0.0015571
8.888,0.001554
8.89,0.0015509
8.892,0.0015478
8.894,0.0015447
8.896,0.0015416
8.898,0.0015385
8.9,0.0046004
8.902,0.0045912
8.904,0.004582
8.906,0.0045728
8.908,0.0045637
8.91,0.0045546
8.912,0.0045455
8.914,0.0045364
8.916,0.0045273
8.918,0.0045183
8.92,0.0045093
8.922,0.0045003
8.924,0.0044913
8.926,0.0044823
8.928,0.0014084
8.93,0.0014056
8.932,0.0014028
8.934,0.0014
8.936,0.0013972
8.938,0.0013944
8.94,0.0013916
8.942,0.0013889
8.944,0.0013861
8.946,-0.0016816
8.948,-0.0016782
8.95,-0.0016749
8.952,-0.0016715
8.954,-0.0016682
8.956,-0.0016648
8.958,-0.0016615
8.96,-0.0016582
8.962,-0.0016549
8.964,-0.0016516
8.966,-0.0016483
8.968,-0.001645
8.97,-0.0016417
8.972,-0.0016384
8.974,-0.0016351
8.976,-0.0016319
8.978,-0.0016286
8.98,-0.0016254
8.982,-0.0016221
8.984,-0.0016189
8.986,-0.0016156
8.988,-0.0016124
8.99,-0.0016092
8.992,-0.001606
8.994,-0.0016028
8.996,-0.0015996
8.998,-0.0015964
9,-0.0015932
9.002,-0.00159
9.004,-0.0015868
9.006,0.0014812
9.008,0.0014783
9.01,0.0014753
9.012,0.0014724
9.014,0.0014694
9.016,0.0014665
9.018,0.0014636
9.02,0.0014607
9.022,0.0014577
9.024,0.0014548
9.026,0.0014519
9.028,0.001449
9.03,0.0014461
9.032,0.0014432
9.034,0.0014403
9.036,0.0014375
9.038,0.0014346
9.04,0.0014317
9.042,0.0014289
9.044,0.001426
9.046,0.0014232
9.048,0.0014203
9.05,0.0014175
9.052,0.0014147
9.054,0.0014118
9.056,-0.0016559
9.058,-0.0016526
9.06,-0.0016493
9.062,-0.001646
9.064,-0.0016427
9.066,-0.0016394
9.068,-0.0016361
9.07,-0.0016329
9.072,-0.0016296
9.074,-0.0016264
9.076,-0.0016231
9.078,-0.0016199
9.08,-0.0016166
9.082,-0.0016134
9.084,-0.0016102
9.086,-0.001607
9.088,-0.0016037
9.09,-0.0016005
9.092,-0.0015973
9.094,-0.0015941
9.096,-0.001591
9.098,-0.0015878
9.1,-0.0015846
9.102,-0.0015814
9.104,-0.0015783
9.106,-0.0015751
9.108,-0.001572
9.11,-0.0015688
9.112,-0.0015657
9.114,-0.0015626
9.116,-0.0015595
9.118,-0.0015563
9.12,-0.0015532
9.122,-0.0015501
9.124,-0.001547
9.126,-0.0015439
9.128,0.001524
9.13,0.001521
9.132,0.001518
9.134,0.0015149
9.136,0.0015119
9.138,0.0015089
9.14,0.0015059
9.142,0.0015029
9.144,0.0014998
9.146,0.0014969
9.148,0.0014939
9.15,0.0014909
9.152,0.0014879
9.154,0.0014849
9.156,0.001482
9.158,0.001479
9.16,0.001476
9.162,0.0014731
9.164,0.0014701
9.166,0.0014672
9.168,0.0014643
9.17,0.0014614
9.172,0.0014584
9.174,0.0014555
9.176,0.0014526
9.178,0.0014497
9.18,0.0014468
9.182,0.0014439
9.184,0.001441
9.186,0.0014382
9.188,0.0014353
9.19,-0.0016325
9.192,-0.0016292
9.194,-0.001626
9.196,-0.0016227
9.198,-0.0016195
9.2,-0.0016162
9.202,-0.001613
9.204,-0.0016098
9.206,-0.0016066
9.208,-0.0016034
9.21,-0.0016002
9.212,-0.001597
9.214,-0.0015938
9.216,-0.0015906
9.218,-0.0015874
9.22,-0.0015842
9.222,-0.0015811
9.224,-0.0015779
9.226,-0.0015748
9.228,-0.0015716
9.23,-0.0015685
9.232,-0.0015653
9.234,-0.0015622
9.236,-0.0015591
9.238,-0.001556
9.24,-0.0015529
9.242,-0.0015498
9.244,-0.0015467
9.246,-0.0015436
9.248,-0.0015405
9.25,-0.0015374
9.252,-0.0015343
9.254,-0.0015313
9.256,-0.0015282
9.258,-0.0015252
9.26,-0.0015221
9.262,-0.0015191
9.264,-0.001516
9.266,-0.001513
9.268,-0.00151
9.27,-0.001507
9.272,-0.001504
9.274,-0.001501
9.276,-0.001498
9.278,-0.001495
9.28,-0.001492
9.282,-0.001489
9.284,-0.001486
9.286,-0.001483
9.288,-0.0014801
9.29,-0.0014771
9.292,-0.0014742
9.294,-0.0014712
9.296,-0.0014683
9.298,-0.0014654
9.3,-0.0014624
9.302,-0.0014595
9.304,-0.0014566
9.306,-0.0014537
9.308,-0.0014508
9.31,-0.0014479
9.312,-0.001445
9.314,-0.0014421
9.316,-0.0014392
9.318,-0.0014363
9.32,-0.0014335
9.322,-0.0014306
9.324,-0.0014277
9.326,-0.0014249
9.328,-0.0014221
9.33,-0.0014192
9.332,-0.0014164
9.334,-0.0014135
9.336,-0.0014107
9.338,-0.0014079
9.34,-0.0014051
9.342,-0.0014023
9.344,-0.0013995
9.346,-0.0013967
9.348,-0.0013939
9.35,-0.0013911
9.352,-0.0013883
9.354,-0.0013856
9.356,-0.0013828
9.358,-0.00138
9.36,-0.0013773
9.362,-0.0013745
9.364,-0.0013718
9.366,-0.001369
9.368,-0.0013663
9.37,-0.0013636
9.372,-0.0013608
9.374,-0.0013581
9.376,-0.0013554
9.378,-0.0013527
9.38,-0.00135
9.382,-0.0013473
9.384,-0.0013446
9.386,-0.0013419
9.388,-0.0013392
9.39,-0.0013366
9.392,-0.0013339
9.394,-0.0013312
9.396,0.0017363
9.398,0.0017329
9.4,0.0017294
9.402,0.0017259
9.404,0.0017225
9.406,0.0017191
9.408,0.0017156
9.41,0.0017122
9.412,0.0047737
9.414,0.0047641
9.416,0.0047546
9.418,0.0047451
9.42,0.0047356
9.422,0.0047262
9.424,0.0077816
9.426,0.0077661
9.428,0.0077506
9.43,0.0077351
9.432,0.0077196
9.434,0.0077042
9.436,0.0076888
9.438,0.0076734
9.44,0.0076581
9.442,0.010708
9.444,0.010686
9.446,0.010665
9.448,0.010644
9.45,0.010622
9.452,0.010601
9.454,0.01058
9.456,0.010559
9.458,0.010538
9.46,0.010517
9.462,0.010496
9.464,0.010475
9.466,0.0073889
9.468,0.0073741
9.47,0.0073594
9.472,0.0073447
9.474,0.00733
9.476,0.0073154
9.478,0.0073007
9.48,0.0072862
9.482,0.0072716
9.484,0.0072571
9.486,0.0072426
9.488,0.0072281
9.49,0.0072137
9.492,0.0071992
9.494,0.0071849
9.496,0.0071705
9.498,0.0071562
9.5,0.0071419
9.502,0.0071276
9.504,0.0071134
9.506,0.0070992
9.508,0.007085
9.51,0.0070708
9.512,0.0070567
9.514,0.0070426
9.516,0.0070285
9.518,0.0070145
9.52,0.0070005
9.522,0.0069865
9.524,0.0069725
9.526,0.0069586
9.528,0.0069447
9.53,0.0069308
9.532,0.006917
9.534,0.0069031
9.536,0.0068893
9.538,0.0068756
9.54,0.0068618
9.542,0.0068481
9.544,0.0068345
9.546,0.0068208
9.548,0.0068072
9.55,0.0067936
9.552,0.00678
9.554,0.0067664
9.556,0.0067529
9.558,0.0067394
9.56,0.006726
9.562,0.0067125
9.564,0.0066991
9.566,0.0066857
9.568,0.0066724
9.57,0.006659
9.572,0.0066457
9.574,0.0066325
9.576,0.0066192
9.578,0.006606
9.58,0.0065928
9.582,0.0065796
9.584,0.0065665
9.586,0.0065533
9.588,0.0065403
9.59,0.0065272
9.592,0.0065141
9.594,0.0065011
9.596,0.0064881
9.598,0.0064752
9.6,0.0064622
9.602,0.0064493
9.604,0.0064364
9.606,0.0064236
9.608,0.0064107
9.61,0.0094628
9.612,0.0094439
9.614,0.0094251
9.616,0.0094062
9.618,0.0093874
9.62,0.0093687
9.622,0.00935
9.624,0.0093313
9.626,0.0093126
9.628,0.009294
9.63,0.0092755
9.632,0.0092569
9.634,0.0092384
9.636,0.00922
9.638,0.0092016
9.64,0.0091832
9.642,0.0091648
9.644,0.0091465
9.646,0.0091282
9.648,0.00911
9.65,0.0090918
9.652,0.0090736
9.654,0.0090555
9.656,0.0090374
9.658,0.0090194
9.66,0.0090013
9.662,0.0089833
9.664,0.0089654
9.666,0.0089475
9.668,0.0089296
9.67,0.0089118
9.672,0.008894
9.674,0.0088762
9.676,0.0088585
9.678,0.0088408
9.68,0.0088231
9.682,0.0088055
9.684,0.005723
9.686,0.0057115
9.688,0.0057001
9.69,0.0056887
9.692,0.0056774
9.694,0.005666
9.696,0.0056547
9.698,0.0056434
9.7,0.0056321
9.702,0.0056209
9.704,0.0056097
9.706,0.0055984
9.708,0.0055873
9.71,0.0055761
9.712,0.005565
9.714,0.0055538
9.716,0.0055427
9.718,0.0055317
9.72,0.0055206
9.722,0.0055096
9.724,0.0085635
9.726,0.0085464
9.728,0.0085293
9.73,0.0085122
9.732,0.0084952
9.734,0.0084783
9.736,0.0084613
9.738,0.0084444
9.74,0.0084275
9.742,0.0084107
9.744,0.0083939
9.746,0.0083771
9.748,0.0083604
9.75,0.0083437
9.752,0.008327
9.754,0.0083104
9.756,0.0082938
9.758,0.0082772
9.76,0.0082607
9.762,0.0082442
9.764,0.0082277
9.766,0.0082113
9.768,0.0081948
9.77,0.0081785
9.772,0.0081621
9.774,0.0081458
9.776,0.0081295
9.778,0.0081133
9.78,0.0080971
9.782,0.0080809
9.784,0.0049999
9.786,0.0049899
9.788,0.0049799
9.79,0.00497
9.792,0.00496
9.794,0.0049501
9.796,0.0049402
9.798,0.0049304
9.8,0.0049205
9.802,0.0049107
9.804,0.0049009
9.806,0.0048911
9.808,0.0048813
9.81,0.0048716
9.812,0.0048618
9.814,0.0048521
9.816,0.0048424
9.818,0.0048327
9.82,0.0048231
9.822,0.0048134
9.824,0.0048038
9.826,0.0047942
9.828,0.0047846
9.83,0.0047751
9.832,0.0047655
9.834,0.004756
9.836,0.0047465
9.838,0.004737
9.84,0.0047276
9.842,0.0047181
9.844,0.0077736
9.846,0.0077581
9.848,0.0077426
9.85,0.0077271
9.852,0.0077117
9.854,0.0076963
9.856,0.0076809
9.858,0.0076655
9.86,0.0076502
9.862,0.0076349
9.864,0.0076197
9.866,0.0076044
9.868,0.0075893
9.87,0.0075741
9.872,0.007559
9.874,0.0075439
9.876,0.0075288
9.878,0.0075137
9.88,0.0074987
9.882,0.0074837
9.884,0.0074688
9.886,0.0074539
9.888,0.007439
9.89,0.0074241
9.892,0.0074093
9.894,0.0043296
9.896,0.0043209
9.898,0.0043123
9.9,0.0043037
9.902,0.0042951
9.904,0.0042865
9.906,0.0042779
9.908,0.0042694
9.91,0.0042609
9.912,0.0042523
9.914,0.0042438
9.916,0.0042354
9.918,0.0042269
9.92,0.0042185
9.922,0.00421
9.924,0.0042016
9.926,0.0041932
9.928,0.0041848
9.93,0.0041765
9.932,0.0041681
9.934,0.0041598
9.936,0.0041515
9.938,0.0041432
9.94,0.0041349
9.942,0.0041267
9.944,0.0041184
9.946,0.0041102
9.948,0.004102
9.95,0.0040938
9.952,0.0040856
9.954,0.0040774
9.956,0.0040693
9.958,0.0040612
9.96,0.0040531
9.962,0.004045
9.964,0.0040369
9.966,0.0040288
9.968,0.0040208
9.97,0.0040127
9.972,0.0040047
9.974,0.0039967
9.976,0.0039887
9.978,0.0039808
9.98,0.0039728
9.982,0.0039649
9.984,0.0039569
9.986,0.003949
9.988,0.0039411
9.99,0.0039333
9.992,0.0039254
9.994,0.0039176
9.996,0.0039097
9.998,0.0039019
10,0.0038941
