0,0.19328
0.002,0.19635
0.004,0.19942
0.006,0.20249
0.008,0.20862
0.01,0.21169
0.012,0.21476
0.014,0.22089
0.016,0.22396
0.018,0.2301
0.02,0.23623
0.022,0.2393
0.024,0.24544
0.026,0.25157
0.028,0.25771
0.03,0.26078
0.032,0.26691
0.034,0.27305
0.036,0.27918
0.038,0.28532
0.04,0.29146
0.042,0.29759
0.044,0.30373
0.046,0.30986
0.048,0.316
0.05,0.32214
0.052,0.32827
0.054,0.33441
0.056,0.34361
0.058,0.34668
0.06,0.35588
0.062,0.36202
0.064,0.36816
0.066,0.37736
0.068,0.3835
0.07,0.38963
0.072,0.39577
0.074,0.40497
0.076,0.41111
0.078,0.42031
0.08,0.42645
0.082,0.43258
0.084,0.44179
0.086,0.44792
0.088,0.45713
0.09,0.46326
0.092,0.47247
0.094,0.4786
0.096,0.48781
0.098,0.49394
0.1,0.50315
0.102,0.50928
0.104,0.51849
0.106,0.52769
0.108,0.53383
0.11,0.54303
0.112,0.55223
0.114,0.55837
0.116,0.56757
0.118,0.57678
0.12,0.58291
0.122,0.59212
0.124,0.60132
0.126,0.60746
0.128,0.61666
0.13,0.62586
0.132,0.63507
0.134,0.6412
0.136,0.65041
0.138,0.65961
0.14,0.66882
0.142,0.67802
0.144,0.68722
0.146,0.69336
0.148,0.70256
0.15,0.71177
0.152,0.72097
0.154,0.73017
0.156,0.73938
0.158,0.74858
0.16,0.75779
0.162,0.76699
0.164,0.77619
0.166,0.7854
0.168,0.7946
0.17,0.80381
0.172,0.81301
0.174,0.82221
0.176,0.82835
0.178,0.83755
0.18,0.84676
0.182,0.85289
0.184,0.85903
0.186,0.86517
0.188,0.87437
0.19,0.87744
0.192,0.88357
0.194,0.88971
0.196,0.89584
0.198,0.89891
0.2,0.90198
0.202,0.90812
0.204,0.91118
0.206,0.91425
0.208,0.91732
0.21,0.92039
0.212,0.92039
0.214,0.92346
0.216,0.92346
0.218,0.92346
0.22,0.92346
0.222,0.92346
0.224,0.92346
0.226,0.92346
0.228,0.92346
0.23,0.92346
0.232,0.92039
0.234,0.91732
0.236,0.91425
0.238,0.91118
0.24,0.90812
0.242,0.90505
0.244,0.90198
0.246,0.89584
0.248,0.89278
0.25,0.88664
0.252,0.88357
0.254,0.87744
0.256,0.87437
0.258,0.86823
0.26,0.8621
0.262,0.85596
0.264,0.84983
0.266,0.84369
0.268,0.83755
0.27,0.83449
0.272,0.82528
0.274,0.82221
0.276,0.81608
0.278,0.80994
0.28,0.80381
0.282,0.79767
0.284,0.79153
0.286,0.7854
0.288,0.78233
0.29,0.77619
0.292,0.77006
0.294,0.76392
0.296,0.76085
0.298,0.75472
0.3,0.75165
0.302,0.74551
0.304,0.73938
0.306,0.73631
0.308,0.73017
0.31,0.72711
0.312,0.72404
0.314,0.7179
0.316,0.71484
0.318,0.71177
0.32,0.70563
0.322,0.70256
0.324,0.6995
0.326,0.69643
0.328,0.69029
0.33,0.68722
0.332,0.68416
0.334,0.68109
0.336,0.67802
0.338,0.67495
0.34,0.67188
0.342,0.66882
0.344,0.66575
0.346,0.66268
0.348,0.65654
0.35,0.65348
0.352,0.65348
0.354,0.65041
0.356,0.64734
0.358,0.64427
0.36,0.6412
0.362,0.63814
0.364,0.63507
0.366,0.632
0.368,0.62893
0.37,0.62586
0.372,0.6228
0.374,0.61973
0.376,0.61666
0.378,0.61359
0.38,0.61052
0.382,0.60746
0.384,0.60439
0.386,0.60439
0.388,0.60132
0.39,0.59518
0.392,0.59212
0.394,0.59212
0.396,0.58905
0.398,0.58598
0.4,0.58291
0.402,0.57984
0.404,0.57678
0.406,0.57371
0.408,0.57064
0.41,0.56757
0.412,0.5645
0.414,0.5645
0.416,0.56144
0.418,0.55837
0.42,0.5553
0.422,0.5553
0.424,0.55223
0.426,0.55223
0.428,0.54917
0.43,0.54917
0.432,0.5461
0.434,0.5461
0.436,0.5461
0.438,0.5461
0.44,0.5461
0.442,0.5461
0.444,0.5461
0.446,0.5461
0.448,0.54917
0.45,0.55223
0.452,0.55223
0.454,0.5553
0.456,0.55837
0.458,0.56144
0.46,0.5645
0.462,0.56757
0.464,0.57064
0.466,0.57678
0.468,0.57984
0.47,0.58598
0.472,0.59212
0.474,0.59825
0.476,0.60439
0.478,0.61359
0.48,0.61973
0.482,0.62893
0.484,0.63814
0.486,0.64427
0.488,0.65348
0.49,0.66575
0.492,0.67802
0.494,0.68722
0.496,0.6995
0.498,0.71177
0.5,0.72404
0.502,0.73938
0.504,0.75165
0.506,0.76699
0.508,0.77926
0.51,0.7946
0.512,0.80994
0.514,0.82528
0.516,0.84062
0.518,0.85596
0.52,0.8713
0.522,0.88664
0.524,0.90198
0.526,0.91732
0.528,0.93266
0.53,0.94493
0.532,0.96027
0.534,0.97254
0.536,0.98788
0.538,1.0002
0.54,1.0124
0.542,1.0247
0.544,1.037
0.546,1.0492
0.548,1.0584
0.55,1.0707
0.552,1.083
0.554,1.0922
0.556,1.1014
0.558,1.1106
0.56,1.1198
0.562,1.129
0.564,1.1382
0.566,1.1474
0.568,1.1566
0.57,1.1628
0.572,1.1689
0.574,1.1781
0.576,1.1842
0.578,1.1934
0.58,1.1996
0.582,1.2057
0.584,1.2118
0.586,1.218
0.588,1.2241
0.59,1.2303
0.592,1.2364
0.594,1.2425
0.596,1.2487
0.598,1.2548
0.6,1.2579
0.602,1.264
0.604,1.2671
0.606,1.2732
0.608,1.2793
0.61,1.2824
0.612,1.2885
0.614,1.2916
0.616,1.2977
0.618,1.3039
0.62,1.307
0.622,1.3131
0.624,1.3162
0.626,1.3223
0.628,1.3254
0.63,1.3284
0.632,1.3346
0.634,1.3376
0.636,1.3438
0.638,1.3468
0.64,1.353
0.642,1.356
0.644,1.3622
0.646,1.3652
0.648,1.3683
0.65,1.3744
0.652,1.3775
0.654,1.3806
0.656,1.3867
0.658,1.3898
0.66,1.3929
0.662,1.399
0.664,1.4021
0.666,1.4082
0.668,1.4113
0.67,1.4143
0.672,1.4205
0.674,1.4235
0.676,1.4266
0.678,1.4327
0.68,1.4358
0.682,1.4389
0.684,1.445
0.686,1.4481
0.688,1.4511
0.69,1.4542
0.692,1.4603
0.694,1.4634
0.696,1.4634
0.698,1.4696
0.7,1.4726
0.702,1.4726
0.704,1.4757
0.706,1.4788
0.708,1.4818
0.71,1.4818
0.712,1.4849
0.714,1.4849
0.716,1.488
0.718,1.488
0.72,1.488
0.722,1.488
0.724,1.488
0.726,1.488
0.728,1.488
0.73,1.488
0.732,1.488
0.734,1.488
0.736,1.488
0.738,1.4849
0.74,1.4818
0.742,1.4788
0.744,1.4757
0.746,1.4726
0.748,1.4696
0.75,1.4665
0.752,1.4603
0.754,1.4542
0.756,1.4511
0.758,1.445
0.76,1.4389
0.762,1.4297
0.764,1.4235
0.766,1.4143
0.768,1.4051
0.77,1.3959
0.772,1.3837
0.774,1.3744
0.776,1.3622
0.778,1.3499
0.78,1.3346
0.782,1.3223
0.784,1.307
0.786,1.2916
0.788,1.2763
0.79,1.2579
0.792,1.2395
0.794,1.2241
0.796,1.2057
0.798,1.1873
0.8,1.1689
0.802,1.1505
0.804,1.1321
0.806,1.1167
0.808,1.0983
0.81,1.0799
0.812,1.0646
0.814,1.0492
0.816,1.0339
0.818,1.0186
0.82,1.0032
0.822,0.98788
0.824,0.97561
0.826,0.96334
0.828,0.95107
0.83,0.9388
0.832,0.92652
0.834,0.91732
0.836,0.90812
0.838,0.89891
0.84,0.88664
0.842,0.8805
0.844,0.8713
0.846,0.8621
0.848,0.85596
0.85,0.84676
0.852,0.84062
0.854,0.83449
0.856,0.82528
0.858,0.82221
0.86,0.81301
0.862,0.80994
0.864,0.80381
0.866,0.79767
0.868,0.79153
0.87,0.78847
0.872,0.78233
0.874,0.77926
0.876,0.77313
0.878,0.77006
0.88,0.76392
0.882,0.76085
0.884,0.75779
0.886,0.75165
0.888,0.74858
0.89,0.74551
0.892,0.74245
0.894,0.73938
0.896,0.73631
0.898,0.73017
0.9,0.72711
0.902,0.72404
0.904,0.72097
0.906,0.7179
0.908,0.71484
0.91,0.71177
0.912,0.7087
0.914,0.70563
0.916,0.70256
0.918,0.6995
0.92,0.69643
0.922,0.69336
0.924,0.69029
0.926,0.68722
0.928,0.68416
0.93,0.68109
0.932,0.67802
0.934,0.67495
0.936,0.66882
0.938,0.66575
0.94,0.66268
0.942,0.65961
0.944,0.65654
0.946,0.65348
0.948,0.65041
0.95,0.64734
0.952,0.64427
0.954,0.6412
0.956,0.63814
0.958,0.63507
0.96,0.632
0.962,0.62893
0.964,0.62586
0.966,0.6228
0.968,0.61973
0.97,0.61666
0.972,0.61359
0.974,0.61052
0.976,0.60746
0.978,0.60439
0.98,0.60439
0.982,0.60132
0.984,0.59825
0.986,0.59518
0.988,0.59212
0.99,0.59212
0.992,0.58905
0.994,0.58905
0.996,0.58598
0.998,0.58291
1,0.58291
1.002,0.57984
1.004,0.57984
1.006,0.57678
1.008,0.57678
1.01,0.57678
1.012,0.57371
1.014,0.57371
1.016,0.57371
1.018,0.57371
1.02,0.57064
1.022,0.57064
1.024,0.57064
1.026,0.57064
1.028,0.57064
1.03,0.57371
1.032,0.57371
1.034,0.57678
1.036,0.57678
1.038,0.57678
1.04,0.57984
1.042,0.58291
1.044,0.58598
1.046,0.58905
1.048,0.59212
1.05,0.59518
1.052,0.59825
1.054,0.60439
1.056,0.60746
1.058,0.61359
1.06,0.61973
1.062,0.62586
1.064,0.632
1.066,0.63814
1.068,0.64734
1.07,0.65348
1.072,0.66575
1.074,0.67495
1.076,0.68416
1.078,0.69643
1.08,0.70563
1.082,0.7179
1.084,0.73324
1.086,0.74858
1.088,0.76392
1.09,0.77926
1.092,0.7946
1.094,0.81301
1.096,0.83142
1.098,0.84983
1.1,0.8713
1.102,0.89278
1.104,0.91425
1.106,0.93573
1.108,0.96027
1.11,0.98175
1.112,1.0063
1.114,1.0278
1.116,1.0492
1.118,1.0707
1.12,1.0922
1.122,1.1137
1.124,1.1321
1.126,1.1536
1.128,1.1689
1.13,1.1873
1.132,1.2057
1.134,1.221
1.136,1.2364
1.138,1.2517
1.14,1.264
1.142,1.2763
1.144,1.2916
1.146,1.3008
1.148,1.3131
1.15,1.3254
1.152,1.3346
1.154,1.3438
1.156,1.353
1.158,1.3622
1.16,1.3683
1.162,1.3775
1.164,1.3867
1.166,1.3929
1.168,1.399
1.17,1.4051
1.172,1.4113
1.174,1.4174
1.176,1.4235
1.178,1.4297
1.18,1.4358
1.182,1.4389
1.184,1.4419
1.186,1.4481
1.188,1.4511
1.19,1.4573
1.192,1.4603
1.194,1.4634
1.196,1.4665
1.198,1.4726
1.2,1.4757
1.202,1.4788
1.204,1.4818
1.206,1.4849
1.208,1.488
1.21,1.491
1.212,1.4941
1.214,1.4972
1.216,1.5002
1.218,1.5002
1.22,1.5033
1.222,1.5064
1.224,1.5094
1.226,1.5125
1.228,1.5125
1.23,1.5156
1.232,1.5186
1.234,1.5217
1.236,1.5217
1.238,1.5248
1.24,1.5248
1.242,1.5278
1.244,1.5278
1.246,1.5309
1.248,1.534
1.25,1.534
1.252,1.537
1.254,1.537
1.256,1.537
1.258,1.5401
1.26,1.5432
1.262,1.5432
1.264,1.5463
1.266,1.5463
1.268,1.5493
1.27,1.5493
1.272,1.5493
1.274,1.5524
1.276,1.5524
1.278,1.5555
1.28,1.5555
1.282,1.5585
1.284,1.5585
1.286,1.5616
1.288,1.5616
1.29,1.5616
1.292,1.5647
1.294,1.5647
1.296,1.5677
1.298,1.5677
1.3,1.5708
1.302,1.5708
1.304,1.5739
1.306,1.5739
1.308,1.5739
1.31,1.5769
1.312,1.5769
1.314,1.58
1.316,1.5831
1.318,1.5831
1.32,1.5861
1.322,1.5861
1.324,1.5861
1.326,1.5892
1.328,1.5923
1.33,1.5923
1.332,1.5953
1.334,1.5953
1.336,1.5984
1.338,1.5984
1.34,1.5984
1.342,1.6015
1.344,1.6015
1.346,1.6045
1.348,1.6045
1.35,1.6076
1.352,1.6076
1.354,1.6076
1.356,1.6107
1.358,1.6107
1.36,1.6107
1.362,1.6107
1.364,1.6107
1.366,1.6107
1.368,1.6107
1.37,1.6076
1.372,1.6076
1.374,1.6076
1.376,1.6045
1.378,1.6015
1.38,1.5984
1.382,1.5984
1.384,1.5953
1.386,1.5923
1.388,1.5861
1.39,1.5831
1.392,1.58
1.394,1.5739
1.396,1.5677
1.398,1.5616
1.4,1.5555
1.402,1.5493
1.404,1.5401
1.406,1.534
1.408,1.5248
1.41,1.5156
1.412,1.5033
1.414,1.4941
1.416,1.4818
1.418,1.4696
1.42,1.4542
1.422,1.4389
1.424,1.4235
1.426,1.4082
1.428,1.3898
1.43,1.3714
1.432,1.353
1.434,1.3315
1.436,1.31
1.438,1.2885
1.44,1.264
1.442,1.2395
1.444,1.2149
1.446,1.1904
1.448,1.1628
1.45,1.1382
1.452,1.1137
1.454,1.0891
1.456,1.0677
1.458,1.0431
1.46,1.0216
1.462,1.0002
1.464,0.98175
1.466,0.96027
1.468,0.94186
1.47,0.92346
1.472,0.90812
1.474,0.89278
1.476,0.87744
1.478,0.86517
1.48,0.84983
1.482,0.83755
1.484,0.82528
1.486,0.81608
1.488,0.80381
1.49,0.7946
1.492,0.7854
1.494,0.77619
1.496,0.76699
1.498,0.76085
1.5,0.75165
1.502,0.74551
1.504,0.73938
1.506,0.73324
1.508,0.72711
1.51,0.72097
1.512,0.71484
1.514,0.7087
1.516,0.70563
1.518,0.6995
1.52,0.69643
1.522,0.69029
1.524,0.68722
1.526,0.68416
1.528,0.67802
1.53,0.67495
1.532,0.67188
1.534,0.66882
1.536,0.66575
1.538,0.66268
1.54,0.65961
1.542,0.65654
1.544,0.65348
1.546,0.65348
1.548,0.65041
1.55,0.64734
1.552,0.64734
1.554,0.64427
1.556,0.6412
1.558,0.6412
1.56,0.63814
1.562,0.63814
1.564,0.63507
1.566,0.63507
1.568,0.632
1.57,0.632
1.572,0.62893
1.574,0.62893
1.576,0.62893
1.578,0.62586
1.58,0.62586
1.582,0.62586
1.584,0.6228
1.586,0.6228
1.588,0.61973
1.59,0.61973
1.592,0.61973
1.594,0.61666
1.596,0.61666
1.598,0.61666
1.6,0.61359
1.602,0.61359
1.604,0.61052
1.606,0.61052
1.608,0.60746
1.61,0.60746
1.612,0.60746
1.614,0.60439
1.616,0.60439
1.618,0.60132
1.62,0.60132
1.622,0.59825
1.624,0.59825
1.626,0.59518
1.628,0.59212
1.63,0.59212
1.632,0.58905
1.634,0.58905
1.636,0.58598
1.638,0.58291
1.64,0.58291
1.642,0.57984
1.644,0.57678
1.646,0.57678
1.648,0.57371
1.65,0.57064
1.652,0.56757
1.654,0.56757
1.656,0.5645
1.658,0.56144
1.66,0.55837
1.662,0.5553
1.664,0.5553
1.666,0.55223
1.668,0.54917
1.67,0.5461
1.672,0.54303
1.674,0.53996
1.676,0.53689
1.678,0.53383
1.68,0.53076
1.682,0.52769
1.684,0.52462
1.686,0.52155
1.688,0.51849
1.69,0.51542
1.692,0.51235
1.694,0.50928
1.696,0.50621
1.698,0.50315
1.7,0.50008
1.702,0.49701
1.704,0.49394
1.706,0.49087
1.708,0.48781
1.71,0.48474
1.712,0.48167
1.714,0.4786
1.716,0.47553
1.718,0.47247
1.72,0.4694
1.722,0.4694
1.724,0.46633
1.726,0.46326
1.728,0.46019
1.73,0.46019
1.732,0.45713
1.734,0.45713
1.736,0.45406
1.738,0.45406
1.74,0.45406
1.742,0.45406
1.744,0.45099
1.746,0.45099
1.748,0.45099
1.75,0.45099
1.752,0.45406
1.754,0.45406
1.756,0.45713
1.758,0.45713
1.76,0.46019
1.762,0.46326
1.764,0.46633
1.766,0.47247
1.768,0.47553
1.77,0.48167
1.772,0.48781
1.774,0.49394
1.776,0.50008
1.778,0.50928
1.78,0.51849
1.782,0.52769
1.784,0.53689
1.786,0.5461
1.788,0.55837
1.79,0.57064
1.792,0.58598
1.794,0.60132
1.796,0.61666
1.798,0.63507
1.8,0.65348
1.802,0.67495
1.804,0.69336
1.806,0.7179
1.808,0.73938
1.81,0.76392
1.812,0.78847
1.814,0.81301
1.816,0.83755
1.818,0.8621
1.82,0.88664
1.822,0.90812
1.824,0.93266
1.826,0.95414
1.828,0.97254
1.83,0.99402
1.832,1.0124
1.834,1.0308
1.836,1.0462
1.838,1.0615
1.84,1.0769
1.842,1.0922
1.844,1.1045
1.846,1.1167
1.848,1.1259
1.85,1.1382
1.852,1.1474
1.854,1.1566
1.856,1.1658
1.858,1.172
1.86,1.1781
1.862,1.1842
1.864,1.1904
1.866,1.1965
1.868,1.2026
1.87,1.2057
1.872,1.2118
1.874,1.2149
1.876,1.218
1.878,1.2241
1.88,1.2272
1.882,1.2303
1.884,1.2303
1.886,1.2333
1.888,1.2364
1.89,1.2364
1.892,1.2395
1.894,1.2395
1.896,1.2425
1.898,1.2425
1.9,1.2425
1.902,1.2425
1.904,1.2425
1.906,1.2425
1.908,1.2425
1.91,1.2425
1.912,1.2425
1.914,1.2425
1.916,1.2425
1.918,1.2425
1.92,1.2395
1.922,1.2395
1.924,1.2395
1.926,1.2364
1.928,1.2364
1.93,1.2333
1.932,1.2303
1.934,1.2303
1.936,1.2303
1.938,1.2272
1.94,1.2241
1.942,1.2241
1.944,1.221
1.946,1.218
1.948,1.218
1.95,1.2149
1.952,1.2149
1.954,1.2118
1.956,1.2088
1.958,1.2057
1.96,1.2057
1.962,1.2026
1.964,1.2026
1.966,1.1996
1.968,1.1965
1.97,1.1965
1.972,1.1934
1.974,1.1934
1.976,1.1904
1.978,1.1904
1.98,1.1873
1.982,1.1842
1.984,1.1842
1.986,1.1842
1.988,1.1812
1.99,1.1812
1.992,1.1812
1.994,1.1781
1.996,1.1781
1.998,1.1781
2,1.175
2.002,1.175
2.004,1.175
2.006,1.175
2.008,1.172
2.01,1.172
2.012,1.172
2.014,1.172
2.016,1.172
2.018,1.172
2.02,1.172
2.022,1.172
2.024,1.172
2.026,1.172
2.028,1.172
2.03,1.172
2.032,1.175
2.034,1.175
2.036,1.175
2.038,1.175
2.04,1.1781
2.042,1.1781
2.044,1.1781
2.046,1.1812
2.048,1.1812
2.05,1.1842
2.052,1.1842
2.054,1.1873
2.056,1.1873
2.058,1.1904
2.06,1.1904
2.062,1.1934
2.064,1.1934
2.066,1.1965
2.068,1.1996
2.07,1.2026
2.072,1.2026
2.074,1.2057
2.076,1.2088
2.078,1.2118
2.08,1.2118
2.082,1.2149
2.084,1.218
2.086,1.218
2.088,1.221
2.09,1.2241
2.092,1.2272
2.094,1.2303
2.096,1.2303
2.098,1.2333
2.1,1.2364
2.102,1.2395
2.104,1.2425
2.106,1.2425
2.108,1.2456
2.11,1.2456
2.112,1.2487
2.114,1.2517
2.116,1.2517
2.118,1.2548
2.12,1.2548
2.122,1.2579
2.124,1.2579
2.126,1.2609
2.128,1.2609
2.13,1.264
2.132,1.264
2.134,1.264
2.136,1.264
2.138,1.264
2.14,1.264
2.142,1.264
2.144,1.264
2.146,1.264
2.148,1.264
2.15,1.2609
2.152,1.2609
2.154,1.2579
2.156,1.2548
2.158,1.2517
2.16,1.2487
2.162,1.2456
2.164,1.2395
2.166,1.2364
2.168,1.2303
2.17,1.2241
2.172,1.218
2.174,1.2118
2.176,1.2026
2.178,1.1934
2.18,1.1842
2.182,1.175
2.184,1.1628
2.186,1.1536
2.188,1.1382
2.19,1.1259
2.192,1.1106
2.194,1.0953
2.196,1.0769
2.198,1.0584
2.2,1.037
2.202,1.0186
2.204,0.99402
2.206,0.96948
2.208,0.94493
2.21,0.92039
2.212,0.89278
2.214,0.86517
2.216,0.83755
2.218,0.80994
2.22,0.78233
2.222,0.75472
2.224,0.72711
2.226,0.70256
2.228,0.67802
2.23,0.65348
2.232,0.632
2.234,0.61052
2.236,0.58905
2.238,0.57064
2.24,0.55223
2.242,0.53689
2.244,0.52155
2.246,0.50621
2.248,0.49394
2.25,0.48167
2.252,0.4694
2.254,0.45713
2.256,0.44792
2.258,0.43565
2.26,0.42951
2.262,0.42031
2.264,0.41111
2.266,0.40497
2.268,0.39884
2.27,0.3927
2.272,0.38656
2.274,0.38043
2.276,0.37429
2.278,0.37122
2.28,0.36816
2.282,0.36202
2.284,0.35895
2.286,0.35588
2.288,0.35282
2.29,0.34975
2.292,0.34668
2.294,0.34668
2.296,0.34361
2.298,0.34361
2.3,0.34054
2.302,0.33748
2.304,0.33748
2.306,0.33748
2.308,0.33748
2.31,0.33748
2.312,0.33441
2.314,0.33441
2.316,0.33441
2.318,0.33441
2.32,0.33441
2.322,0.33748
2.324,0.33748
2.326,0.33748
2.328,0.34054
2.33,0.34054
2.332,0.34361
2.334,0.34361
2.336,0.34361
2.338,0.34668
2.34,0.34668
2.342,0.34975
2.344,0.34975
2.346,0.35282
2.348,0.35282
2.35,0.35588
2.352,0.35588
2.354,0.35895
2.356,0.35895
2.358,0.36202
2.36,0.36509
2.362,0.36509
2.364,0.36816
2.366,0.36816
2.368,0.37122
2.37,0.37122
2.372,0.37429
2.374,0.37429
2.376,0.37736
2.378,0.37736
2.38,0.38043
2.382,0.38043
2.384,0.3835
2.386,0.3835
2.388,0.3835
2.39,0.3835
2.392,0.38656
2.394,0.38656
2.396,0.38656
2.398,0.38963
2.4,0.38963
2.402,0.38963
2.404,0.38963
2.406,0.38963
2.408,0.38963
2.41,0.38963
2.412,0.38963
2.414,0.38963
2.416,0.38963
2.418,0.38963
2.42,0.38963
2.422,0.38963
2.424,0.38656
2.426,0.38656
2.428,0.38656
2.43,0.3835
2.432,0.3835
2.434,0.3835
2.436,0.38043
2.438,0.38043
2.44,0.37736
2.442,0.37736
2.444,0.37429
2.446,0.37122
2.448,0.37122
2.45,0.36816
2.452,0.36509
2.454,0.36202
2.456,0.35895
2.458,0.35895
2.46,0.35588
2.462,0.35282
2.464,0.34975
2.466,0.34668
2.468,0.34361
2.47,0.34054
2.472,0.33748
2.474,0.33441
2.476,0.33134
2.478,0.3252
2.48,0.32214
2.482,0.31907
2.484,0.31293
2.486,0.30986
2.488,0.3068
2.49,0.30066
2.492,0.29759
2.494,0.29452
2.496,0.28839
2.498,0.28532
2.5,0.27918
2.502,0.27612
2.504,0.26998
2.506,0.26691
2.508,0.26078
2.51,0.25771
2.512,0.25157
2.514,0.2485
2.516,0.24237
2.518,0.23623
2.52,0.23317
2.522,0.22703
2.524,0.22089
2.526,0.21783
2.528,0.21169
2.53,0.20862
2.532,0.20249
2.534,0.19635
2.536,0.19021
2.538,0.18715
2.54,0.18408
2.542,0.17794
2.544,0.17181
2.546,0.16874
2.548,0.1626
2.55,0.15953
2.552,0.1534
2.554,0.15033
2.556,0.14419
2.558,0.14113
2.56,0.13806
2.562,0.13192
2.564,0.12885
2.566,0.12579
2.568,0.11965
2.57,0.11658
2.572,0.11351
2.574,0.11045
2.576,0.10738
2.578,0.10431
2.58,0.10124
2.582,0.098175
2.584,0.095107
2.586,0.092039
2.588,0.088971
2.59,0.088971
2.592,0.085903
2.594,0.085903
2.596,0.082835
2.598,0.082835
2.6,0.082835
2.602,0.082835
2.604,0.079767
2.606,0.079767
2.608,0.082835
2.61,0.082835
2.612,0.085903
2.614,0.085903
2.616,0.088971
2.618,0.092039
2.62,0.095107
2.622,0.098175
2.624,0.10431
2.626,0.11045
2.628,0.11351
2.63,0.12272
2.632,0.12885
2.634,0.13806
2.636,0.14726
2.638,0.15647
2.64,0.16567
2.642,0.17794
2.644,0.19021
2.646,0.20555
2.648,0.22089
2.65,0.23623
2.652,0.25464
2.654,0.27305
2.656,0.29452
2.658,0.316
2.66,0.33748
2.662,0.36202
2.664,0.38963
2.666,0.41724
2.668,0.44179
2.67,0.4694
2.672,0.49701
2.674,0.52462
2.676,0.55223
2.678,0.57678
2.68,0.60439
2.682,0.62586
2.684,0.65041
2.686,0.66882
2.688,0.69029
2.69,0.7087
2.692,0.72711
2.694,0.74245
2.696,0.76085
2.698,0.77313
2.7,0.7854
2.702,0.79767
2.704,0.80994
2.706,0.81915
2.708,0.82835
2.71,0.83755
2.712,0.84676
2.714,0.85289
2.716,0.8621
2.718,0.86823
2.72,0.87437
2.722,0.87744
2.724,0.88357
2.726,0.88664
2.728,0.89278
2.73,0.89584
2.732,0.89891
2.734,0.90198
2.736,0.90198
2.738,0.90505
2.74,0.90812
2.742,0.90812
2.744,0.90812
2.746,0.91118
2.748,0.91118
2.75,0.91118
2.752,0.91118
2.754,0.91118
2.756,0.91118
2.758,0.91118
2.76,0.90812
2.762,0.90812
2.764,0.90505
2.766,0.90505
2.768,0.90198
2.77,0.89891
2.772,0.89891
2.774,0.89584
2.776,0.89278
2.778,0.88971
2.78,0.88664
2.782,0.88357
2.784,0.8805
2.786,0.87744
2.788,0.87437
2.79,0.8713
2.792,0.86517
2.794,0.8621
2.796,0.85903
2.798,0.85596
2.8,0.85289
2.802,0.84676
2.804,0.84369
2.806,0.84062
2.808,0.83449
2.81,0.83142
2.812,0.82835
2.814,0.82221
2.816,0.81915
2.818,0.81608
2.82,0.80994
2.822,0.80687
2.824,0.80381
2.826,0.79767
2.828,0.7946
2.83,0.79153
2.832,0.7854
2.834,0.78233
2.836,0.77926
2.838,0.77619
2.84,0.77006
2.842,0.76699
2.844,0.76392
2.846,0.76085
2.848,0.75472
2.85,0.75165
2.852,0.74858
2.854,0.74551
2.856,0.74245
2.858,0.73938
2.86,0.73631
2.862,0.73324
2.864,0.73017
2.866,0.72711
2.868,0.72404
2.87,0.72404
2.872,0.72097
2.874,0.72097
2.876,0.72097
2.878,0.72097
2.88,0.72097
2.882,0.72097
2.884,0.72404
2.886,0.72711
2.888,0.73017
2.89,0.73324
2.892,0.73631
2.894,0.73938
2.896,0.74551
2.898,0.74858
2.9,0.75472
2.902,0.76085
2.904,0.76392
2.906,0.77006
2.908,0.77313
2.91,0.77926
2.912,0.7854
2.914,0.78847
2.916,0.79153
2.918,0.7946
2.92,0.79767
2.922,0.80074
2.924,0.80381
2.926,0.80687
2.928,0.80687
2.93,0.80994
2.932,0.80994
2.934,0.80994
2.936,0.80994
2.938,0.80994
2.94,0.80687
2.942,0.80381
2.944,0.80381
2.946,0.80074
2.948,0.79767
2.95,0.79153
2.952,0.78847
2.954,0.7854
2.956,0.77926
2.958,0.77619
2.96,0.77006
2.962,0.76392
2.964,0.76085
2.966,0.75165
2.968,0.74858
2.97,0.74245
2.972,0.73631
2.974,0.73017
2.976,0.72404
2.978,0.7179
2.98,0.71177
2.982,0.70563
2.984,0.70256
2.986,0.69643
2.988,0.69029
2.99,0.68416
2.992,0.67802
2.994,0.67495
2.996,0.66882
2.998,0.66575
3,0.65961
3.002,0.65348
3.004,0.65041
3.006,0.64427
3.008,0.6412
3.01,0.63814
3.012,0.632
3.014,0.62893
3.016,0.62586
3.018,0.61973
3.02,0.61666
3.022,0.61359
3.024,0.60746
3.026,0.60439
3.028,0.60132
3.03,0.59518
3.032,0.59212
3.034,0.58905
3.036,0.58291
3.038,0.57984
3.04,0.57678
3.042,0.57064
3.044,0.56757
3.046,0.56144
3.048,0.55837
3.05,0.55223
3.052,0.54917
3.054,0.54303
3.056,0.53996
3.058,0.53383
3.06,0.53076
3.062,0.52462
3.064,0.52155
3.066,0.51542
3.068,0.51235
3.07,0.50621
3.072,0.50315
3.074,0.49701
3.076,0.49087
3.078,0.48781
3.08,0.48167
3.082,0.4786
3.084,0.47247
3.086,0.4694
3.088,0.46326
3.09,0.45713
3.092,0.45406
3.094,0.44792
3.096,0.44485
3.098,0.43872
3.1,0.43565
3.102,0.42951
3.104,0.42645
3.106,0.42031
3.108,0.41724
3.11,0.41111
3.112,0.40804
3.114,0.40497
3.116,0.39884
3.118,0.39577
3.12,0.3927
3.122,0.38656
3.124,0.3835
3.126,0.37736
3.128,0.37429
3.13,0.37122
3.132,0.36509
3.134,0.36202
3.136,0.35895
3.138,0.35588
3.14,0.34975
3.142,0.34668
3.144,0.34361
3.146,0.34054
3.148,0.33441
3.15,0.33134
3.152,0.32827
3.154,0.3252
3.156,0.32214
3.158,0.31907
3.16,0.316
3.162,0.30986
3.164,0.30986
3.166,0.3068
3.168,0.30066
3.17,0.29759
3.172,0.29452
3.174,0.29146
3.176,0.28839
3.178,0.28532
3.18,0.28225
3.182,0.27918
3.184,0.27612
3.186,0.27305
3.188,0.26998
3.19,0.26691
3.192,0.26384
3.194,0.26078
3.196,0.25771
3.198,0.25464
3.2,0.25157
3.202,0.2485
3.204,0.24544
3.206,0.24237
3.208,0.2393
3.21,0.23623
3.212,0.23317
3.214,0.2301
3.216,0.22703
3.218,0.22396
3.22,0.22396
3.222,0.22089
3.224,0.21783
3.226,0.21476
3.228,0.21169
3.23,0.20862
3.232,0.20862
3.234,0.20555
3.236,0.20249
3.238,0.19942
3.24,0.19635
3.242,0.19635
3.244,0.19328
3.246,0.19021
3.248,0.18715
3.25,0.18715
3.252,0.18408
3.254,0.18101
3.256,0.17794
3.258,0.17794
3.26,0.17487
3.262,0.17487
3.264,0.17181
3.266,0.17181
3.268,0.16874
3.27,0.16567
3.272,0.16567
3.274,0.1626
3.276,0.1626
3.278,0.15953
3.28,0.15953
3.282,0.15647
3.284,0.1534
3.286,0.1534
3.288,0.15033
3.29,0.15033
3.292,0.14726
3.294,0.14726
3.296,0.14419
3.298,0.14419
3.3,0.14113
3.302,0.14113
3.304,0.13806
3.306,0.13806
3.308,0.13499
3.31,0.13499
3.312,0.13192
3.314,0.13192
3.316,0.12885
3.318,0.12579
3.32,0.12579
3.322,0.12579
3.324,0.12272
3.326,0.12272
3.328,0.11965
3.33,0.11658
3.332,0.11658
3.334,0.11351
3.336,0.11351
3.338,0.11045
3.34,0.11045
3.342,0.11045
3.344,0.10738
3.346,0.10431
3.348,0.10431
3.35,0.10124
3.352,0.10124
3.354,0.10124
3.356,0.098175
3.358,0.098175
3.36,0.095107
3.362,0.095107
3.364,0.092039
3.366,0.092039
3.368,0.088971
3.37,0.088971
3.372,0.088971
3.374,0.088971
3.376,0.085903
3.378,0.085903
3.38,0.085903
3.382,0.082835
3.384,0.082835
3.386,0.079767
3.388,0.079767
3.39,0.079767
3.392,0.076699
3.394,0.076699
3.396,0.076699
3.398,0.076699
3.4,0.073631
3.402,0.073631
3.404,0.073631
3.406,0.070563
3.408,0.070563
3.41,0.070563
3.412,0.067495
3.414,0.067495
3.416,0.067495
3.418,0.064427
3.42,0.064427
3.422,0.064427
3.424,0.064427
3.426,0.061359
3.428,0.061359
3.43,0.061359
3.432,0.058291
3.434,0.058291
3.436,0.058291
3.438,0.055223
3.44,0.055223
3.442,0.055223
3.444,0.052155
3.446,0.052155
3.448,0.052155
3.45,0.052155
3.452,0.049087
3.454,0.049087
3.456,0.049087
3.458,0.049087
3.46,0.046019
3.462,0.046019
3.464,0.042951
3.466,0.042951
3.468,0.042951
3.47,0.042951
3.472,0.039884
3.474,0.039884
3.476,0.039884
3.478,0.039884
3.48,0.039884
3.482,0.036816
3.484,0.036816
3.486,0.036816
3.488,0.036816
3.49,0.033748
3.492,0.033748
3.494,0.033748
3.496,0.03068
3.498,0.03068
3.5,0.03068
3.502,0.03068
3.504,0.027612
3.506,0.027612
3.508,0.027612
3.51,0.027612
3.512,0.027612
3.514,0.024544
3.516,0.024544
3.518,0.024544
3.52,0.024544
3.522,0.021476
3.524,0.021476
3.526,0.018408
3.528,0.018408
3.53,0.018408
3.532,0.01534
3.534,0.01534
3.536,0.01534
3.538,0.01534
3.54,0.012272
3.542,0.012272
3.544,0.012272
3.546,0.0092039
3.548,0.0092039
3.55,0.0092039
3.552,0.0061359
3.554,0.0061359
3.556,0.0061359
3.558,0.003068
3.56,0.003068
3.562,0.003068
3.564,0.003068
3.566,-0
3.568,-0
3.57,-0
3.572,-0
3.574,-0
3.576,-0
3.578,-0.003068
3.58,-0.003068
3.582,-0.003068
3.584,-0.003068
3.586,-0.003068
3.588,-0.003068
3.59,-0.0061359
3.592,-0.0061359
3.594,-0.0061359
3.596,-0.0061359
3.598,-0.0061359
3.6,-0.0061359
3.602,-0.0061359
3.604,-0.0061359
3.606,-0.0092039
3.608,-0.0092039
3.61,-0.0092039
3.612,-0.0092039
3.614,-0.0092039
3.616,-0.0092039
3.618,-0.0092039
3.62,-0.012272
3.622,-0.012272
3.624,-0.012272
3.626,-0.012272
3.628,-0.012272
3.63,-0.01534
3.632,-0.01534
3.634,-0.01534
3.636,-0.018408
3.638,-0.018408
3.64,-0.018408
3.642,-0.018408
3.644,-0.021476
3.646,-0.021476
3.648,-0.021476
3.65,-0.024544
3.652,-0.024544
3.654,-0.024544
3.656,-0.027612
3.658,-0.027612
3.66,-0.027612
3.662,-0.03068
3.664,-0.03068
3.666,-0.03068
3.668,-0.033748
3.67,-0.033748
3.672,-0.033748
3.674,-0.033748
3.676,-0.033748
3.678,-0.036816
3.68,-0.036816
3.682,-0.036816
3.684,-0.036816
3.686,-0.036816
3.688,-0.036816
3.69,-0.036816
3.692,-0.039884
3.694,-0.039884
3.696,-0.039884
3.698,-0.039884
3.7,-0.039884
3.702,-0.039884
3.704,-0.039884
3.706,-0.039884
3.708,-0.039884
3.71,-0.042951
3.712,-0.042951
3.714,-0.042951
3.716,-0.042951
3.718,-0.042951
3.72,-0.042951
3.722,-0.042951
3.724,-0.046019
3.726,-0.046019
3.728,-0.046019
3.73,-0.046019
3.732,-0.046019
3.734,-0.046019
3.736,-0.049087
3.738,-0.049087
3.74,-0.049087
3.742,-0.049087
3.744,-0.049087
3.746,-0.052155
3.748,-0.052155
3.75,-0.052155
3.752,-0.055223
3.754,-0.055223
3.756,-0.055223
3.758,-0.055223
3.76,-0.058291
3.762,-0.058291
3.764,-0.058291
3.766,-0.058291
3.768,-0.058291
3.77,-0.061359
3.772,-0.061359
3.774,-0.061359
3.776,-0.061359
3.778,-0.064427
3.78,-0.064427
3.782,-0.064427
3.784,-0.067495
3.786,-0.067495
3.788,-0.067495
3.79,-0.067495
3.792,-0.067495
3.794,-0.070563
3.796,-0.070563
3.798,-0.070563
3.8,-0.070563
3.802,-0.070563
3.804,-0.070563
3.806,-0.073631
3.808,-0.073631
3.81,-0.073631
3.812,-0.073631
3.814,-0.073631
3.816,-0.073631
3.818,-0.073631
3.82,-0.073631
3.822,-0.073631
3.824,-0.076699
3.826,-0.076699
3.828,-0.076699
3.83,-0.076699
3.832,-0.076699
3.834,-0.076699
3.836,-0.076699
3.838,-0.076699
3.84,-0.076699
3.842,-0.076699
3.844,-0.076699
3.846,-0.079767
3.848,-0.079767
3.85,-0.079767
3.852,-0.079767
3.854,-0.079767
3.856,-0.079767
3.858,-0.079767
3.86,-0.079767
3.862,-0.082835
3.864,-0.082835
3.866,-0.082835
3.868,-0.082835
3.87,-0.082835
3.872,-0.082835
3.874,-0.085903
3.876,-0.085903
3.878,-0.085903
3.88,-0.085903
3.882,-0.088971
3.884,-0.088971
3.886,-0.092039
3.888,-0.092039
3.89,-0.092039
3.892,-0.095107
3.894,-0.095107
3.896,-0.095107
3.898,-0.095107
3.9,-0.098175
3.902,-0.098175
3.904,-0.098175
3.906,-0.098175
3.908,-0.10124
3.91,-0.10124
3.912,-0.10124
3.914,-0.10124
3.916,-0.10431
3.918,-0.10431
3.92,-0.10431
3.922,-0.10431
3.924,-0.10431
3.926,-0.10431
3.928,-0.10431
3.93,-0.10431
3.932,-0.10431
3.934,-0.10431
3.936,-0.10738
3.938,-0.10738
3.94,-0.10738
3.942,-0.10738
3.944,-0.10738
3.946,-0.10738
3.948,-0.10738
3.95,-0.10738
3.952,-0.10738
3.954,-0.10738
3.956,-0.10738
3.958,-0.10738
3.96,-0.10738
3.962,-0.10738
3.964,-0.10738
3.966,-0.10738
3.968,-0.11045
3.97,-0.11045
3.972,-0.11045
3.974,-0.11045
3.976,-0.11045
3.978,-0.11045
3.98,-0.11045
3.982,-0.11351
3.984,-0.11351
3.986,-0.11351
3.988,-0.11351
3.99,-0.11658
3.992,-0.11658
3.994,-0.11658
3.996,-0.11658
3.998,-0.11658
4,-0.11965
4.002,-0.11965
4.004,-0.11965
4.006,-0.11965
4.008,-0.11965
4.01,-0.12272
4.012,-0.12272
4.014,-0.12272
4.016,-0.12272
4.018,-0.12579
4.02,-0.12579
4.022,-0.12579
4.024,-0.12885
4.026,-0.12885
4.028,-0.12885
4.03,-0.12885
4.032,-0.12885
4.034,-0.13192
4.036,-0.13192
4.038,-0.13192
4.04,-0.13192
4.042,-0.13192
4.044,-0.13192
4.046,-0.13192
4.048,-0.13192
4.05,-0.13192
4.052,-0.13192
4.054,-0.13192
4.056,-0.13192
4.058,-0.13192
4.06,-0.13192
4.062,-0.13192
4.064,-0.13192
4.066,-0.13192
4.068,-0.13192
4.07,-0.13192
4.072,-0.13192
4.074,-0.13192
4.076,-0.13192
4.078,-0.13192
4.08,-0.13192
4.082,-0.13192
4.084,-0.13192
4.086,-0.13192
4.088,-0.13192
4.09,-0.13499
4.092,-0.13499
4.094,-0.13499
4.096,-0.13499
4.098,-0.13499
4.1,-0.13499
4.102,-0.13499
4.104,-0.13499
4.106,-0.13499
4.108,-0.13806
4.11,-0.13806
4.112,-0.13806
4.114,-0.13806
4.116,-0.14113
4.118,-0.14113
4.12,-0.14113
4.122,-0.14113
4.124,-0.14419
4.126,-0.14419
4.128,-0.14419
4.13,-0.14419
4.132,-0.14726
4.134,-0.14726
4.136,-0.14726
4.138,-0.14726
4.14,-0.14726
4.142,-0.15033
4.144,-0.15033
4.146,-0.15033
4.148,-0.15033
4.15,-0.1534
4.152,-0.1534
4.154,-0.1534
4.156,-0.1534
4.158,-0.1534
4.16,-0.1534
4.162,-0.1534
4.164,-0.1534
4.166,-0.1534
4.168,-0.1534
4.17,-0.1534
4.172,-0.1534
4.174,-0.1534
4.176,-0.1534
4.178,-0.1534
4.18,-0.1534
4.182,-0.1534
4.184,-0.1534
4.186,-0.1534
4.188,-0.1534
4.19,-0.1534
4.192,-0.1534
4.194,-0.1534
4.196,-0.1534
4.198,-0.1534
4.2,-0.1534
4.202,-0.1534
4.204,-0.1534
4.206,-0.1534
4.208,-0.1534
4.21,-0.15647
4.212,-0.15647
4.214,-0.15647
4.216,-0.15647
4.218,-0.15647
4.22,-0.15647
4.222,-0.15647
4.224,-0.15647
4.226,-0.15647
4.228,-0.15647
4.23,-0.15647
4.232,-0.15647
4.234,-0.15647
4.236,-0.15953
4.238,-0.15953
4.24,-0.15953
4.242,-0.15953
4.244,-0.15953
4.246,-0.15953
4.248,-0.1626
4.25,-0.1626
4.252,-0.1626
4.254,-0.16567
4.256,-0.16567
4.258,-0.16567
4.26,-0.16567
4.262,-0.16567
4.264,-0.16567
4.266,-0.16874
4.268,-0.16874
4.27,-0.16874
4.272,-0.16874
4.274,-0.16874
4.276,-0.16874
4.278,-0.16874
4.28,-0.16874
4.282,-0.17181
4.284,-0.17181
4.286,-0.17181
4.288,-0.17181
4.29,-0.17181
4.292,-0.17181
4.294,-0.17181
4.296,-0.17181
4.298,-0.17181
4.3,-0.17181
4.302,-0.17181
4.304,-0.17181
4.306,-0.17181
4.308,-0.17181
4.31,-0.17181
4.312,-0.17181
4.314,-0.17181
4.316,-0.17181
4.318,-0.17181
4.32,-0.17181
4.322,-0.17181
4.324,-0.17181
4.326,-0.17181
4.328,-0.17181
4.33,-0.17181
4.332,-0.17181
4.334,-0.17181
4.336,-0.17181
4.338,-0.17181
4.34,-0.17181
4.342,-0.17181
4.344,-0.17181
4.346,-0.17181
4.348,-0.17181
4.35,-0.17181
4.352,-0.17181
4.354,-0.17487
4.356,-0.17487
4.358,-0.17487
4.36,-0.17487
4.362,-0.17487
4.364,-0.17794
4.366,-0.17794
4.368,-0.17794
4.37,-0.17794
4.372,-0.17794
4.374,-0.18101
4.376,-0.18101
4.378,-0.18101
4.38,-0.18101
4.382,-0.18101
4.384,-0.18101
4.386,-0.18101
4.388,-0.18101
4.39,-0.18408
4.392,-0.18408
4.394,-0.18408
4.396,-0.18408
4.398,-0.18408
4.4,-0.18408
4.402,-0.18408
4.404,-0.18408
4.406,-0.18408
4.408,-0.18408
4.41,-0.18408
4.412,-0.18408
4.414,-0.18408
4.416,-0.18408
4.418,-0.18408
4.42,-0.18408
4.422,-0.18408
4.424,-0.18408
4.426,-0.18408
4.428,-0.18408
4.43,-0.18408
4.432,-0.18408
4.434,-0.18408
4.436,-0.18408
4.438,-0.18408
4.44,-0.18408
4.442,-0.18408
4.444,-0.18408
4.446,-0.18408
4.448,-0.18408
4.45,-0.18408
4.452,-0.18408
4.454,-0.18408
4.456,-0.18408
4.458,-0.18408
4.46,-0.18408
4.462,-0.18715
4.464,-0.18715
4.466,-0.18715
4.468,-0.18715
4.47,-0.18715
4.472,-0.19021
4.474,-0.19021
4.476,-0.19021
4.478,-0.19021
4.48,-0.19021
4.482,-0.19021
4.484,-0.19328
4.486,-0.19328
4.488,-0.19328
4.49,-0.19328
4.492,-0.19328
4.494,-0.19328
4.496,-0.19328
4.498,-0.19635
4.5,-0.19635
4.502,-0.19635
4.504,-0.19635
4.506,-0.19635
4.508,-0.19635
4.51,-0.19635
4.512,-0.19635
4.514,-0.19635
4.516,-0.19635
4.518,-0.19635
4.52,-0.19635
4.522,-0.19635
4.524,-0.19635
4.526,-0.19635
4.528,-0.19635
4.53,-0.19635
4.532,-0.19635
4.534,-0.19635
4.536,-0.19635
4.538,-0.19635
4.54,-0.19635
4.542,-0.19635
4.544,-0.19635
4.546,-0.19635
4.548,-0.19635
4.55,-0.19635
4.552,-0.19635
4.554,-0.19635
4.556,-0.19635
4.558,-0.19635
4.56,-0.19635
4.562,-0.19635
4.564,-0.19635
4.566,-0.19635
4.568,-0.19635
4.57,-0.19635
4.572,-0.19635
4.574,-0.19635
4.576,-0.19635
4.578,-0.19942
4.58,-0.19942
4.582,-0.19942
4.584,-0.19942
4.586,-0.19942
4.588,-0.20249
4.59,-0.20249
4.592,-0.20249
4.594,-0.20249
4.596,-0.20249
4.598,-0.20249
4.6,-0.20249
4.602,-0.20555
4.604,-0.20555
4.606,-0.20555
4.608,-0.20555
4.61,-0.20555
4.612,-0.20555
4.614,-0.20555
4.616,-0.20555
4.618,-0.20555
4.62,-0.20555
4.622,-0.20555
4.624,-0.20555
4.626,-0.20555
4.628,-0.20555
4.63,-0.20555
4.632,-0.20555
4.634,-0.20555
4.636,-0.20555
4.638,-0.20555
4.64,-0.20555
4.642,-0.20555
4.644,-0.20555
4.646,-0.20555
4.648,-0.20555
4.65,-0.20555
4.652,-0.20555
4.654,-0.20555
4.656,-0.20555
4.658,-0.20555
4.66,-0.20555
4.662,-0.20555
4.664,-0.20555
4.666,-0.20555
4.668,-0.20555
4.67,-0.20555
4.672,-0.20555
4.674,-0.20555
4.676,-0.20555
4.678,-0.20555
4.68,-0.20555
4.682,-0.20555
4.684,-0.20555
4.686,-0.20555
4.688,-0.20862
4.69,-0.20862
4.692,-0.20862
4.694,-0.20862
4.696,-0.20862
4.698,-0.20862
4.7,-0.20862
4.702,-0.20862
4.704,-0.21169
4.706,-0.21169
4.708,-0.21169
4.71,-0.21169
4.712,-0.21169
4.714,-0.21169
4.716,-0.21169
4.718,-0.21169
4.72,-0.21169
4.722,-0.21476
4.724,-0.21476
4.726,-0.21476
4.728,-0.21476
4.73,-0.21476
4.732,-0.21476
4.734,-0.21476
4.736,-0.21476
4.738,-0.21476
4.74,-0.21476
4.742,-0.21476
4.744,-0.21476
4.746,-0.21476
4.748,-0.21476
4.75,-0.21476
4.752,-0.21476
4.754,-0.21476
4.756,-0.21476
4.758,-0.21476
4.76,-0.21476
4.762,-0.21476
4.764,-0.21476
4.766,-0.21476
4.768,-0.21476
4.77,-0.21476
4.772,-0.21476
4.774,-0.21476
4.776,-0.21476
4.778,-0.21476
4.78,-0.21476
4.782,-0.21476
4.784,-0.21476
4.786,-0.21476
4.788,-0.21476
4.79,-0.21476
4.792,-0.21476
4.794,-0.21476
4.796,-0.21476
4.798,-0.21476
4.8,-0.21476
4.802,-0.21476
4.804,-0.21476
4.806,-0.21476
4.808,-0.21476
4.81,-0.21476
4.812,-0.21476
4.814,-0.21476
4.816,-0.21476
4.818,-0.21476
4.82,-0.21476
4.822,-0.21476
4.824,-0.21476
4.826,-0.21476
4.828,-0.21783
4.83,-0.21783
4.832,-0.21783
4.834,-0.21783
4.836,-0.21783
4.838,-0.21783
4.84,-0.21783
4.842,-0.21783
4.844,-0.21783
4.846,-0.21783
4.848,-0.21783
4.85,-0.21783
4.852,-0.21783
4.854,-0.21783
4.856,-0.21783
4.858,-0.21783
4.86,-0.21783
4.862,-0.21783
4.864,-0.21783
4.866,-0.21783
4.868,-0.21783
4.87,-0.21783
4.872,-0.21783
4.874,-0.21783
4.876,-0.21783
4.878,-0.21783
4.88,-0.21783
4.882,-0.21783
4.884,-0.21783
4.886,-0.21783
4.888,-0.21783
4.89,-0.21783
4.892,-0.21783
4.894,-0.21783
4.896,-0.21783
4.898,-0.21783
4.9,-0.21783
4.902,-0.21783
4.904,-0.21783
4.906,-0.21783
4.908,-0.21783
4.91,-0.21783
4.912,-0.21783
4.914,-0.21783
4.916,-0.21783
4.918,-0.21783
4.92,-0.21783
4.922,-0.21783
4.924,-0.21783
4.926,-0.21783
4.928,-0.21783
4.93,-0.22089
4.932,-0.22089
4.934,-0.22089
4.936,-0.22089
4.938,-0.22089
4.94,-0.22089
4.942,-0.22089
4.944,-0.22089
4.946,-0.22089
4.948,-0.22089
4.95,-0.22089
4.952,-0.22396
4.954,-0.22396
4.956,-0.22396
4.958,-0.22396
4.96,-0.22396
4.962,-0.22396
4.964,-0.22396
4.966,-0.22396
4.968,-0.22396
4.97,-0.22396
4.972,-0.22396
4.974,-0.22396
4.976,-0.22396
4.978,-0.22396
4.98,-0.22396
4.982,-0.22396
4.984,-0.22396
4.986,-0.22396
4.988,-0.22396
4.99,-0.22396
4.992,-0.22396
4.994,-0.22396
4.996,-0.22396
4.998,-0.22396
5,-0.22396
5.002,-0.22396
5.004,-0.22396
5.006,-0.22396
5.008,-0.22396
5.01,-0.22396
5.012,-0.22396
5.014,-0.22396
5.016,-0.22396
5.018,-0.22396
5.02,-0.22396
5.022,-0.22396
5.024,-0.22396
5.026,-0.22396
5.028,-0.22396
5.03,-0.22396
5.032,-0.22396
5.034,-0.22396
5.036,-0.22396
5.038,-0.22396
5.04,-0.22396
5.042,-0.22396
5.044,-0.22396
5.046,-0.22396
5.048,-0.22396
5.05,-0.22396
5.052,-0.22396
5.054,-0.22396
5.056,-0.22396
5.058,-0.22396
5.06,-0.22396
5.062,-0.22396
5.064,-0.22703
5.066,-0.22703
5.068,-0.22703
5.07,-0.22703
5.072,-0.22703
5.074,-0.22703
5.076,-0.22703
5.078,-0.22703
5.08,-0.22703
5.082,-0.22703
5.084,-0.22703
5.086,-0.22703
5.088,-0.22703
5.09,-0.22703
5.092,-0.2301
5.094,-0.2301
5.096,-0.2301
5.098,-0.2301
5.1,-0.2301
5.102,-0.2301
5.104,-0.2301
5.106,-0.2301
5.108,-0.2301
5.11,-0.2301
5.112,-0.2301
5.114,-0.2301
5.116,-0.2301
5.118,-0.2301
5.12,-0.2301
5.122,-0.2301
5.124,-0.2301
5.126,-0.2301
5.128,-0.2301
5.13,-0.2301
5.132,-0.2301
5.134,-0.2301
5.136,-0.2301
5.138,-0.2301
5.14,-0.2301
5.142,-0.2301
5.144,-0.2301
5.146,-0.2301
5.148,-0.2301
5.15,-0.2301
5.152,-0.2301
5.154,-0.2301
5.156,-0.2301
5.158,-0.2301
5.16,-0.2301
5.162,-0.2301
5.164,-0.2301
5.166,-0.2301
5.168,-0.2301
5.17,-0.2301
5.172,-0.2301
5.174,-0.2301
5.176,-0.2301
5.178,-0.2301
5.18,-0.2301
5.182,-0.2301
5.184,-0.2301
5.186,-0.2301
5.188,-0.2301
5.19,-0.2301
5.192,-0.2301
5.194,-0.2301
5.196,-0.22703
5.198,-0.22703
5.2,-0.22703
5.202,-0.22703
5.204,-0.22703
5.206,-0.22703
5.208,-0.22703
5.21,-0.22703
5.212,-0.22703
5.214,-0.22703
5.216,-0.22703
5.218,-0.22703
5.22,-0.22703
5.222,-0.22703
5.224,-0.22703
5.226,-0.22703
5.228,-0.22703
5.23,-0.22703
5.232,-0.22703
5.234,-0.22703
5.236,-0.22703
5.238,-0.22703
5.24,-0.22703
5.242,-0.22703
5.244,-0.22703
5.246,-0.22703
5.248,-0.2301
5.25,-0.2301
5.252,-0.2301
5.254,-0.2301
5.256,-0.2301
5.258,-0.2301
5.26,-0.2301
5.262,-0.2301
5.264,-0.2301
5.266,-0.2301
5.268,-0.2301
5.27,-0.2301
5.272,-0.2301
5.274,-0.2301
5.276,-0.2301
5.278,-0.2301
5.28,-0.2301
5.282,-0.2301
5.284,-0.2301
5.286,-0.2301
5.288,-0.2301
5.29,-0.2301
5.292,-0.2301
5.294,-0.2301
5.296,-0.2301
5.298,-0.2301
5.3,-0.2301
5.302,-0.2301
5.304,-0.2301
5.306,-0.2301
5.308,-0.2301
5.31,-0.2301
5.312,-0.2301
5.314,-0.2301
5.316,-0.2301
5.318,-0.2301
5.32,-0.2301
5.322,-0.2301
5.324,-0.2301
5.326,-0.2301
5.328,-0.2301
5.33,-0.2301
5.332,-0.2301
5.334,-0.2301
5.336,-0.2301
5.338,-0.2301
5.34,-0.2301
5.342,-0.2301
5.344,-0.2301
5.346,-0.2301
5.348,-0.2301
5.35,-0.2301
5.352,-0.23317
5.354,-0.23317
5.356,-0.23317
5.358,-0.23317
5.36,-0.23317
5.362,-0.23317
5.364,-0.23317
5.366,-0.23317
5.368,-0.23317
5.37,-0.23317
5.372,-0.23317
5.374,-0.23317
5.376,-0.23317
5.378,-0.23317
5.38,-0.23317
5.382,-0.23317
5.384,-0.23317
5.386,-0.23317
5.388,-0.23317
5.39,-0.23317
5.392,-0.23317
5.394,-0.23317
5.396,-0.23317
5.398,-0.23317
5.4,-0.23317
5.402,-0.23317
5.404,-0.23317
5.406,-0.23317
5.408,-0.23317
5.41,-0.23317
5.412,-0.23317
5.414,-0.23317
5.416,-0.23317
5.418,-0.23317
5.42,-0.23317
5.422,-0.23317
5.424,-0.23317
5.426,-0.23317
5.428,-0.23317
5.43,-0.23317
5.432,-0.2301
5.434,-0.2301
5.436,-0.2301
5.438,-0.2301
5.44,-0.2301
5.442,-0.2301
5.444,-0.2301
5.446,-0.2301
5.448,-0.2301
5.45,-0.2301
5.452,-0.2301
5.454,-0.2301
5.456,-0.2301
5.458,-0.2301
5.46,-0.2301
5.462,-0.2301
5.464,-0.2301
5.466,-0.2301
5.468,-0.2301
5.47,-0.2301
5.472,-0.2301
5.474,-0.2301
5.476,-0.2301
5.478,-0.2301
5.48,-0.2301
5.482,-0.2301
5.484,-0.2301
5.486,-0.2301
5.488,-0.2301
5.49,-0.2301
5.492,-0.2301
5.494,-0.2301
5.496,-0.2301
5.498,-0.23317
5.5,-0.23317
5.502,-0.23317
5.504,-0.23317
5.506,-0.23317
5.508,-0.23317
5.51,-0.23317
5.512,-0.23317
5.514,-0.23317
5.516,-0.23317
5.518,-0.23317
5.52,-0.23317
5.522,-0.23317
5.524,-0.23317
5.526,-0.23317
5.528,-0.23317
5.53,-0.23317
5.532,-0.23317
5.534,-0.23317
5.536,-0.23317
5.538,-0.23317
5.54,-0.23317
5.542,-0.23317
5.544,-0.23317
5.546,-0.23317
5.548,-0.23317
5.55,-0.23317
5.552,-0.23317
5.554,-0.23317
5.556,-0.23317
5.558,-0.23317
5.56,-0.23317
5.562,-0.23317
5.564,-0.23317
5.566,-0.23317
5.568,-0.2301
5.57,-0.2301
5.572,-0.2301
5.574,-0.2301
5.576,-0.2301
5.578,-0.2301
5.58,-0.2301
5.582,-0.2301
5.584,-0.2301
5.586,-0.2301
5.588,-0.2301
5.59,-0.2301
5.592,-0.2301
5.594,-0.2301
5.596,-0.2301
5.598,-0.2301
5.6,-0.2301
5.602,-0.2301
5.604,-0.2301
5.606,-0.2301
5.608,-0.2301
5.61,-0.2301
5.612,-0.2301
5.614,-0.2301
5.616,-0.2301
5.618,-0.2301
5.62,-0.2301
5.622,-0.2301
5.624,-0.23317
5.626,-0.23317
5.628,-0.23317
5.63,-0.23317
5.632,-0.23317
5.634,-0.23317
5.636,-0.23317
5.638,-0.23317
5.64,-0.23317
5.642,-0.23317
5.644,-0.23317
5.646,-0.23317
5.648,-0.23317
5.65,-0.23317
5.652,-0.23317
5.654,-0.23317
5.656,-0.23317
5.658,-0.23317
5.66,-0.23317
5.662,-0.23317
5.664,-0.23317
5.666,-0.23317
5.668,-0.23317
5.67,-0.23317
5.672,-0.23317
5.674,-0.23317
5.676,-0.23317
5.678,-0.23317
5.68,-0.23317
5.682,-0.23317
5.684,-0.23317
5.686,-0.23317
5.688,-0.23317
5.69,-0.23317
5.692,-0.2301
5.694,-0.2301
5.696,-0.2301
5.698,-0.2301
5.7,-0.2301
5.702,-0.2301
5.704,-0.2301
5.706,-0.2301
5.708,-0.2301
5.71,-0.2301
5.712,-0.2301
5.714,-0.2301
5.716,-0.2301
5.718,-0.2301
5.72,-0.2301
5.722,-0.2301
5.724,-0.2301
5.726,-0.2301
5.728,-0.2301
5.73,-0.2301
5.732,-0.2301
5.734,-0.2301
5.736,-0.2301
5.738,-0.2301
5.74,-0.2301
5.742,-0.23317
5.744,-0.23317
5.746,-0.23317
5.748,-0.23317
5.75,-0.23317
5.752,-0.23317
5.754,-0.23317
5.756,-0.23317
5.758,-0.23317
5.76,-0.23317
5.762,-0.23317
5.764,-0.23317
5.766,-0.23317
5.768,-0.23317
5.77,-0.23317
5.772,-0.23317
5.774,-0.23317
5.776,-0.23317
5.778,-0.23317
5.78,-0.23317
5.782,-0.23317
5.784,-0.23317
5.786,-0.23317
5.788,-0.23317
5.79,-0.23317
5.792,-0.23317
5.794,-0.23317
5.796,-0.23317
5.798,-0.23317
5.8,-0.23317
5.802,-0.23317
5.804,-0.23317
5.806,-0.23317
5.808,-0.23317
5.81,-0.23317
5.812,-0.23317
5.814,-0.23317
5.816,-0.23317
5.818,-0.23317
5.82,-0.23317
5.822,-0.23317
5.824,-0.23317
5.826,-0.2301
5.828,-0.2301
5.83,-0.2301
5.832,-0.2301
5.834,-0.2301
5.836,-0.2301
5.838,-0.2301
5.84,-0.2301
5.842,-0.2301
5.844,-0.2301
5.846,-0.2301
5.848,-0.2301
5.85,-0.2301
5.852,-0.2301
5.854,-0.2301
5.856,-0.2301
5.858,-0.2301
5.86,-0.2301
5.862,-0.2301
5.864,-0.2301
5.866,-0.2301
5.868,-0.2301
5.87,-0.2301
5.872,-0.2301
5.874,-0.2301
5.876,-0.23317
5.878,-0.23317
5.88,-0.23317
5.882,-0.23317
5.884,-0.23317
5.886,-0.23317
5.888,-0.23317
5.89,-0.23317
5.892,-0.23317
5.894,-0.23317
5.896,-0.23317
5.898,-0.23317
5.9,-0.23317
5.902,-0.23317
5.904,-0.23317
5.906,-0.23317
5.908,-0.23317
5.91,-0.23317
5.912,-0.23317
5.914,-0.23317
5.916,-0.23317
5.918,-0.23317
5.92,-0.23317
5.922,-0.23317
5.924,-0.23317
5.926,-0.23317
5.928,-0.23317
5.93,-0.23317
5.932,-0.23317
5.934,-0.23317
5.936,-0.23317
5.938,-0.23317
5.94,-0.23317
5.942,-0.23317
5.944,-0.23317
5.946,-0.23317
5.948,-0.23317
5.95,-0.23317
5.952,-0.23317
5.954,-0.23317
5.956,-0.23317
5.958,-0.23317
5.96,-0.23317
5.962,-0.2301
5.964,-0.2301
5.966,-0.2301
5.968,-0.2301
5.97,-0.2301
5.972,-0.2301
5.974,-0.2301
5.976,-0.2301
5.978,-0.2301
5.98,-0.2301
5.982,-0.2301
5.984,-0.2301
5.986,-0.2301
5.988,-0.2301
5.99,-0.2301
5.992,-0.2301
5.994,-0.2301
5.996,-0.2301
5.998,-0.2301
6,-0.2301
6.002,-0.2301
6.004,-0.2301
6.006,-0.2301
6.008,-0.2301
6.01,-0.2301
6.012,-0.2301
6.014,-0.2301
6.016,-0.2301
6.018,-0.2301
6.02,-0.2301
6.022,-0.2301
6.024,-0.2301
6.026,-0.2301
6.028,-0.2301
6.03,-0.2301
6.032,-0.2301
6.034,-0.2301
6.036,-0.2301
6.038,-0.2301
6.04,-0.2301
6.042,-0.2301
6.044,-0.2301
6.046,-0.2301
6.048,-0.2301
6.05,-0.2301
6.052,-0.2301
6.054,-0.2301
6.056,-0.2301
6.058,-0.2301
6.06,-0.2301
6.062,-0.2301
6.064,-0.2301
6.066,-0.2301
6.068,-0.2301
6.07,-0.2301
6.072,-0.2301
6.074,-0.2301
6.076,-0.2301
6.078,-0.2301
6.08,-0.2301
6.082,-0.2301
6.084,-0.2301
6.086,-0.2301
6.088,-0.22703
6.09,-0.22703
6.092,-0.22703
6.094,-0.22703
6.096,-0.22703
6.098,-0.22703
6.1,-0.22703
6.102,-0.22703
6.104,-0.22703
6.106,-0.22703
6.108,-0.22703
6.11,-0.2301
6.112,-0.2301
6.114,-0.2301
6.116,-0.2301
6.118,-0.2301
6.12,-0.2301
6.122,-0.2301
6.124,-0.2301
6.126,-0.2301
6.128,-0.2301
6.13,-0.2301
6.132,-0.2301
6.134,-0.2301
6.136,-0.2301
6.138,-0.2301
6.14,-0.2301
6.142,-0.2301
6.144,-0.2301
6.146,-0.2301
6.148,-0.2301
6.15,-0.2301
6.152,-0.2301
6.154,-0.2301
6.156,-0.2301
6.158,-0.2301
6.16,-0.2301
6.162,-0.2301
6.164,-0.2301
6.166,-0.2301
6.168,-0.2301
6.17,-0.2301
6.172,-0.2301
6.174,-0.2301
6.176,-0.2301
6.178,-0.2301
6.18,-0.2301
6.182,-0.2301
6.184,-0.2301
6.186,-0.2301
6.188,-0.2301
6.19,-0.2301
6.192,-0.22703
6.194,-0.22703
6.196,-0.22703
6.198,-0.22703
6.2,-0.22703
6.202,-0.22703
6.204,-0.22703
6.206,-0.22703
6.208,-0.22703
6.21,-0.22703
6.212,-0.22703
6.214,-0.22703
6.216,-0.22703
6.218,-0.22703
6.22,-0.22703
6.222,-0.22703
6.224,-0.22396
6.226,-0.22396
6.228,-0.22396
6.23,-0.22396
6.232,-0.22396
6.234,-0.22396
6.236,-0.22396
6.238,-0.22396
6.24,-0.22396
6.242,-0.22396
6.244,-0.22396
6.246,-0.22396
6.248,-0.22396
6.25,-0.22396
6.252,-0.22396
6.254,-0.22396
6.256,-0.22396
6.258,-0.22396
6.26,-0.22396
6.262,-0.22396
6.264,-0.22396
6.266,-0.22396
6.268,-0.22396
6.27,-0.22396
6.272,-0.22703
6.274,-0.22703
6.276,-0.22703
6.278,-0.22703
6.28,-0.22703
6.282,-0.22703
6.284,-0.22703
6.286,-0.22703
6.288,-0.22703
6.29,-0.22703
6.292,-0.22703
6.294,-0.22703
6.296,-0.22703
6.298,-0.22703
6.3,-0.22703
6.302,-0.22703
6.304,-0.22703
6.306,-0.22703
6.308,-0.22703
6.31,-0.22703
6.312,-0.22703
6.314,-0.22703
6.316,-0.22703
6.318,-0.22703
6.32,-0.22703
6.322,-0.22703
6.324,-0.22703
6.326,-0.22703
6.328,-0.22703
6.33,-0.22703
6.332,-0.22703
6.334,-0.22703
6.336,-0.22703
6.338,-0.22703
6.34,-0.22703
6.342,-0.22703
6.344,-0.22703
6.346,-0.22703
6.348,-0.22703
6.35,-0.22703
6.352,-0.22703
6.354,-0.22703
6.356,-0.22703
6.358,-0.22703
6.36,-0.22703
6.362,-0.22703
6.364,-0.22703
6.366,-0.22703
6.368,-0.22703
6.37,-0.22703
6.372,-0.22703
6.374,-0.22703
6.376,-0.22703
6.378,-0.22703
6.38,-0.22703
6.382,-0.22703
6.384,-0.22703
6.386,-0.22396
6.388,-0.22396
6.39,-0.22396
6.392,-0.22396
6.394,-0.22396
6.396,-0.22396
6.398,-0.22396
6.4,-0.22396
6.402,-0.22089
6.404,-0.22089
6.406,-0.22089
6.408,-0.22089
6.41,-0.22089
6.412,-0.22089
6.414,-0.21783
6.416,-0.21783
6.418,-0.21783
6.42,-0.21783
6.422,-0.21783
6.424,-0.21783
6.426,-0.21783
6.428,-0.21783
6.43,-0.21783
6.432,-0.21783
6.434,-0.21783
6.436,-0.21476
6.438,-0.21476
6.44,-0.21476
6.442,-0.21476
6.444,-0.21476
6.446,-0.21476
6.448,-0.21476
6.45,-0.21476
6.452,-0.21476
6.454,-0.21783
6.456,-0.21783
6.458,-0.21783
6.46,-0.21783
6.462,-0.21783
6.464,-0.21783
6.466,-0.21783
6.468,-0.21783
6.47,-0.21783
6.472,-0.21783
6.474,-0.21783
6.476,-0.21783
6.478,-0.21783
6.48,-0.21783
6.482,-0.21783
6.484,-0.21783
6.486,-0.21783
6.488,-0.21783
6.49,-0.21783
6.492,-0.21783
6.494,-0.21783
6.496,-0.21783
6.498,-0.21783
6.5,-0.21783
6.502,-0.21783
6.504,-0.21783
6.506,-0.21783
6.508,-0.21783
6.51,-0.21783
6.512,-0.21783
6.514,-0.21783
6.516,-0.21783
6.518,-0.21783
6.52,-0.21783
6.522,-0.21476
6.524,-0.21476
6.526,-0.21476
6.528,-0.21476
6.53,-0.21476
6.532,-0.21476
6.534,-0.21476
6.536,-0.21476
6.538,-0.21476
6.54,-0.21476
6.542,-0.21476
6.544,-0.21476
6.546,-0.21476
6.548,-0.21476
6.55,-0.21476
6.552,-0.21476
6.554,-0.21476
6.556,-0.21476
6.558,-0.21476
6.56,-0.21476
6.562,-0.21476
6.564,-0.21476
6.566,-0.21476
6.568,-0.21476
6.57,-0.21476
6.572,-0.21476
6.574,-0.21476
6.576,-0.21476
6.578,-0.21476
6.58,-0.21476
6.582,-0.21476
6.584,-0.21476
6.586,-0.21476
6.588,-0.21476
6.59,-0.21476
6.592,-0.21476
6.594,-0.21476
6.596,-0.21476
6.598,-0.21476
6.6,-0.21476
6.602,-0.21476
6.604,-0.21476
6.606,-0.21476
6.608,-0.21476
6.61,-0.21476
6.612,-0.21476
6.614,-0.21476
6.616,-0.21476
6.618,-0.21476
6.62,-0.21476
6.622,-0.21169
6.624,-0.21169
6.626,-0.21169
6.628,-0.21169
6.63,-0.21169
6.632,-0.21169
6.634,-0.21169
6.636,-0.21169
6.638,-0.21169
6.64,-0.21169
6.642,-0.21169
6.644,-0.20862
6.646,-0.20862
6.648,-0.20862
6.65,-0.20862
6.652,-0.20862
6.654,-0.20862
6.656,-0.20862
6.658,-0.20862
6.66,-0.20862
6.662,-0.20862
6.664,-0.20862
6.666,-0.20862
6.668,-0.20862
6.67,-0.20862
6.672,-0.20862
6.674,-0.20862
6.676,-0.20862
6.678,-0.20862
6.68,-0.20862
6.682,-0.20862
6.684,-0.20862
6.686,-0.20862
6.688,-0.20862
6.69,-0.20862
6.692,-0.20862
6.694,-0.20862
6.696,-0.20862
6.698,-0.20862
6.7,-0.20862
6.702,-0.20862
6.704,-0.20862
6.706,-0.20862
6.708,-0.20862
6.71,-0.20862
6.712,-0.20862
6.714,-0.20862
6.716,-0.20862
6.718,-0.20862
6.72,-0.20862
6.722,-0.20862
6.724,-0.20862
6.726,-0.20862
6.728,-0.20862
6.73,-0.20862
6.732,-0.20862
6.734,-0.20862
6.736,-0.20862
6.738,-0.20862
6.74,-0.20862
6.742,-0.20862
6.744,-0.20862
6.746,-0.20862
6.748,-0.20862
6.75,-0.20862
6.752,-0.20862
6.754,-0.20862
6.756,-0.20862
6.758,-0.20862
6.76,-0.20862
6.762,-0.20862
6.764,-0.20862
6.766,-0.20862
6.768,-0.20862
6.77,-0.20862
6.772,-0.20862
6.774,-0.20862
6.776,-0.20862
6.778,-0.20862
6.78,-0.20862
6.782,-0.20862
6.784,-0.20862
6.786,-0.20862
6.788,-0.20862
6.79,-0.20862
6.792,-0.20862
6.794,-0.20862
6.796,-0.20862
6.798,-0.20862
6.8,-0.20862
6.802,-0.20862
6.804,-0.20862
6.806,-0.20862
6.808,-0.20862
6.81,-0.20862
6.812,-0.20862
6.814,-0.20862
6.816,-0.20862
6.818,-0.20862
6.82,-0.20862
6.822,-0.20862
6.824,-0.20555
6.826,-0.20555
6.828,-0.20555
6.83,-0.20555
6.832,-0.20555
6.834,-0.20555
6.836,-0.20555
6.838,-0.20555
6.84,-0.20555
6.842,-0.20555
6.844,-0.20555
6.846,-0.20555
6.848,-0.20555
6.85,-0.20555
6.852,-0.20555
6.854,-0.20555
6.856,-0.20555
6.858,-0.20555
6.86,-0.20555
6.862,-0.20555
6.864,-0.20555
6.866,-0.20555
6.868,-0.20555
6.87,-0.20555
6.872,-0.20555
6.874,-0.20555
6.876,-0.20555
6.878,-0.20555
6.88,-0.20555
6.882,-0.20555
6.884,-0.20555
6.886,-0.20555
6.888,-0.20555
6.89,-0.20555
6.892,-0.20555
6.894,-0.20555
6.896,-0.20555
6.898,-0.20555
6.9,-0.20555
6.902,-0.20555
6.904,-0.20555
6.906,-0.20555
6.908,-0.20555
6.91,-0.20555
6.912,-0.20555
6.914,-0.20555
6.916,-0.20555
6.918,-0.20555
6.92,-0.20555
6.922,-0.20555
6.924,-0.20555
6.926,-0.20555
6.928,-0.20555
6.93,-0.20249
6.932,-0.20249
6.934,-0.20249
6.936,-0.20249
6.938,-0.20249
6.94,-0.20249
6.942,-0.20249
6.944,-0.20249
6.946,-0.20249
6.948,-0.20249
6.95,-0.20249
6.952,-0.19942
6.954,-0.19942
6.956,-0.19942
6.958,-0.19942
6.96,-0.19942
6.962,-0.19942
6.964,-0.19942
6.966,-0.19942
6.968,-0.19942
6.97,-0.19942
6.972,-0.19942
6.974,-0.19942
6.976,-0.19942
6.978,-0.19942
6.98,-0.19942
6.982,-0.19942
6.984,-0.19942
6.986,-0.19942
6.988,-0.19942
6.99,-0.19942
6.992,-0.19942
6.994,-0.19942
6.996,-0.19942
6.998,-0.19942
7,-0.19942
7.002,-0.19942
7.004,-0.19942
7.006,-0.19942
7.008,-0.19942
7.01,-0.19942
7.012,-0.19942
7.014,-0.19942
7.016,-0.19942
7.018,-0.19942
7.02,-0.19942
7.022,-0.19942
7.024,-0.19942
7.026,-0.19942
7.028,-0.19942
7.03,-0.19942
7.032,-0.19942
7.034,-0.19942
7.036,-0.19942
7.038,-0.19942
7.04,-0.19942
7.042,-0.19942
7.044,-0.19942
7.046,-0.19942
7.048,-0.19635
7.05,-0.19635
7.052,-0.19635
7.054,-0.19635
7.056,-0.19635
7.058,-0.19635
7.06,-0.19635
7.062,-0.19635
7.064,-0.19635
7.066,-0.19635
7.068,-0.19635
7.07,-0.19635
7.072,-0.19635
7.074,-0.19635
7.076,-0.19635
7.078,-0.19635
7.08,-0.19635
7.082,-0.19635
7.084,-0.19635
7.086,-0.19635
7.088,-0.19635
7.09,-0.19635
7.092,-0.19635
7.094,-0.19635
7.096,-0.19635
7.098,-0.19635
7.1,-0.19635
7.102,-0.19635
7.104,-0.19635
7.106,-0.19635
7.108,-0.19635
7.11,-0.19635
7.112,-0.19635
7.114,-0.19635
7.116,-0.19635
7.118,-0.19635
7.12,-0.19635
7.122,-0.19635
7.124,-0.19635
7.126,-0.19635
7.128,-0.19635
7.13,-0.19635
7.132,-0.19635
7.134,-0.19635
7.136,-0.19635
7.138,-0.19635
7.14,-0.19635
7.142,-0.19635
7.144,-0.19635
7.146,-0.19635
7.148,-0.19635
7.15,-0.19635
7.152,-0.19635
7.154,-0.19635
7.156,-0.19635
7.158,-0.19635
7.16,-0.19635
7.162,-0.19635
7.164,-0.19635
7.166,-0.19635
7.168,-0.19635
7.17,-0.19635
7.172,-0.19635
7.174,-0.19635
7.176,-0.19635
7.178,-0.19635
7.18,-0.19635
7.182,-0.19635
7.184,-0.19635
7.186,-0.19635
7.188,-0.19635
7.19,-0.19635
7.192,-0.19635
7.194,-0.19635
7.196,-0.19635
7.198,-0.19635
7.2,-0.19635
7.202,-0.19942
7.204,-0.19942
7.206,-0.19942
7.208,-0.19942
7.21,-0.19942
7.212,-0.19942
7.214,-0.19942
7.216,-0.19942
7.218,-0.19942
7.22,-0.19942
7.222,-0.19942
7.224,-0.19942
7.226,-0.19942
7.228,-0.19942
7.23,-0.19942
7.232,-0.19942
7.234,-0.19942
7.236,-0.19942
7.238,-0.19942
7.24,-0.19942
7.242,-0.19942
7.244,-0.19942
7.246,-0.19942
7.248,-0.19942
7.25,-0.19942
7.252,-0.19942
7.254,-0.19942
7.256,-0.19942
7.258,-0.19942
7.26,-0.19942
7.262,-0.19942
7.264,-0.19942
7.266,-0.19942
7.268,-0.19942
7.27,-0.19942
7.272,-0.19942
7.274,-0.19942
7.276,-0.19942
7.278,-0.19942
7.28,-0.19942
7.282,-0.19942
7.284,-0.19942
7.286,-0.19942
7.288,-0.19942
7.29,-0.19942
7.292,-0.19942
7.294,-0.19942
7.296,-0.19942
7.298,-0.19942
7.3,-0.19942
7.302,-0.19942
7.304,-0.19942
7.306,-0.19942
7.308,-0.19942
7.31,-0.19942
7.312,-0.19942
7.314,-0.19942
7.316,-0.19942
7.318,-0.19942
7.32,-0.19942
7.322,-0.19942
7.324,-0.19942
7.326,-0.19942
7.328,-0.19942
7.33,-0.19942
7.332,-0.19942
7.334,-0.19942
7.336,-0.19942
7.338,-0.19635
7.34,-0.19635
7.342,-0.19635
7.344,-0.19635
7.346,-0.19635
7.348,-0.19635
7.35,-0.19635
7.352,-0.19635
7.354,-0.19328
7.356,-0.19328
7.358,-0.19328
7.36,-0.19328
7.362,-0.19328
7.364,-0.19328
7.366,-0.19328
7.368,-0.19328
7.37,-0.19021
7.372,-0.19021
7.374,-0.19021
7.376,-0.19021
7.378,-0.19021
7.38,-0.19021
7.382,-0.19021
7.384,-0.19021
7.386,-0.19021
7.388,-0.19021
7.39,-0.19021
7.392,-0.19021
7.394,-0.19021
7.396,-0.19021
7.398,-0.19021
7.4,-0.19021
7.402,-0.19021
7.404,-0.19021
7.406,-0.19021
7.408,-0.19021
7.41,-0.19021
7.412,-0.19328
7.414,-0.19328
7.416,-0.19328
7.418,-0.19328
7.42,-0.19328
7.422,-0.19328
7.424,-0.19328
7.426,-0.19328
7.428,-0.19328
7.43,-0.19328
7.432,-0.19328
7.434,-0.19328
7.436,-0.19328
7.438,-0.19328
7.44,-0.19328
7.442,-0.19328
7.444,-0.19328
7.446,-0.19328
7.448,-0.19328
7.45,-0.19328
7.452,-0.19328
7.454,-0.19328
7.456,-0.19328
7.458,-0.19328
7.46,-0.19328
7.462,-0.19328
7.464,-0.19328
7.466,-0.19328
7.468,-0.19021
7.47,-0.19021
7.472,-0.19021
7.474,-0.19021
7.476,-0.19021
7.478,-0.19021
7.48,-0.19021
7.482,-0.19021
7.484,-0.19021
7.486,-0.19021
7.488,-0.18715
7.49,-0.18715
7.492,-0.18715
7.494,-0.18715
7.496,-0.18715
7.498,-0.18715
7.5,-0.18715
7.502,-0.18715
7.504,-0.18715
7.506,-0.18715
7.508,-0.18715
7.51,-0.18715
7.512,-0.18715
7.514,-0.18715
7.516,-0.18715
7.518,-0.18715
7.52,-0.18715
7.522,-0.18715
7.524,-0.18715
7.526,-0.18715
7.528,-0.18715
7.53,-0.18715
7.532,-0.18715
7.534,-0.18715
7.536,-0.18715
7.538,-0.18715
7.54,-0.18715
7.542,-0.18715
7.544,-0.18715
7.546,-0.18715
7.548,-0.18715
7.55,-0.18715
7.552,-0.18715
7.554,-0.18715
7.556,-0.18715
7.558,-0.18715
7.56,-0.18715
7.562,-0.18715
7.564,-0.18715
7.566,-0.18715
7.568,-0.18715
7.57,-0.18715
7.572,-0.18715
7.574,-0.18715
7.576,-0.18715
7.578,-0.18715
7.58,-0.18715
7.582,-0.18715
7.584,-0.19021
7.586,-0.19021
7.588,-0.19021
7.59,-0.19021
7.592,-0.19021
7.594,-0.19021
7.596,-0.19021
7.598,-0.19021
7.6,-0.19021
7.602,-0.19021
7.604,-0.19021
7.606,-0.19021
7.608,-0.19021
7.61,-0.18715
7.612,-0.18715
7.614,-0.18715
7.616,-0.18715
7.618,-0.18715
7.62,-0.18715
7.622,-0.18715
7.624,-0.18715
7.626,-0.18715
7.628,-0.18715
7.63,-0.18715
7.632,-0.18715
7.634,-0.18715
7.636,-0.18715
7.638,-0.18715
7.64,-0.18715
7.642,-0.18715
7.644,-0.18715
7.646,-0.18715
7.648,-0.18715
7.65,-0.18715
7.652,-0.18715
7.654,-0.18715
7.656,-0.18715
7.658,-0.18715
7.66,-0.18715
7.662,-0.18715
7.664,-0.18715
7.666,-0.18715
7.668,-0.18715
7.67,-0.18715
7.672,-0.18715
7.674,-0.18715
7.676,-0.18715
7.678,-0.19021
7.68,-0.19021
7.682,-0.19021
7.684,-0.19021
7.686,-0.19021
7.688,-0.19021
7.69,-0.19021
7.692,-0.19021
7.694,-0.19021
7.696,-0.19021
7.698,-0.19021
7.7,-0.19021
7.702,-0.19021
7.704,-0.19021
7.706,-0.19021
7.708,-0.18715
7.71,-0.18715
7.712,-0.18715
7.714,-0.18715
7.716,-0.18715
7.718,-0.18715
7.72,-0.18715
7.722,-0.18715
7.724,-0.18715
7.726,-0.18715
7.728,-0.18715
7.73,-0.18715
7.732,-0.18715
7.734,-0.18715
7.736,-0.18715
7.738,-0.18715
7.74,-0.18715
7.742,-0.18715
7.744,-0.18715
7.746,-0.18715
7.748,-0.18715
7.75,-0.18715
7.752,-0.18715
7.754,-0.18715
7.756,-0.18715
7.758,-0.18715
7.76,-0.18715
7.762,-0.18715
7.764,-0.19021
7.766,-0.19021
7.768,-0.19021
7.77,-0.19021
7.772,-0.19021
7.774,-0.19021
7.776,-0.19021
7.778,-0.19021
7.78,-0.19021
7.782,-0.19021
7.784,-0.19021
7.786,-0.19021
7.788,-0.19021
7.79,-0.19021
7.792,-0.19021
7.794,-0.19021
7.796,-0.19021
7.798,-0.19021
7.8,-0.19021
7.802,-0.19021
7.804,-0.19021
7.806,-0.19021
7.808,-0.19021
7.81,-0.19021
7.812,-0.18715
7.814,-0.18715
7.816,-0.18715
7.818,-0.18715
7.82,-0.18715
7.822,-0.18715
7.824,-0.18715
7.826,-0.18715
7.828,-0.18715
7.83,-0.18715
7.832,-0.18715
7.834,-0.18715
7.836,-0.18715
7.838,-0.18715
7.84,-0.18715
7.842,-0.18715
7.844,-0.18715
7.846,-0.18715
7.848,-0.18715
7.85,-0.18715
7.852,-0.18715
7.854,-0.18715
7.856,-0.18715
7.858,-0.18715
7.86,-0.18715
7.862,-0.18715
7.864,-0.19021
7.866,-0.19021
7.868,-0.19021
7.87,-0.19021
7.872,-0.19021
7.874,-0.19021
7.876,-0.19021
7.878,-0.19021
7.88,-0.19021
7.882,-0.19021
7.884,-0.19021
7.886,-0.19021
7.888,-0.19021
7.89,-0.19021
7.892,-0.19021
7.894,-0.19021
7.896,-0.19021
7.898,-0.19021
7.9,-0.19021
7.902,-0.19021
7.904,-0.19021
7.906,-0.19021
7.908,-0.19021
7.91,-0.19021
7.912,-0.19021
7.914,-0.19021
7.916,-0.18715
7.918,-0.18715
7.92,-0.18715
7.922,-0.18715
7.924,-0.18715
7.926,-0.18715
7.928,-0.18715
7.93,-0.18715
7.932,-0.18715
7.934,-0.18715
7.936,-0.18715
7.938,-0.18715
7.94,-0.18715
7.942,-0.18715
7.944,-0.18715
7.946,-0.18715
7.948,-0.18715
7.95,-0.18715
7.952,-0.18715
7.954,-0.18715
7.956,-0.18715
7.958,-0.18715
7.96,-0.18715
7.962,-0.18715
7.964,-0.19021
7.966,-0.19021
7.968,-0.19021
7.97,-0.19021
7.972,-0.19021
7.974,-0.19021
7.976,-0.19021
7.978,-0.19021
7.98,-0.19021
7.982,-0.19021
7.984,-0.19021
7.986,-0.19021
7.988,-0.19021
7.99,-0.19021
7.992,-0.19021
7.994,-0.19021
7.996,-0.19021
7.998,-0.19021
8,-0.19021
8.002,-0.19021
8.004,-0.19021
8.006,-0.19021
8.008,-0.19021
8.01,-0.19021
8.012,-0.19021
8.014,-0.19021
8.016,-0.19021
8.018,-0.19021
8.02,-0.19021
8.022,-0.19021
8.024,-0.19021
8.026,-0.19021
8.028,-0.19021
8.03,-0.19021
8.032,-0.19021
8.034,-0.19021
8.036,-0.19021
8.038,-0.18715
8.04,-0.18715
8.042,-0.18715
8.044,-0.18715
8.046,-0.18715
8.048,-0.18715
8.05,-0.18715
8.052,-0.18715
8.054,-0.18715
8.056,-0.18715
8.058,-0.18715
8.06,-0.18715
8.062,-0.18715
8.064,-0.18715
8.066,-0.18715
8.068,-0.18715
8.07,-0.19021
8.072,-0.19021
8.074,-0.19021
8.076,-0.19021
8.078,-0.19021
8.08,-0.19021
8.082,-0.19021
8.084,-0.19021
8.086,-0.19021
8.088,-0.19021
8.09,-0.19021
8.092,-0.19021
8.094,-0.19021
8.096,-0.19021
8.098,-0.19021
8.1,-0.19021
8.102,-0.19021
8.104,-0.19021
8.106,-0.19021
8.108,-0.19021
8.11,-0.19021
8.112,-0.19021
8.114,-0.19021
8.116,-0.19021
8.118,-0.19021
8.12,-0.19021
8.122,-0.19021
8.124,-0.19021
8.126,-0.19021
8.128,-0.19021
8.13,-0.19021
8.132,-0.19021
8.134,-0.19021
8.136,-0.19021
8.138,-0.19021
8.14,-0.19021
8.142,-0.18715
8.144,-0.18715
8.146,-0.18715
8.148,-0.18715
8.15,-0.18715
8.152,-0.18715
8.154,-0.18715
8.156,-0.18715
8.158,-0.18715
8.16,-0.18715
8.162,-0.18715
8.164,-0.18715
8.166,-0.18715
8.168,-0.18715
8.17,-0.18715
8.172,-0.18715
8.174,-0.19021
8.176,-0.19021
8.178,-0.19021
8.18,-0.19021
8.182,-0.19021
8.184,-0.19021
8.186,-0.19021
8.188,-0.19021
8.19,-0.19021
8.192,-0.19021
8.194,-0.19021
8.196,-0.19021
8.198,-0.19021
8.2,-0.19021
8.202,-0.19021
8.204,-0.19021
8.206,-0.19021
8.208,-0.19021
8.21,-0.19021
8.212,-0.19021
8.214,-0.19021
8.216,-0.19021
8.218,-0.19021
8.22,-0.19021
8.222,-0.19021
8.224,-0.19021
8.226,-0.19021
8.228,-0.19021
8.23,-0.19021
8.232,-0.19021
8.234,-0.19021
8.236,-0.19021
8.238,-0.19021
8.24,-0.19021
8.242,-0.19021
8.244,-0.19021
8.246,-0.19021
8.248,-0.19021
8.25,-0.19021
8.252,-0.19021
8.254,-0.19021
8.256,-0.19021
8.258,-0.19021
8.26,-0.19021
8.262,-0.19021
8.264,-0.19021
8.266,-0.19021
8.268,-0.19021
8.27,-0.19021
8.272,-0.19021
8.274,-0.19021
8.276,-0.19021
8.278,-0.19021
8.28,-0.19021
8.282,-0.19021
8.284,-0.19021
8.286,-0.19021
8.288,-0.19328
8.29,-0.19328
8.292,-0.19328
8.294,-0.19328
8.296,-0.19328
8.298,-0.19328
8.3,-0.19328
8.302,-0.19328
8.304,-0.19328
8.306,-0.19328
8.308,-0.19328
8.31,-0.19328
8.312,-0.19328
8.314,-0.19328
8.316,-0.19328
8.318,-0.19328
8.32,-0.19328
8.322,-0.19328
8.324,-0.19328
8.326,-0.19328
8.328,-0.19328
8.33,-0.19328
8.332,-0.19328
8.334,-0.19328
8.336,-0.19328
8.338,-0.19328
8.34,-0.19328
8.342,-0.19328
8.344,-0.19328
8.346,-0.19328
8.348,-0.19328
8.35,-0.19328
8.352,-0.19328
8.354,-0.19328
8.356,-0.19328
8.358,-0.19328
8.36,-0.19328
8.362,-0.19328
8.364,-0.19328
8.366,-0.19328
8.368,-0.19328
8.37,-0.19328
8.372,-0.19328
8.374,-0.19328
8.376,-0.19328
8.378,-0.19328
8.38,-0.19328
8.382,-0.19328
8.384,-0.19328
8.386,-0.19328
8.388,-0.19328
8.39,-0.19328
8.392,-0.19328
8.394,-0.19328
8.396,-0.19328
8.398,-0.19328
8.4,-0.19328
8.402,-0.19328
8.404,-0.19328
8.406,-0.19328
8.408,-0.19328
8.41,-0.19328
8.412,-0.19328
8.414,-0.19328
8.416,-0.19328
8.418,-0.19328
8.42,-0.19328
8.422,-0.19328
8.424,-0.19328
8.426,-0.19328
8.428,-0.19328
8.43,-0.19328
8.432,-0.19328
8.434,-0.19328
8.436,-0.19328
8.438,-0.19328
8.44,-0.19328
8.442,-0.19328
8.444,-0.19328
8.446,-0.19328
8.448,-0.19328
8.45,-0.19328
8.452,-0.19328
8.454,-0.19021
8.456,-0.19021
8.458,-0.19021
8.46,-0.19021
8.462,-0.19021
8.464,-0.19021
8.466,-0.18715
8.468,-0.18715
8.47,-0.18715
8.472,-0.18715
8.474,-0.18715
8.476,-0.18715
8.478,-0.18408
8.48,-0.18408
8.482,-0.18408
8.484,-0.18408
8.486,-0.18408
8.488,-0.18408
8.49,-0.18408
8.492,-0.18408
8.494,-0.18408
8.496,-0.18408
8.498,-0.18408
8.5,-0.18408
8.502,-0.18408
8.504,-0.18408
8.506,-0.18408
8.508,-0.18408
8.51,-0.18408
8.512,-0.18408
8.514,-0.18408
8.516,-0.18408
8.518,-0.18408
8.52,-0.18408
8.522,-0.18408
8.524,-0.18408
8.526,-0.18408
8.528,-0.18408
8.53,-0.18408
8.532,-0.18715
8.534,-0.18715
8.536,-0.18715
8.538,-0.18715
8.54,-0.18715
8.542,-0.18715
8.544,-0.18715
8.546,-0.18715
8.548,-0.18715
8.55,-0.18715
8.552,-0.18715
8.554,-0.18715
8.556,-0.18715
8.558,-0.18715
8.56,-0.18715
8.562,-0.18715
8.564,-0.18715
8.566,-0.18408
8.568,-0.18408
8.57,-0.18408
8.572,-0.18408
8.574,-0.18408
8.576,-0.18408
8.578,-0.18408
8.58,-0.18408
8.582,-0.18408
8.584,-0.18408
8.586,-0.18408
8.588,-0.18408
8.59,-0.18101
8.592,-0.18101
8.594,-0.18101
8.596,-0.18101
8.598,-0.18101
8.6,-0.18101
8.602,-0.18101
8.604,-0.18101
8.606,-0.18101
8.608,-0.18101
8.61,-0.18101
8.612,-0.18101
8.614,-0.18101
8.616,-0.18101
8.618,-0.18101
8.62,-0.18101
8.622,-0.18101
8.624,-0.18101
8.626,-0.18101
8.628,-0.18101
8.63,-0.18101
8.632,-0.18101
8.634,-0.18101
8.636,-0.18101
8.638,-0.18101
8.64,-0.18101
8.642,-0.18101
8.644,-0.18101
8.646,-0.18101
8.648,-0.18101
8.65,-0.18101
8.652,-0.18101
8.654,-0.18101
8.656,-0.18101
8.658,-0.18101
8.66,-0.18101
8.662,-0.18101
8.664,-0.18101
8.666,-0.18101
8.668,-0.18101
8.67,-0.18101
8.672,-0.18101
8.674,-0.18101
8.676,-0.18101
8.678,-0.18101
8.68,-0.18101
8.682,-0.18101
8.684,-0.18408
8.686,-0.18408
8.688,-0.18408
8.69,-0.18408
8.692,-0.18408
8.694,-0.18408
8.696,-0.18408
8.698,-0.18408
8.7,-0.18408
8.702,-0.18408
8.704,-0.18408
8.706,-0.18408
8.708,-0.18408
8.71,-0.18408
8.712,-0.18408
8.714,-0.18408
8.716,-0.18408
8.718,-0.18408
8.72,-0.18408
8.722,-0.18408
8.724,-0.18408
8.726,-0.18408
8.728,-0.18408
8.73,-0.18408
8.732,-0.18408
8.734,-0.18408
8.736,-0.18408
8.738,-0.18408
8.74,-0.18408
8.742,-0.18408
8.744,-0.18408
8.746,-0.18408
8.748,-0.18408
8.75,-0.18408
8.752,-0.18408
8.754,-0.18408
8.756,-0.18408
8.758,-0.18408
8.76,-0.18101
8.762,-0.18101
8.764,-0.18101
8.766,-0.18101
8.768,-0.18101
8.77,-0.18101
8.772,-0.18101
8.774,-0.18101
8.776,-0.18101
8.778,-0.18101
8.78,-0.18101
8.782,-0.18101
8.784,-0.18101
8.786,-0.18101
8.788,-0.18101
8.79,-0.18101
8.792,-0.18408
8.794,-0.18408
8.796,-0.18408
8.798,-0.18408
8.8,-0.18408
8.802,-0.18408
8.804,-0.18408
8.806,-0.18408
8.808,-0.18408
8.81,-0.18408
8.812,-0.18408
8.814,-0.18408
8.816,-0.18408
8.818,-0.18408
8.82,-0.18408
8.822,-0.18408
8.824,-0.18408
8.826,-0.18715
8.828,-0.18715
8.83,-0.18715
8.832,-0.18715
8.834,-0.18715
8.836,-0.18715
8.838,-0.18715
8.84,-0.18715
8.842,-0.18715
8.844,-0.18715
8.846,-0.18715
8.848,-0.18715
8.85,-0.18715
8.852,-0.18715
8.854,-0.18715
8.856,-0.18715
8.858,-0.18715
8.86,-0.18715
8.862,-0.18715
8.864,-0.18715
8.866,-0.18715
8.868,-0.18715
8.87,-0.18715
8.872,-0.18715
8.874,-0.18715
8.876,-0.18715
8.878,-0.18715
8.88,-0.18715
8.882,-0.18715
8.884,-0.18715
8.886,-0.18715
8.888,-0.18715
8.89,-0.18715
8.892,-0.18715
8.894,-0.18715
8.896,-0.18715
8.898,-0.18715
8.9,-0.18408
8.902,-0.18408
8.904,-0.18408
8.906,-0.18408
8.908,-0.18408
8.91,-0.18408
8.912,-0.18408
8.914,-0.18408
8.916,-0.18408
8.918,-0.18408
8.92,-0.18408
8.922,-0.18408
8.924,-0.18408
8.926,-0.18408
8.928,-0.18715
8.93,-0.18715
8.932,-0.18715
8.934,-0.18715
8.936,-0.18715
8.938,-0.18715
8.94,-0.18715
8.942,-0.18715
8.944,-0.18715
8.946,-0.19021
8.948,-0.19021
8.95,-0.19021
8.952,-0.19021
8.954,-0.19021
8.956,-0.19021
8.958,-0.19021
8.96,-0.19021
8.962,-0.19021
8.964,-0.19021
8.966,-0.19021
8.968,-0.19021
8.97,-0.19021
8.972,-0.19021
8.974,-0.19021
8.976,-0.19021
8.978,-0.19021
8.98,-0.19021
8.982,-0.19021
8.984,-0.19021
8.986,-0.19021
8.988,-0.19021
8.99,-0.19021
8.992,-0.19021
8.994,-0.19021
8.996,-0.19021
8.998,-0.19021
9,-0.19021
9.002,-0.19021
9.004,-0.19021
9.006,-0.18715
9.008,-0.18715
9.01,-0.18715
9.012,-0.18715
9.014,-0.18715
9.016,-0.18715
9.018,-0.18715
9.02,-0.18715
9.022,-0.18715
9.024,-0.18715
9.026,-0.18715
9.028,-0.18715
9.03,-0.18715
9.032,-0.18715
9.034,-0.18715
9.036,-0.18715
9.038,-0.18715
9.04,-0.18715
9.042,-0.18715
9.044,-0.18715
9.046,-0.18715
9.048,-0.18715
9.05,-0.18715
9.052,-0.18715
9.054,-0.18715
9.056,-0.19021
9.058,-0.19021
9.06,-0.19021
9.062,-0.19021
9.064,-0.19021
9.066,-0.19021
9.068,-0.19021
9.07,-0.19021
9.072,-0.19021
9.074,-0.19021
9.076,-0.19021
9.078,-0.19021
9.08,-0.19021
9.082,-0.19021
9.084,-0.19021
9.086,-0.19021
9.088,-0.19021
9.09,-0.19021
9.092,-0.19021
9.094,-0.19021
9.096,-0.19021
9.098,-0.19021
9.1,-0.19021
9.102,-0.19021
9.104,-0.19021
9.106,-0.19021
9.108,-0.19021
9.11,-0.19021
9.112,-0.19021
9.114,-0.19021
9.116,-0.19021
9.118,-0.19021
9.12,-0.19021
9.122,-0.19021
9.124,-0.19021
9.126,-0.19021
9.128,-0.18715
9.13,-0.18715
9.132,-0.18715
9.134,-0.18715
9.136,-0.18715
9.138,-0.18715
9.14,-0.18715
9.142,-0.18715
9.144,-0.18715
9.146,-0.18715
9.148,-0.18715
9.15,-0.18715
9.152,-0.18715
9.154,-0.18715
9.156,-0.18715
9.158,-0.18715
9.16,-0.18715
9.162,-0.18715
9.164,-0.18715
9.166,-0.18715
9.168,-0.18715
9.17,-0.18715
9.172,-0.18715
9.174,-0.18715
9.176,-0.18715
9.178,-0.18715
9.18,-0.18715
9.182,-0.18715
9.184,-0.18715
9.186,-0.18715
9.188,-0.18715
9.19,-0.19021
9.192,-0.19021
9.194,-0.19021
9.196,-0.19021
9.198,-0.19021
9.2,-0.19021
9.202,-0.19021
9.204,-0.19021
9.206,-0.19021
9.208,-0.19021
9.21,-0.19021
9.212,-0.19021
9.214,-0.19021
9.216,-0.19021
9.218,-0.19021
9.22,-0.19021
9.222,-0.19021
9.224,-0.19021
9.226,-0.19021
9.228,-0.19021
9.23,-0.19021
9.232,-0.19021
9.234,-0.19021
9.236,-0.19021
9.238,-0.19021
9.24,-0.19021
9.242,-0.19021
9.244,-0.19021
9.246,-0.19021
9.248,-0.19021
9.25,-0.19021
9.252,-0.19021
9.254,-0.19021
9.256,-0.19021
9.258,-0.19021
9.26,-0.19021
9.262,-0.19021
9.264,-0.19021
9.266,-0.19021
9.268,-0.19021
9.27,-0.19021
9.272,-0.19021
9.274,-0.19021
9.276,-0.19021
9.278,-0.19021
9.28,-0.19021
9.282,-0.19021
9.284,-0.19021
9.286,-0.19021
9.288,-0.19021
9.29,-0.19021
9.292,-0.19021
9.294,-0.19021
9.296,-0.19021
9.298,-0.19021
9.3,-0.19021
9.302,-0.19021
9.304,-0.19021
9.306,-0.19021
9.308,-0.19021
9.31,-0.19021
9.312,-0.19021
9.314,-0.19021
9.316,-0.19021
9.318,-0.19021
9.32,-0.19021
9.322,-0.19021
9.324,-0.19021
9.326,-0.19021
9.328,-0.19021
9.33,-0.19021
9.332,-0.19021
9.334,-0.19021
9.336,-0.19021
9.338,-0.19021
9.34,-0.19021
9.342,-0.19021
9.344,-0.19021
9.346,-0.19021
9.348,-0.19021
9.35,-0.19021
9.352,-0.19021
9.354,-0.19021
9.356,-0.19021
9.358,-0.19021
9.36,-0.19021
9.362,-0.19021
9.364,-0.19021
9.366,-0.19021
9.368,-0.19021
9.37,-0.19021
9.372,-0.19021
9.374,-0.19021
9.376,-0.19021
9.378,-0.19021
9.38,-0.19021
9.382,-0.19021
9.384,-0.19021
9.386,-0.19021
9.388,-0.19021
9.39,-0.19021
9.392,-0.19021
9.394,-0.19021
9.396,-0.18715
9.398,-0.18715
9.4,-0.18715
9.402,-0.18715
9.404,-0.18715
9.406,-0.18715
9.408,-0.18715
9.41,-0.18715
9.412,-0.18408
9.414,-0.18408
9.416,-0.18408
9.418,-0.18408
9.42,-0.18408
9.422,-0.18408
9.424,-0.18101
9.426,-0.18101
9.428,-0.18101
9.43,-0.18101
9.432,-0.18101
9.434,-0.18101
9.436,-0.18101
9.438,-0.18101
9.44,-0.18101
9.442,-0.17794
9.444,-0.17794
9.446,-0.17794
9.448,-0.17794
9.45,-0.17794
9.452,-0.17794
9.454,-0.17794
9.456,-0.17794
9.458,-0.17794
9.46,-0.17794
9.462,-0.17794
9.464,-0.17794
9.466,-0.18101
9.468,-0.18101
9.47,-0.18101
9.472,-0.18101
9.474,-0.18101
9.476,-0.18101
9.478,-0.18101
9.48,-0.18101
9.482,-0.18101
9.484,-0.18101
9.486,-0.18101
9.488,-0.18101
9.49,-0.18101
9.492,-0.18101
9.494,-0.18101
9.496,-0.18101
9.498,-0.18101
9.5,-0.18101
9.502,-0.18101
9.504,-0.18101
9.506,-0.18101
9.508,-0.18101
9.51,-0.18101
9.512,-0.18101
9.514,-0.18101
9.516,-0.18101
9.518,-0.18101
9.52,-0.18101
9.522,-0.18101
9.524,-0.18101
9.526,-0.18101
9.528,-0.18101
9.53,-0.18101
9.532,-0.18101
9.534,-0.18101
9.536,-0.18101
9.538,-0.18101
9.54,-0.18101
9.542,-0.18101
9.544,-0.18101
9.546,-0.18101
9.548,-0.18101
9.55,-0.18101
9.552,-0.18101
9.554,-0.18101
9.556,-0.18101
9.558,-0.18101
9.56,-0.18101
9.562,-0.18101
9.564,-0.18101
9.566,-0.18101
9.568,-0.18101
9.57,-0.18101
9.572,-0.18101
9.574,-0.18101
9.576,-0.18101
9.578,-0.18101
9.58,-0.18101
9.582,-0.18101
9.584,-0.18101
9.586,-0.18101
9.588,-0.18101
9.59,-0.18101
9.592,-0.18101
9.594,-0.18101
9.596,-0.18101
9.598,-0.18101
9.6,-0.18101
9.602,-0.18101
9.604,-0.18101
9.606,-0.18101
9.608,-0.18101
9.61,-0.17794
9.612,-0.17794
9.614,-0.17794
9.616,-0.17794
9.618,-0.17794
9.62,-0.17794
9.622,-0.17794
9.624,-0.17794
9.626,-0.17794
9.628,-0.17794
9.63,-0.17794
9.632,-0.17794
9.634,-0.17794
9.636,-0.17794
9.638,-0.17794
9.64,-0.17794
9.642,-0.17794
9.644,-0.17794
9.646,-0.17794
9.648,-0.17794
9.65,-0.17794
9.652,-0.17794
9.654,-0.17794
9.656,-0.17794
9.658,-0.17794
9.66,-0.17794
9.662,-0.17794
9.664,-0.17794
9.666,-0.17794
9.668,-0.17794
9.67,-0.17794
9.672,-0.17794
9.674,-0.17794
9.676,-0.17794
9.678,-0.17794
9.68,-0.17794
9.682,-0.17794
9.684,-0.18101
9.686,-0.18101
9.688,-0.18101
9.69,-0.18101
9.692,-0.18101
9.694,-0.18101
9.696,-0.18101
9.698,-0.18101
9.7,-0.18101
9.702,-0.18101
9.704,-0.18101
9.706,-0.18101
9.708,-0.18101
9.71,-0.18101
9.712,-0.18101
9.714,-0.18101
9.716,-0.18101
9.718,-0.18101
9.72,-0.18101
9.722,-0.18101
9.724,-0.17794
9.726,-0.17794
9.728,-0.17794
9.73,-0.17794
9.732,-0.17794
9.734,-0.17794
9.736,-0.17794
9.738,-0.17794
9.74,-0.17794
9.742,-0.17794
9.744,-0.17794
9.746,-0.17794
9.748,-0.17794
9.75,-0.17794
9.752,-0.17794
9.754,-0.17794
9.756,-0.17794
9.758,-0.17794
9.76,-0.17794
9.762,-0.17794
9.764,-0.17794
9.766,-0.17794
9.768,-0.17794
9.77,-0.17794
9.772,-0.17794
9.774,-0.17794
9.776,-0.17794
9.778,-0.17794
9.78,-0.17794
9.782,-0.17794
9.784,-0.18101
9.786,-0.18101
9.788,-0.18101
9.79,-0.18101
9.792,-0.18101
9.794,-0.18101
9.796,-0.18101
9.798,-0.18101
9.8,-0.18101
9.802,-0.18101
9.804,-0.18101
9.806,-0.18101
9.808,-0.18101
9.81,-0.18101
9.812,-0.18101
9.814,-0.18101
9.816,-0.18101
9.818,-0.18101
9.82,-0.18101
9.822,-0.18101
9.824,-0.18101
9.826,-0.18101
9.828,-0.18101
9.83,-0.18101
9.832,-0.18101
9.834,-0.18101
9.836,-0.18101
9.838,-0.18101
9.84,-0.18101
9.842,-0.18101
9.844,-0.17794
9.846,-0.17794
9.848,-0.17794
9.85,-0.17794
9.852,-0.17794
9.854,-0.17794
9.856,-0.17794
9.858,-0.17794
9.86,-0.17794
9.862,-0.17794
9.864,-0.17794
9.866,-0.17794
9.868,-0.17794
9.87,-0.17794
9.872,-0.17794
9.874,-0.17794
9.876,-0.17794
9.878,-0.17794
9.88,-0.17794
9.882,-0.17794
9.884,-0.17794
9.886,-0.17794
9.888,-0.17794
9.89,-0.17794
9.892,-0.17794
9.894,-0.18101
9.896,-0.18101
9.898,-0.18101
9.9,-0.18101
9.902,-0.18101
9.904,-0.18101
9.906,-0.18101
9.908,-0.18101
9.91,-0.18101
9.912,-0.18101
9.914,-0.18101
9.916,-0.18101
9.918,-0.18101
9.92,-0.18101
9.922,-0.18101
9.924,-0.18101
9.926,-0.18101
9.928,-0.18101
9.93,-0.18101
9.932,-0.18101
9.934,-0.18101
9.936,-0.18101
9.938,-0.18101
9.94,-0.18101
9.942,-0.18101
9.944,-0.18101
9.946,-0.18101
9.948,-0.18101
9.95,-0.18101
9.952,-0.18101
9.954,-0.18101
9.956,-0.18101
9.958,-0.18101
9.96,-0.18101
9.962,-0.18101
9.964,-0.18101
9.966,-0.18101
9.968,-0.18101
9.97,-0.18101
9.972,-0.18101
9.974,-0.18101
9.976,-0.18101
9.978,-0.18101
9.98,-0.18101
9.982,-0.18101
9.984,-0.18101
9.986,-0.18101
9.988,-0.18101
9.99,-0.18101
9.992,-0.18101
9.994,-0.18101
9.996,-0.18101
9.998,-0.18101
10,-0.18101
