0,-1.8662
0.002,-1.875
0.004,-1.8797
0.006,-1.8859
0.008,-1.8887
0.01,-1.8909
0.012,-1.8948
0.014,-1.8959
0.016,-1.8966
0.018,-1.8971
0.02,-1.8973
0.022,-1.8993
0.024,-1.8989
0.026,-1.8984
0.028,-1.8978
0.03,-1.899
0.032,-1.898
0.034,-1.8969
0.036,-1.8958
0.038,-1.8946
0.04,-1.8933
0.042,-1.8939
0.044,-1.8924
0.046,-1.8909
0.048,-1.8893
0.05,-1.8877
0.052,-1.8879
0.054,-1.8861
0.056,-1.8843
0.058,-1.8843
0.06,-1.8824
0.062,-1.8823
0.064,-1.8802
0.066,-1.8781
0.068,-1.876
0.07,-1.8758
0.072,-1.8736
0.074,-1.8733
0.076,-1.871
0.078,-1.8706
0.08,-1.8701
0.082,-1.8676
0.084,-1.8671
0.086,-1.8665
0.088,-1.8658
0.09,-1.8632
0.092,-1.8624
0.094,-1.8616
0.096,-1.8608
0.098,-1.8599
0.1,-1.859
0.102,-1.8581
0.104,-1.8571
0.106,-1.856
0.108,-1.855
0.11,-1.8539
0.112,-1.8546
0.114,-1.8534
0.116,-1.8523
0.118,-1.8528
0.12,-1.8516
0.122,-1.852
0.124,-1.8507
0.126,-1.8511
0.128,-1.8497
0.13,-1.8501
0.132,-1.8487
0.134,-1.849
0.136,-1.8492
0.138,-1.8478
0.14,-1.848
0.142,-1.8482
0.144,-1.8483
0.146,-1.8484
0.148,-1.8485
0.15,-1.8486
0.152,-1.8486
0.154,-1.8487
0.156,-1.8487
0.158,-1.8488
0.16,-1.8488
0.162,-1.8501
0.164,-1.8501
0.166,-1.8501
0.168,1.8514
0.17,1.8514
0.172,1.8526
0.174,1.8537
0.176,1.8548
0.178,1.8559
0.18,1.857
0.182,1.858
0.184,1.86
0.186,1.8618
0.188,1.8636
0.19,1.8653
0.192,1.867
0.194,1.8686
0.196,1.8707
0.198,1.8726
0.2,1.8743
0.202,1.8761
0.204,1.8779
0.206,1.8796
0.208,1.8812
0.21,1.8826
0.212,1.8844
0.214,1.8857
0.216,1.8862
0.218,1.8875
0.22,1.8878
0.222,1.8891
0.224,1.8892
0.226,1.8892
0.228,1.8878
0.23,1.8878
0.232,1.8861
0.234,1.8862
0.236,1.8842
0.238,1.8821
0.24,1.88
0.242,1.8778
0.244,1.8755
0.246,1.8705
0.248,1.8681
0.25,1.8628
0.252,1.8603
0.254,1.8546
0.256,1.8487
0.258,1.8461
0.26,1.8398
0.262,1.8333
0.264,1.8267
0.266,1.8236
0.268,1.8163
0.27,1.8089
0.272,1.8013
0.274,1.7975
0.276,1.7891
0.278,1.7847
0.28,1.7757
0.282,1.7707
0.284,1.7609
0.286,1.7554
0.288,1.7494
0.29,1.7429
0.292,1.7361
0.294,1.7288
0.296,1.7257
0.298,1.7174
0.3,1.7087
0.302,1.7044
0.304,1.6949
0.306,1.6897
0.308,1.684
0.31,1.6779
0.312,1.6712
0.314,1.6642
0.316,1.6613
0.318,1.6533
0.32,1.6495
0.322,1.6406
0.324,1.636
0.326,1.6309
0.328,1.6254
0.33,1.6194
0.332,1.6132
0.334,1.611
0.336,1.6038
0.338,1.6008
0.34,1.5973
0.342,1.5933
0.344,1.589
0.346,1.5843
0.348,1.5794
0.35,1.5783
0.352,1.5726
0.354,1.5708
0.356,1.5647
0.358,1.5623
0.36,1.5597
0.362,1.5567
0.364,1.5573
0.366,1.5537
0.368,1.5537
0.37,1.5496
0.372,1.5491
0.374,1.5482
0.376,1.5472
0.378,1.5459
0.38,1.5445
0.382,1.5462
0.384,1.5444
0.386,1.5456
0.388,1.5466
0.39,1.5475
0.392,1.5481
0.394,1.5487
0.396,1.5491
0.398,1.5495
0.4,1.5498
0.402,1.5527
0.404,1.5554
0.406,1.5555
0.408,1.5605
0.41,-1.5629
0.412,-1.5652
0.414,-1.5675
0.416,-1.572
0.418,-1.5763
0.42,-1.5805
0.422,-1.5827
0.424,-1.5886
0.426,-1.5927
0.428,-1.5984
0.43,-1.6024
0.432,-1.608
0.434,-1.6134
0.436,-1.6189
0.438,-1.6255
0.44,-1.632
0.442,-1.6375
0.444,-1.6439
0.446,-1.6503
0.448,-1.6573
0.45,-1.6637
0.452,-1.6705
0.454,-1.6773
0.456,-1.6841
0.458,-1.6909
0.46,-1.6976
0.462,-1.7041
0.464,-1.7106
0.466,-1.7171
0.468,-1.7235
0.47,-1.7292
0.472,-1.7357
0.474,-1.7411
0.476,-1.7464
0.478,-1.7517
0.48,-1.7554
0.482,-1.7607
0.484,-1.7641
0.486,-1.7674
0.488,-1.7683
0.49,-1.7715
0.492,-1.772
0.494,-1.7724
0.496,-1.7726
0.498,-1.7726
0.5,-1.769
0.502,-1.7652
0.504,-1.7612
0.506,-1.757
0.508,-1.7524
0.51,-1.7475
0.512,-1.7423
0.514,-1.732
0.516,-1.7262
0.518,-1.7199
0.52,-1.7079
0.522,-1.7008
0.524,-1.6931
0.526,-1.6793
0.528,-1.6706
0.53,-1.6612
0.532,-1.6511
0.534,-1.6402
0.536,-1.6346
0.538,-1.6218
0.54,-1.6145
0.542,-1.6061
0.544,-1.5967
0.546,-1.5864
0.548,-1.5751
0.55,-1.5693
0.552,-1.5559
0.554,-1.5482
0.556,-1.5392
0.558,-1.5293
0.56,-1.5247
0.562,-1.5124
0.564,-1.5057
0.566,-1.4978
0.568,-1.4889
0.57,-1.479
0.572,-1.4682
0.574,-1.4566
0.576,-1.4504
0.578,-1.4432
0.58,-1.435
0.582,-1.4259
0.584,-1.416
0.586,-1.4053
0.588,-1.4
0.59,-1.3937
0.592,-1.3807
0.594,-1.3731
0.596,-1.3705
0.598,-1.3611
0.6,-1.3513
0.602,-1.3465
0.604,-1.3409
0.606,-1.3346
0.608,-1.3277
0.61,-1.3203
0.612,-1.3124
0.614,-1.3093
0.616,-1.3003
0.618,-1.2962
0.62,-1.2915
0.622,-1.2862
0.624,-1.2854
0.626,-1.2792
0.628,-1.2726
0.63,-1.2705
0.632,-1.2679
0.634,-1.2648
0.636,-1.2614
0.638,-1.262
0.64,-1.2578
0.642,-1.2577
0.644,-1.2529
0.646,-1.2522
0.648,-1.2511
0.65,-1.2497
0.652,-1.252
0.654,-1.2501
0.656,-1.2518
0.658,-1.2532
0.66,-1.2543
0.662,-1.2552
0.664,-1.2559
0.666,-1.2565
0.668,-1.257
0.67,-1.2606
0.672,-1.264
0.674,-1.2672
0.676,-1.2703
0.678,-1.2732
0.68,1.2789
0.682,1.2844
0.684,1.2898
0.686,1.2925
0.688,1.2977
0.69,1.3052
0.692,1.3103
0.694,1.3176
0.696,1.3227
0.698,1.3298
0.7,1.337
0.702,1.3459
0.704,1.353
0.706,1.3618
0.708,1.3691
0.71,1.3778
0.712,1.3866
0.714,1.3966
0.716,1.4055
0.718,1.4155
0.72,1.4245
0.722,1.4345
0.724,1.4445
0.726,1.4552
0.728,1.4654
0.73,1.4761
0.732,1.4868
0.734,1.4976
0.736,1.5084
0.738,1.5191
0.74,1.5302
0.742,1.5409
0.744,1.5517
0.746,1.5618
0.748,1.5728
0.75,1.5828
0.752,1.5939
0.754,1.6025
0.756,1.6126
0.758,1.621
0.76,1.6312
0.762,1.6393
0.764,1.6453
0.766,1.6535
0.768,1.6591
0.77,1.6646
0.772,1.67
0.774,1.6721
0.776,1.674
0.778,1.6757
0.78,1.6771
0.782,1.6743
0.784,1.6712
0.786,1.6678
0.788,1.6639
0.79,1.6548
0.792,1.6452
0.794,1.6405
0.796,1.624
0.798,1.6129
0.8,1.6012
0.802,1.5949
0.804,1.5749
0.806,1.5674
0.808,1.5521
0.81,1.536
0.812,1.5259
0.814,1.5146
0.816,1.4947
0.818,1.4887
0.82,1.4736
0.822,1.4647
0.824,1.4466
0.826,1.4351
0.828,1.4296
0.83,1.4146
0.832,1.4058
0.834,1.3953
0.836,1.3832
0.838,1.3696
0.84,1.3546
0.842,1.346
0.844,1.3356
0.846,1.3237
0.848,1.3103
0.85,1.2956
0.852,1.2872
0.854,1.2772
0.856,1.2657
0.858,1.253
0.86,1.239
0.862,1.2313
0.864,1.2149
0.866,1.2048
0.868,1.1935
0.87,1.1811
0.872,1.1747
0.874,1.16
0.876,1.1515
0.878,1.1351
0.88,1.1249
0.882,1.1137
0.884,1.1083
0.886,1.0952
0.888,1.088
0.89,1.0798
0.892,1.0707
0.894,1.0609
0.896,1.0505
0.898,1.0395
0.9,1.034
0.902,1.0277
0.904,1.0148
0.906,1.0075
0.908,1.0052
0.91,0.99639
0.912,0.99271
0.914,0.98289
0.916,0.97818
0.918,0.9729
0.92,0.96712
0.922,0.96092
0.924,0.9594
0.926,0.95722
0.928,0.94964
0.93,0.9467
0.932,0.94802
0.934,0.94406
0.936,0.93983
0.938,0.93982
0.94,0.93933
0.942,-0.93416
0.944,-0.93315
0.946,-0.93596
0.948,-0.93421
0.95,-0.93626
0.952,-0.93403
0.954,-0.93553
0.956,-0.93675
0.958,-0.93774
0.96,-0.93854
0.962,-0.93918
0.964,-0.94317
0.966,-0.94687
0.968,-0.95036
0.97,-0.95369
0.972,0.95688
0.974,-0.96301
0.976,-0.96599
0.978,-0.97181
0.98,-0.9775
0.982,-0.98309
0.984,-0.98863
0.986,-0.99413
0.988,-1.0021
0.99,-1.0076
0.992,-1.0154
0.994,-1.0232
0.996,-1.031
0.998,-1.0409
1,-1.0488
1.002,-1.0587
1.004,-1.0685
1.006,-1.0785
1.008,-1.0884
1.01,-1.0985
1.012,-1.1087
1.014,-1.1203
1.016,-1.132
1.018,-1.1438
1.02,-1.1558
1.022,-1.1678
1.024,-1.18
1.026,-1.1931
1.028,-1.2063
1.03,-1.2198
1.032,-1.2333
1.034,-1.247
1.036,-1.2611
1.038,-1.2752
1.04,-1.2895
1.042,-1.3039
1.044,-1.3183
1.046,-1.3333
1.048,-1.3478
1.05,-1.3631
1.052,-1.3778
1.054,-1.3926
1.056,-1.4066
1.058,-1.4218
1.06,-1.4358
1.062,-1.45
1.064,-1.4641
1.066,-1.4767
1.068,-1.4893
1.07,-1.5019
1.072,-1.5145
1.074,-1.527
1.076,-1.5369
1.078,-1.5467
1.08,-1.5564
1.082,-1.5628
1.084,-1.5724
1.086,-1.5782
1.088,-1.5799
1.09,-1.5813
1.092,-1.5825
1.094,-1.5833
1.096,-1.5788
1.098,-1.5739
1.1,-1.5685
1.102,-1.5625
1.104,-1.55
1.106,-1.543
1.108,-1.5289
1.11,-1.514
1.112,-1.4913
1.114,-1.4823
1.116,-1.4646
1.118,-1.446
1.12,-1.4339
1.122,-1.4203
1.124,-1.4052
1.126,-1.3886
1.128,-1.3704
1.13,-1.3591
1.132,-1.3459
1.134,-1.3307
1.136,-1.3223
1.138,-1.3115
1.14,-1.2986
1.142,-1.2837
1.144,-1.267
1.146,-1.2571
1.148,-1.245
1.15,-1.2393
1.152,-1.2227
1.154,-1.2129
1.156,-1.201
1.158,-1.1872
1.16,-1.1717
1.162,-1.1546
1.164,-1.1443
1.166,-1.1322
1.168,-1.1183
1.17,-1.103
1.172,-1.0943
1.174,-1.0759
1.176,-1.0643
1.178,-1.0513
1.18,-1.0369
1.182,-1.0214
1.184,-1.0124
1.186,-1.002
1.188,-0.98283
1.19,-0.97044
1.192,-0.96421
1.194,-0.94936
1.196,-0.93376
1.198,-0.92451
1.2,-0.90724
1.202,-0.90325
1.204,-0.89108
1.206,-0.8782
1.208,-0.8647
1.21,-0.8572
1.212,-0.84875
1.214,0.83948
1.216,0.8295
1.218,0.81892
1.22,0.8139
1.222,0.80199
1.224,0.79567
1.226,0.78863
1.228,0.78097
1.23,0.7728
1.232,0.76417
1.234,0.76066
1.236,0.75103
1.238,0.7465
1.24,0.7414
1.242,0.73581
1.244,0.72982
1.246,0.72846
1.248,0.72156
1.25,0.71928
1.252,0.71649
1.254,0.71327
1.256,0.7097
1.258,0.70582
1.26,0.70611
1.262,0.70588
1.264,0.701
1.266,0.7002
1.268,0.69908
1.27,0.70169
1.272,0.6999
1.274,0.7018
1.276,0.69958
1.278,0.70099
1.28,0.70212
1.282,0.70304
1.284,0.70379
1.286,0.70779
1.288,0.70819
1.29,0.71177
1.292,0.71514
1.294,0.71836
1.296,0.72145
1.298,-0.72739
1.3,-0.73028
1.302,-0.73314
1.304,-0.73873
1.306,-0.74422
1.308,-0.74964
1.31,-0.75754
1.312,-0.7629
1.314,-0.77064
1.316,-0.77834
1.318,-0.78384
1.32,-0.79367
1.322,-0.80143
1.324,-0.80926
1.326,-0.81906
1.328,-0.82891
1.33,-0.83885
1.332,-0.84888
1.334,-0.85903
1.336,-0.8693
1.338,-0.88113
1.34,-0.89176
1.342,-0.90381
1.344,-0.91604
1.346,0.92843
1.348,0.941
1.35,0.95472
1.352,0.96866
1.354,0.98203
1.356,0.99628
1.358,1.0107
1.36,1.026
1.362,1.041
1.364,1.0567
1.366,1.0725
1.368,1.0887
1.37,1.1049
1.372,1.1213
1.374,1.1381
1.376,1.1549
1.378,1.1719
1.38,1.1892
1.382,1.2067
1.384,1.2244
1.386,1.2414
1.388,1.2596
1.39,1.2758
1.392,1.2936
1.394,1.3114
1.396,1.3279
1.398,1.3445
1.4,1.3613
1.402,1.3782
1.404,1.3951
1.406,1.4097
1.408,1.4245
1.41,1.4392
1.412,1.451
1.414,1.4659
1.416,1.4742
1.418,1.4858
1.42,1.4937
1.422,1.5013
1.424,1.5087
1.426,1.5114
1.428,1.5184
1.43,1.5153
1.432,1.5169
1.434,1.5071
1.436,1.5026
1.438,1.4974
1.44,1.4852
1.442,1.4657
1.444,1.4525
1.446,1.4383
1.448,1.4156
1.45,1.3997
1.452,1.3826
1.454,1.3641
1.456,1.3442
1.458,1.3229
1.46,1.3087
1.462,1.2926
1.464,1.2745
1.466,1.2635
1.468,1.2411
1.47,1.226
1.472,1.2179
1.474,1.207
1.476,1.1935
1.478,1.1777
1.48,1.1596
1.482,1.1487
1.484,1.1352
1.486,1.1286
1.488,1.1099
1.49,1.0985
1.492,1.0847
1.494,1.0688
1.496,1.0509
1.498,1.0402
1.5,1.0272
1.502,1.0122
1.504,0.99547
1.506,0.97712
1.508,0.96591
1.51,0.94431
1.512,0.9301
1.514,0.91433
1.516,0.9054
1.518,0.88646
1.52,0.8746
1.522,0.85325
1.524,0.83915
1.526,0.82383
1.528,0.81521
1.53,0.79739
1.532,0.78642
1.534,0.76674
1.536,-0.75401
1.538,-0.74029
1.54,-0.73295
1.542,-0.71719
1.544,-0.70086
1.546,-0.69102
1.548,-0.68024
1.55,-0.66864
1.552,-0.65634
1.554,-0.64346
1.556,-0.63657
1.558,-0.62234
1.56,-0.61413
1.562,-0.60518
1.564,-0.5956
1.566,-0.58549
1.568,-0.57491
1.57,-0.56984
1.572,-0.5582
1.574,-0.55205
1.576,-0.54528
1.578,-0.538
1.58,-0.53027
1.582,-0.52217
1.584,-0.51902
1.586,-0.51519
1.588,-0.50574
1.59,-0.50119
1.592,-0.49619
1.594,-0.49561
1.596,-0.48965
1.598,-0.48345
1.6,-0.48164
1.602,-0.47933
1.604,-0.47661
1.606,-0.47354
1.608,-0.47019
1.61,-0.46659
1.612,-0.46686
1.614,-0.4627
1.616,-0.46235
1.618,-0.46164
1.62,-0.46065
1.622,-0.45942
1.624,-0.46159
1.626,-0.45984
1.628,-0.46143
1.63,-0.46272
1.632,-0.46377
1.634,-0.46462
1.636,-0.4653
1.638,-0.46586
1.64,-0.46934
1.642,-0.46962
1.644,-0.47276
1.646,-0.47573
1.648,-0.47856
1.65,-0.48397
1.652,0.48658
1.654,0.48917
1.656,0.49422
1.658,0.49916
1.66,0.50405
1.662,0.50891
1.664,0.51375
1.666,0.52076
1.668,0.52565
1.67,0.53261
1.672,0.5396
1.674,0.54662
1.676,0.55371
1.678,0.56263
1.68,0.56995
1.682,0.579
1.684,0.58817
1.686,0.59747
1.688,0.60692
1.69,0.61653
1.692,0.6276
1.694,0.63765
1.696,0.64905
1.698,0.66068
1.7,0.67253
1.702,0.68462
1.704,0.69695
1.706,0.71036
1.708,0.72329
1.71,0.73718
1.712,0.75138
1.714,0.76587
1.716,0.78067
1.718,0.7962
1.72,0.81175
1.722,0.82786
1.724,0.84433
1.726,0.86117
1.728,-0.87833
1.73,-0.8958
1.732,-0.9135
1.734,-0.93177
1.736,-0.95004
1.738,-0.96869
1.74,-0.98767
1.742,-1.0065
1.744,-1.0263
1.746,-1.0457
1.748,-1.0662
1.75,-1.086
1.752,-1.1051
1.754,-1.1258
1.756,-1.1454
1.758,-1.1667
1.76,-1.1866
1.762,-1.2067
1.764,-1.2253
1.766,-1.2461
1.768,-1.2649
1.77,-1.2839
1.772,-1.3006
1.774,-1.3201
1.776,-1.3368
1.778,-1.3536
1.78,-1.3703
1.782,-1.3837
1.784,-1.4005
1.786,-1.4097
1.788,-1.4228
1.79,-1.4314
1.792,-1.4398
1.794,-1.4433
1.796,-1.4464
1.798,-1.4491
1.8,-1.4458
1.802,-1.442
1.804,-1.4375
1.806,-1.4196
1.808,-1.4144
1.81,-1.4012
1.812,-1.3798
1.814,-1.365
1.816,-1.3412
1.818,-1.3244
1.82,-1.2978
1.822,-1.2786
1.824,-1.2577
1.826,-1.235
1.828,-1.2199
1.83,-1.2024
1.832,-1.1827
1.834,-1.1608
1.836,-1.1465
1.838,-1.1296
1.84,-1.1198
1.842,-1.107
1.844,-1.0914
1.846,-1.0829
1.848,-1.0712
1.85,-1.0566
1.852,-1.0394
1.854,-1.0295
1.856,-1.0071
1.858,-0.99238
1.86,-0.98473
1.862,-0.96465
1.864,-0.95209
1.866,-0.93709
1.868,-0.91992
1.87,-0.90083
1.872,-0.88917
1.874,-0.8662
1.876,-0.85098
1.878,-0.83393
1.88,-0.82408
1.882,-0.80339
1.884,-0.79018
1.886,-0.76673
1.888,-0.75097
1.89,-0.74221
1.892,-0.72331
1.894,-0.70346
1.896,0.6909
1.898,0.66897
1.9,0.65447
1.902,0.63889
1.904,0.63011
1.906,0.61229
1.908,0.59386
1.91,0.58239
1.912,0.56989
1.914,0.55652
1.916,0.5424
1.918,0.52766
1.92,0.5124
1.922,0.50358
1.924,0.49383
1.926,0.47663
1.928,0.4659
1.93,0.45456
1.932,0.44908
1.934,0.43636
1.936,0.42334
1.938,0.41619
1.94,0.40835
1.942,0.39992
1.944,0.391
1.946,0.38167
1.948,0.37201
1.95,0.36761
1.952,0.35709
1.954,0.35179
1.956,0.34596
1.958,0.33968
1.96,0.33302
1.962,0.32605
1.964,0.31882
1.966,0.31621
1.968,0.31302
1.97,0.30935
1.972,0.30073
1.974,0.29661
1.976,0.29655
1.978,0.29157
1.98,0.2864
1.982,0.28522
1.984,0.28358
1.986,0.28156
1.988,0.27922
1.99,0.27661
1.992,0.27378
1.994,0.2744
1.996,0.27103
1.998,0.27106
2,0.27074
2.002,0.2668
2.004,0.26942
2.006,0.26837
2.008,0.26717
2.01,0.26889
2.012,0.26731
2.014,0.26859
2.016,0.26963
2.018,0.27046
2.02,0.27114
2.022,0.27169
2.024,0.27472
2.026,0.275
2.028,0.27768
2.03,0.2802
2.032,0.28259
2.034,0.28489
2.036,-0.28712
2.038,-0.28929
2.04,-0.29352
2.042,-0.29765
2.044,-0.29975
2.046,-0.30379
2.048,-0.3078
2.05,-0.3136
2.052,-0.31764
2.054,-0.32172
2.056,-0.32748
2.058,-0.33327
2.06,-0.33912
2.062,-0.34505
2.064,-0.35107
2.066,-0.35719
2.068,-0.36474
2.07,-0.37118
2.072,-0.37896
2.074,-0.3869
2.076,-0.39502
2.078,-0.40333
2.08,-0.41284
2.082,-0.42167
2.084,-0.43159
2.086,-0.44093
2.088,-0.45128
2.09,-0.46191
2.092,-0.47283
2.094,-0.48469
2.096,-0.49634
2.098,-0.50824
2.1,-0.52093
2.102,-0.534
2.104,-0.54745
2.106,-0.56127
2.108,-0.57544
2.11,-0.59022
2.112,-0.60529
2.114,-0.62081
2.116,-0.63679
2.118,-0.65322
2.12,-0.67007
2.122,-0.68731
2.124,-0.70479
2.126,-0.72303
2.128,-0.74131
2.13,-0.76009
2.132,-0.77934
2.134,-0.79901
2.136,-0.81853
2.138,0.83926
2.14,0.85959
2.142,0.88042
2.144,0.90171
2.146,0.9234
2.148,0.94544
2.15,0.96779
2.152,0.9892
2.154,1.0111
2.156,1.0333
2.158,1.0559
2.16,1.0771
2.162,1.1005
2.164,1.1222
2.166,1.1442
2.168,1.1663
2.17,1.1864
2.172,1.2092
2.174,1.2294
2.176,1.2497
2.178,1.2672
2.18,1.2848
2.182,1.3024
2.184,1.3201
2.186,1.3375
2.188,1.3509
2.19,1.364
2.192,1.3726
2.194,1.3809
2.196,1.3889
2.198,1.3913
2.2,1.3932
2.202,1.3946
2.204,1.3892
2.206,1.3833
2.208,1.3698
2.21,1.3484
2.212,1.3411
2.214,1.3248
2.216,1.2993
2.218,1.2728
2.22,1.2536
2.222,1.224
2.224,1.2021
2.226,1.1877
2.228,1.1709
2.23,1.1518
2.232,1.1303
2.234,1.1165
2.236,1.0898
2.238,1.0711
2.24,1.0599
2.242,1.0455
2.244,1.028
2.246,1.018
2.248,1.0046
2.25,0.99826
2.252,0.97823
2.254,0.96585
2.256,0.95044
2.258,0.93231
2.26,0.91174
2.262,0.89889
2.264,0.89306
2.266,0.8742
2.268,0.85325
2.27,0.83044
2.272,0.81554
2.274,0.79839
2.276,0.78864
2.278,0.7671
2.28,0.75333
2.282,0.72845
2.284,0.7116
2.286,0.69316
2.288,0.67332
2.29,0.66104
2.292,0.64697
2.294,-0.62285
2.296,-0.60658
2.298,-0.58911
2.3,-0.57062
2.302,-0.55125
2.304,-0.53924
2.306,-0.52591
2.308,-0.50362
2.31,-0.48884
2.312,-0.4732
2.314,-0.46439
2.316,-0.44689
2.318,-0.42896
2.32,-0.41796
2.322,-0.40607
2.324,-0.38638
2.326,-0.37366
2.328,-0.36036
2.33,-0.35337
2.332,-0.33875
2.334,-0.32389
2.336,-0.31534
2.338,-0.30609
2.34,-0.29628
2.342,-0.27982
2.344,-0.27569
2.346,-0.26468
2.348,-0.25343
2.35,-0.2478
2.352,-0.23584
2.354,-0.22945
2.356,-0.22256
2.358,-0.21527
2.36,-0.20764
2.362,-0.19975
2.364,-0.19164
2.366,-0.18841
2.368,-0.17966
2.37,-0.17573
2.372,-0.16659
2.374,-0.16219
2.376,-0.15744
2.378,-0.15689
2.38,-0.1513
2.382,-0.14555
2.384,-0.14392
2.386,-0.13768
2.388,-0.13549
2.39,-0.13293
2.392,-0.13005
2.394,-0.12692
2.396,-0.12358
2.398,-0.12371
2.4,-0.1198
2.402,-0.1193
2.404,-0.11503
2.406,-0.11408
2.408,-0.11284
2.41,-0.11135
2.412,-0.10965
2.414,-0.10777
2.416,-0.10873
2.418,-0.10641
2.42,-0.10685
2.422,-0.10698
2.424,-0.10687
2.426,-0.10393
2.428,-0.10614
2.43,-0.10548
2.432,-0.1047
2.434,-0.10618
2.436,-0.10511
2.438,-0.10622
2.44,-0.10711
2.442,-0.10574
2.444,-0.10644
2.446,-0.10701
2.448,-0.10747
2.45,-0.10973
2.452,-0.10996
2.454,-0.11194
2.456,-0.11204
2.458,-0.11382
2.46,-0.1155
2.462,-0.1171
2.464,0.11865
2.466,0.12016
2.468,0.12165
2.47,0.12453
2.472,0.12599
2.474,0.12879
2.476,0.13155
2.478,0.13432
2.48,0.1371
2.482,0.13991
2.484,0.14277
2.486,0.14671
2.488,0.14972
2.49,0.15375
2.492,0.15695
2.494,0.16111
2.496,0.16539
2.498,0.16977
2.5,0.17506
2.502,0.17978
2.504,0.18464
2.506,0.1903
2.508,0.19553
2.51,0.20151
2.512,0.2077
2.514,0.21411
2.516,0.22074
2.518,0.22807
2.52,0.23529
2.522,0.24271
2.524,0.25074
2.526,0.2591
2.528,0.26746
2.53,0.27631
2.532,0.28549
2.534,0.29523
2.536,0.30523
2.538,0.31552
2.54,0.32627
2.542,0.33746
2.544,0.349
2.546,0.36085
2.548,0.37313
2.55,0.38581
2.552,0.39887
2.554,0.41257
2.556,0.42653
2.558,0.44116
2.56,0.45595
2.562,0.47125
2.564,0.48705
2.566,0.50331
2.568,0.51971
2.57,0.53713
2.572,0.55452
2.574,0.57252
2.576,0.59108
2.578,0.61018
2.58,0.62978
2.582,0.64983
2.584,0.67031
2.586,0.69045
2.588,0.71121
2.59,0.73255
2.592,0.75441
2.594,0.77676
2.596,-0.79953
2.598,-0.82155
2.6,-0.8454
2.602,-0.86823
2.604,-0.89156
2.606,-0.91534
2.608,-0.93792
2.61,-0.96278
2.612,-0.98608
2.614,-1.0098
2.616,-1.034
2.618,-1.0584
2.62,-1.0808
2.622,-1.1059
2.624,-1.1286
2.626,-1.1516
2.628,-1.1718
2.63,-1.1954
2.632,-1.2157
2.634,-1.2362
2.636,-1.2531
2.638,-1.2738
2.64,-1.2865
2.642,-1.3034
2.644,-1.3157
2.646,-1.3277
2.648,-1.3395
2.65,-1.3457
2.652,-1.3515
2.654,-1.3511
2.656,-1.3502
2.658,-1.3486
2.66,-1.3396
2.662,-1.3229
2.664,-1.3127
2.666,-1.2937
2.668,-1.2736
2.67,-1.2524
2.672,-1.2211
2.674,-1.1976
2.676,-1.1724
2.678,-1.1455
2.68,-1.1265
2.682,-1.0952
2.684,-1.0823
2.686,-1.0663
2.688,-1.0474
2.69,-1.0257
2.692,-1.0118
2.694,-0.98405
2.696,-0.9752
2.698,-0.9626
2.7,-0.9571
2.702,-0.93713
2.704,-0.92488
2.706,-0.90928
2.708,-0.89065
2.71,-0.86928
2.712,-0.85581
2.714,-0.84954
2.716,-0.82949
2.718,-0.81722
2.72,-0.80203
2.722,-0.77431
2.724,-0.75505
2.726,-0.74352
2.728,-0.71959
2.73,-0.7038
2.732,-0.68588
2.734,-0.6661
2.736,-0.65407
2.738,-0.63058
2.74,-0.60598
2.742,0.58953
2.744,0.5715
2.746,0.55213
2.748,0.54037
2.75,0.51822
2.752,0.49532
2.754,0.48031
2.756,0.46407
2.758,0.44679
2.76,0.42865
2.762,0.4098
2.764,0.39035
2.766,0.37831
2.768,0.3652
2.77,0.34356
2.772,0.32941
2.774,0.31459
2.776,0.29922
2.778,0.29064
2.78,0.27397
2.782,0.2571
2.784,0.24704
2.786,0.23629
2.788,0.22498
2.79,0.20663
2.792,0.19503
2.794,0.1895
2.796,0.17683
2.798,0.16405
2.8,0.1573
2.802,0.14397
2.804,0.13663
2.806,0.12884
2.808,0.12071
2.81,0.1123
2.812,0.10368
2.814,0.09492
2.816,0.086064
2.818,0.082378
2.82,0.073059
2.822,0.068841
2.824,0.064223
2.826,0.059284
2.828,0.054092
2.83,0.044057
2.832,0.043467
2.834,0.037803
2.836,0.03208
2.838,0.03062
2.84,0.02453
2.842,0.022622
2.844,0.020369
2.846,0.013905
2.848,0.01149
2.85,0.0088575
2.852,0.0060553
2.854,0.0031227
2.856,0.0036229
2.858,0.00023127
2.86,0.00019361
2.862,-0.0034758
2.864,-0.0038757
2.866,-0.0045605
2.868,-5.5811
2.87,-5.6679
2.872,-5.542
2.874,-5.1289
2.876,-4.7786
2.878,-4.4848
2.88,-4.2419
2.882,-3.4772
2.884,-3.6035
2.886,-3.1716
2.888,-2.7943
2.89,-1.8985
2.892,-1.6605
2.894,-0.89008
2.896,-0.43353
2.898,0.21237
2.9,0.55683
2.902,0.86562
2.904,1.3785
2.906,2.1709
2.908,2.5622
2.91,2.6775
2.912,3.3476
2.914,3.6289
2.916,3.8814
2.918,4.1081
2.92,4.3115
2.922,4.494
2.924,4.6575
2.926,4.8042
2.928,5.1717
2.93,5.2663
2.932,5.0195
2.934,4.7866
2.936,4.5662
2.938,4.9248
2.94,4.3485
2.942,4.3766
2.944,4.1556
2.946,4.1821
2.948,3.6283
2.95,3.3452
2.952,3.4016
2.954,2.8746
2.956,2.6156
2.958,2.1261
2.96,1.9009
2.962,1.678
2.964,1.2209
2.966,1.2611
2.968,0.8052
2.97,0.61024
2.972,0.41453
2.974,0.21815
2.976,0.021154
2.978,0.39118
2.98,0.14712
2.982,-0.092777
2.984,0.0024039
2.986,-0.2534
2.988,-0.50387
2.99,-0.18197
2.992,-0.46934
2.994,-0.41688
2.996,-0.14356
2.998,-0.71089
3,-0.43854
3.002,-0.20294
3.004,-0.23664
3.006,-0.040867
3.008,-0.11041
3.01,-0.18313
3.012,-0.02246
3.014,-0.1236
3.016,0.34281
3.018,0.43187
3.02,0.26627
3.022,0.67468
3.024,0.71152
3.026,0.49894
3.028,0.29748
3.03,0.90986
3.032,0.65842
3.034,0.98957
3.036,0.95688
3.038,0.68172
3.04,0.42395
3.042,0.98563
3.044,0.68857
3.046,0.64733
3.048,0.93204
3.05,0.85755
3.052,0.54476
3.054,1.0569
3.056,0.71532
3.058,0.63397
3.06,0.31501
3.062,0.82163
3.064,0.47501
3.066,0.38916
3.068,0.63372
3.07,0.5231
3.072,0.1778
3.074,0.093141
3.076,0.57501
3.078,0.20611
3.08,0.10021
3.082,0.32673
3.084,0.19987
3.086,-0.16005
3.088,0.30971
3.09,0.16614
3.092,0.35876
3.094,0.2014
3.096,-0.18598
3.098,0.25907
3.1,-0.14297
3.102,0.28887
3.104,-0.12504
3.106,0.29611
3.108,-0.12742
3.11,-0.2825
3.112,-0.10024
3.114,0.064412
3.116,-0.11813
3.118,0.039411
3.12,-0.38576
3.122,0.025265
3.124,-0.40739
3.126,-0.003097
3.128,-0.44181
3.13,-0.27921
3.132,0.10398
3.134,-0.35372
3.136,-0.20821
3.138,-0.076637
3.14,-0.28895
3.142,-0.1582
3.144,-0.039906
3.146,0.067168
3.148,-0.16719
3.15,-0.056286
3.152,0.044143
3.154,0.13514
3.156,0.21765
3.158,-0.27504
3.16,-0.16102
3.162,0.17844
3.164,0.012723
3.166,0.099808
3.168,0.41503
3.17,-0.10385
3.172,-0.013388
3.174,0.068638
3.176,0.14308
3.178,0.21068
3.18,-0.29543
3.182,-0.19348
3.184,-0.10112
3.186,-0.017375
3.188,0.058607
3.19,0.1276
3.192,-0.37726
3.194,-0.27418
3.196,-0.1808
3.198,-0.096149
3.2,-0.019346
3.202,0.050391
3.204,0.11377
3.206,0.17142
3.208,0.22392
3.21,-0.29579
3.212,-0.20608
3.214,-0.12472
3.216,-0.050892
3.218,0.01617
3.22,-0.15909
3.222,-0.080598
3.224,-0.0093382
3.226,0.055409
3.228,0.1143
3.23,0.16791
3.232,-0.019463
3.234,0.048138
3.236,0.10959
3.238,0.16551
3.24,-0.35111
3.242,-0.49487
3.244,-0.38801
3.246,-0.29122
3.248,-0.2035
3.25,-0.36017
3.252,-0.26494
3.254,-0.17862
3.256,-0.10032
3.258,-0.26547
3.26,-0.17787
3.262,-0.33465
3.264,-0.23952
3.266,-0.38952
3.268,0.27928
3.27,0.32499
3.272,0.1305
3.274,0.19169
3.276,0.011149
3.278,0.084893
3.28,-0.084358
3.282,-0.00045021
3.284,0.07568
3.286,-0.091422
3.288,-0.0055806
3.29,0.40363
3.292,0.45132
3.294,0.25862
3.296,0.32142
3.298,0.14232
3.3,0.21737
3.302,0.049289
3.304,0.13425
3.306,-0.024902
3.308,0.068093
3.31,-0.083831
3.312,0.58324
3.314,0.39116
3.316,0.45451
3.318,0.51214
3.32,0.32839
3.322,0.16302
3.324,0.25041
3.326,0.093449
3.328,0.18841
3.33,0.2745
3.332,0.11635
3.334,0.21026
3.336,0.059148
3.338,0.15938
3.34,0.013978
3.342,-0.11689
3.344,0.0015664
3.346,0.10879
3.348,-0.030331
3.35,0.080694
3.352,-0.055002
3.354,-0.17713
3.356,-0.050811
3.358,-0.17274
3.36,-0.046249
3.362,-0.16802
3.364,-0.041389
3.366,-0.16304
3.368,-0.036286
3.37,-0.15783
3.372,-0.26722
3.374,0.2019
3.376,0.30351
3.378,0.15934
3.38,0.029582
3.382,0.14904
3.384,0.020924
3.386,0.14186
3.388,0.58265
3.39,0.42253
3.392,0.51465
3.394,0.36194
3.396,0.22451
3.398,0.10081
3.4,0.22572
3.402,0.10252
3.404,-0.0083598
3.406,0.12808
3.408,0.015257
3.41,0.48129
3.412,0.58011
3.414,0.43344
3.416,0.30143
3.418,0.41886
3.42,0.28892
3.422,0.17198
3.424,0.06673
3.426,0.20824
3.428,0.099979
3.43,0.0025438
3.432,0.15109
3.434,0.049154
3.436,-0.042585
3.438,0.67866
3.44,0.53532
3.442,0.40631
3.444,0.52644
3.446,0.39894
3.448,0.28419
3.45,0.18091
3.452,0.3242
3.454,0.21753
3.456,0.12153
3.458,0.035136
3.46,0.19361
3.462,0.10062
3.464,0.25316
3.466,0.15483
3.468,0.066325
3.47,-0.013325
3.472,0.15122
3.474,0.063697
3.476,-0.015077
3.478,-0.085973
3.48,0.41779
3.482,0.55058
3.484,0.43447
3.486,0.32997
3.488,0.23592
3.49,0.38751
3.492,0.28832
3.494,0.19905
3.496,0.35494
3.498,0.25962
3.5,0.17383
3.502,0.096624
3.504,0.83094
3.506,0.69937
3.508,0.58096
3.51,0.47439
3.512,0.37848
3.514,0.52839
3.516,0.42769
3.518,0.33706
3.52,0.2555
3.522,0.41832
3.524,0.32924
3.526,0.4853
3.528,0.39014
3.53,0.30449
3.532,0.46364
3.534,0.37126
3.536,0.28811
3.538,0.21328
3.54,0.38217
3.542,0.29855
3.544,0.22329
3.546,0.39178
3.548,0.30781
3.55,0.23224
3.552,0.40046
3.554,-0.25134
3.556,-0.28112
3.558,-0.071694
3.56,-0.11883
3.562,-0.16125
3.564,-0.19943
3.566,0.0024468
3.568,-0.051487
3.57,-0.10003
3.572,-0.14371
3.574,-0.18303
3.576,-0.21842
3.578,-0.014033
3.58,-0.065705
3.582,0.45536
3.584,0.36749
3.586,0.2884
3.588,0.21722
3.59,0.3894
3.592,0.30873
3.594,0.23613
3.596,0.1708
3.598,0.67957
3.6,0.58062
3.602,0.49157
3.604,0.41143
3.606,0.57553
3.608,0.48761
3.61,0.40847
3.612,0.33725
3.614,0.27316
3.616,0.21547
3.618,0.16355
3.62,0.92063
3.622,0.80954
3.624,0.70957
3.626,0.61959
3.628,0.53861
3.63,0.70196
3.632,0.61336
3.634,0.53361
3.636,0.69808
3.638,0.61047
3.64,0.53163
3.642,0.46068
3.644,0.63305
3.646,0.55256
3.648,0.48012
3.65,0.083592
3.652,0.047928
3.654,0.01583
3.656,0.22318
3.658,0.17417
3.66,0.13006
3.662,0.32659
3.664,0.26786
3.666,-0.35258
3.668,-0.1179
3.67,-0.14232
3.672,-0.16429
3.674,-0.18406
3.676,-0.20185
3.678,0.018362
3.68,-0.019063
3.682,-0.052745
3.684,-0.083059
3.686,-0.11034
3.688,-0.1349
3.69,-0.15699
3.692,0.05935
3.694,0.01844
3.696,0.54919
3.698,0.47004
3.7,0.3988
3.702,0.33468
3.704,0.27698
3.706,0.22504
3.708,0.1783
3.71,0.94004
3.712,0.83315
3.714,0.73695
3.716,0.65037
3.718,0.57245
3.72,0.50232
3.722,0.4392
3.724,0.61863
3.726,0.54449
3.728,0.47777
3.73,0.41772
3.732,0.36368
3.734,0.31504
3.736,0.5075
3.738,0.44509
3.74,0.38892
3.742,0.33837
3.744,0.29288
3.746,0.48816
3.748,0.4283
3.75,0.37443
3.752,0.56217
3.754,0.49552
3.756,0.43554
3.758,0.38156
3.76,0.5692
3.762,0.50246
3.764,0.4424
3.766,0.38834
3.768,0.33969
3.77,0.53214
3.772,0.46972
3.774,-0.15403
3.776,-0.15857
3.778,0.07358
3.78,0.046894
3.782,0.022877
3.784,0.23749
3.786,0.19503
3.788,0.15681
3.79,0.12242
3.792,0.09146
3.794,0.29983
3.796,0.25175
3.798,0.20847
3.8,0.16952
3.802,0.13447
3.804,0.10292
3.806,0.31076
3.808,0.2622
3.81,0.21849
3.812,0.17916
3.814,0.14375
3.816,0.11189
3.818,0.083213
3.82,0.057405
3.822,0.034177
3.824,0.2495
3.826,0.20768
3.828,0.17004
3.83,0.13616
3.832,0.67324
3.834,0.59978
3.836,0.53367
3.838,0.47417
3.84,0.42061
3.842,0.37242
3.844,0.32904
3.846,0.52623
3.848,0.46809
3.85,0.41576
3.852,0.36866
3.854,0.89384
3.856,0.80967
3.858,0.73392
3.86,0.66575
3.862,0.84062
3.864,0.76239
3.866,0.69198
3.868,0.62861
3.87,0.57158
3.872,0.52025
3.874,0.71029
3.876,0.6457
3.878,0.58757
3.88,0.53526
3.882,0.15684
3.884,0.13747
3.886,0.35627
3.888,0.31758
3.89,0.28275
3.892,0.48764
3.894,0.43642
3.896,-0.17725
3.898,-0.17271
3.9,0.067599
3.902,0.04826
3.904,0.030856
3.906,0.015192
3.908,0.23733
3.91,-0.36594
3.912,-0.35205
3.914,-0.33955
3.916,-0.092065
3.918,-0.10495
3.92,-0.11654
3.922,-0.12698
3.924,-0.13637
3.926,-0.14482
3.928,-0.15243
3.93,-0.15928
3.932,-0.16544
3.934,0.39659
3.936,0.58181
3.938,0.51289
3.94,0.45087
3.942,0.39504
3.944,0.3448
3.946,0.29958
3.948,0.82646
3.95,0.74381
3.952,0.66943
3.954,0.60249
3.956,0.54224
3.958,0.48802
3.96,0.43921
3.962,0.39529
3.964,0.35576
3.966,0.32019
3.968,0.5244
3.97,0.47257
3.972,0.42593
3.974,0.38395
3.976,0.34617
3.978,0.31217
3.98,0.28156
3.982,0.49025
3.984,0.44246
3.986,0.39944
3.988,0.36072
3.99,0.56211
3.992,0.50774
3.994,0.45881
3.996,0.41477
3.998,0.37513
4,0.57569
4.002,0.52058
4.004,0.47097
4.006,0.42633
4.008,0.38615
4.01,0.58622
4.012,0.53067
4.014,-0.086903
4.016,-0.085882
4.018,0.15127
4.02,0.12909
4.022,0.10912
4.024,0.32739
4.026,0.2882
4.028,0.25294
4.03,-0.34637
4.032,-0.32891
4.034,-0.076969
4.036,-0.085839
4.038,-0.093822
4.04,-0.10101
4.042,-0.10747
4.044,-0.11329
4.046,-0.11853
4.048,-0.12324
4.05,-0.12749
4.052,-0.13131
4.054,-0.13474
4.056,-0.13783
4.058,0.42695
4.06,0.37843
4.062,0.33476
4.064,0.29545
4.066,0.26008
4.068,0.22824
4.07,0.19959
4.072,0.74137
4.074,0.67214
4.076,0.60984
4.078,0.55376
4.08,0.5033
4.082,0.45788
4.084,0.417
4.086,0.38021
4.088,0.34709
4.09,0.55353
4.092,0.5037
4.094,1.0264
4.096,0.94004
4.098,0.8623
4.1,0.79233
4.102,0.72935
4.104,0.67268
4.106,0.62167
4.108,0.812
4.11,0.74767
4.112,0.68978
4.114,0.63767
4.116,0.82701
4.118,0.19423
4.12,0.18155
4.122,0.17015
4.124,0.39612
4.126,0.36387
4.128,0.33484
4.13,0.30872
4.132,-0.046127
4.134,-0.044275
4.136,-0.042609
4.138,-0.041109
4.14,-0.039759
4.142,0.19769
4.144,0.17577
4.146,-0.41153
4.148,-0.38326
4.15,-0.12159
4.152,-0.1217
4.154,-0.1218
4.156,-0.12189
4.158,-0.12197
4.16,-0.12205
4.162,-0.12212
4.164,-0.12218
4.166,-0.12223
4.168,-0.12228
4.17,-0.12232
4.172,0.44521
4.174,0.39916
4.176,0.35771
4.178,0.3204
4.18,0.28683
4.182,0.25661
4.184,0.22942
4.186,0.77251
4.188,0.70447
4.19,0.64322
4.192,0.5881
4.194,0.5385
4.196,0.49385
4.198,0.45367
4.2,0.41751
4.202,0.38496
4.204,0.35567
4.206,0.32931
4.208,0.30558
4.21,0.52046
4.212,0.47823
4.214,0.44022
4.216,0.40602
4.218,0.37523
4.22,0.34753
4.222,0.32259
4.224,0.86772
4.226,0.80151
4.228,0.74191
4.23,0.68828
4.232,0.64
4.234,0.59656
4.236,0.79369
4.238,0.73549
4.24,0.68311
4.242,0.63597
4.244,0.025968
4.246,0.033802
4.248,0.27709
4.25,0.26042
4.252,0.24542
4.254,0.46816
4.256,0.433
4.258,0.40136
4.26,0.37288
4.262,0.34725
4.264,0.32419
4.266,-0.027915
4.268,-0.023589
4.27,-0.019696
4.272,-0.016193
4.274,-0.013039
4.276,-0.010202
4.278,-0.0076474
4.28,-0.0053487
4.282,0.23295
4.284,0.21181
4.286,0.19277
4.288,0.17564
4.29,0.16023
4.292,0.14635
4.294,0.13386
4.296,0.12262
4.298,0.11251
4.3,0.10341
4.302,0.095213
4.304,0.08784
4.306,0.081203
4.308,0.07523
4.31,0.069855
4.312,0.065017
4.314,0.62824
4.316,0.5783
4.318,0.53335
4.32,0.4929
4.322,0.4565
4.324,0.42373
4.326,0.39425
4.328,0.36771
4.33,0.34382
4.332,0.8899
4.334,0.82453
4.336,0.7657
4.338,0.71275
4.34,0.6651
4.342,0.62222
4.344,0.58362
4.346,0.54888
4.348,0.51761
4.35,0.48948
4.352,0.46415
4.354,0.67759
4.356,0.63407
4.358,0.5949
4.36,0.55965
4.362,0.52792
4.364,0.7356
4.366,0.11932
4.368,0.1215
4.37,0.12346
4.372,0.12523
4.374,0.36305
4.376,0.34147
4.378,0.32205
4.38,0.30457
4.382,0.28884
4.384,0.27468
4.386,0.26194
4.388,0.25047
4.39,-0.091188
4.392,-0.077468
4.394,-0.065119
4.396,-0.054005
4.398,-0.044003
4.4,-0.035
4.402,-0.026898
4.404,-0.019607
4.406,-0.013044
4.408,-0.0071377
4.41,-0.001822
4.412,0.0029621
4.414,0.0072679
4.416,0.011143
4.418,0.014631
4.42,0.01777
4.422,0.58817
4.424,0.54469
4.426,0.50556
4.428,0.47034
4.43,0.43865
4.432,0.41013
4.434,0.38445
4.436,0.36135
4.438,0.34055
4.44,0.32184
4.442,0.87257
4.444,0.81139
4.446,0.75633
4.448,0.70677
4.45,0.66217
4.452,0.62203
4.454,0.58591
4.456,0.55339
4.458,0.52413
4.46,0.4978
4.462,0.71033
4.464,0.66599
4.466,0.62608
4.468,0.59016
4.47,0.55784
4.472,0.76498
4.474,0.14821
4.476,0.14996
4.478,0.15153
4.48,0.15294
4.482,0.15422
4.484,0.39159
4.486,0.36962
4.488,0.34983
4.49,0.33203
4.492,0.31601
4.494,-0.26598
4.496,-0.23294
4.498,0.033027
4.5,0.036781
4.502,0.040159
4.504,0.043199
4.506,0.045936
4.508,0.048398
4.51,0.050615
4.512,0.05261
4.514,0.054405
4.516,0.056021
4.518,0.057475
4.52,0.058784
4.522,0.059962
4.524,0.061022
4.526,0.061976
4.528,0.63041
4.53,0.58516
4.532,0.54444
4.534,0.50779
4.536,0.4748
4.538,0.44512
4.54,0.4184
4.542,0.39435
4.544,0.37271
4.546,0.35324
4.548,0.33571
4.55,0.31993
4.552,0.30573
4.554,0.86053
4.556,0.803
4.558,0.75124
4.56,0.70464
4.562,0.66271
4.564,0.62497
4.566,0.59101
4.568,0.56044
4.57,0.53293
4.572,0.50817
4.574,0.48588
4.576,0.46583
4.578,0.68401
4.58,0.64475
4.582,0.041851
4.584,0.056073
4.586,0.068874
4.588,0.31663
4.59,0.30399
4.592,0.29261
4.594,0.28237
4.596,0.27315
4.598,0.26486
4.6,0.25739
4.602,0.48691
4.604,0.45785
4.606,0.4317
4.608,-0.1594
4.61,-0.13457
4.612,-0.11221
4.614,-0.092095
4.616,-0.073988
4.618,-0.057693
4.62,-0.043026
4.622,-0.029826
4.624,-0.017947
4.626,-0.007255
4.628,0.0023676
4.63,0.011028
4.632,0.018822
4.634,0.025837
4.636,0.03215
4.638,0.037833
4.64,0.61052
4.642,0.5691
4.644,0.53183
4.646,0.49828
4.648,0.46809
4.65,0.44091
4.652,0.41646
4.654,0.39445
4.656,0.37464
4.658,0.35681
4.66,0.34076
4.662,0.32632
4.664,0.8809
4.666,0.82318
4.668,0.77123
4.67,0.72448
4.672,0.68241
4.674,0.64454
4.676,0.61046
4.678,0.57979
4.68,0.55218
4.682,0.52733
4.684,0.50497
4.686,0.48485
4.688,0.1354
4.69,0.14211
4.692,0.14814
4.694,0.15358
4.696,0.15847
4.698,0.16287
4.7,0.16683
4.702,0.1704
4.704,0.40984
4.706,0.38972
4.708,0.37161
4.71,0.35531
4.712,0.34064
4.714,0.32744
4.716,0.31556
4.718,0.30486
4.72,0.29524
4.722,0.52281
4.724,0.49201
4.726,-0.10329
4.728,-0.082225
4.73,-0.063265
4.732,-0.046201
4.734,-0.030843
4.736,-0.017021
4.738,-0.0045807
4.74,0.0066153
4.742,0.016692
4.744,0.02576
4.746,0.033922
4.748,0.041268
4.75,0.047879
4.752,0.053829
4.754,0.059184
4.756,0.63158
4.758,0.58989
4.76,0.55238
4.762,0.51862
4.764,0.48823
4.766,0.46088
4.768,0.43627
4.77,0.41412
4.772,0.39418
4.774,0.37624
4.776,0.36009
4.778,0.34556
4.78,0.33248
4.782,0.32071
4.784,0.31011
4.786,0.30058
4.788,0.29199
4.79,0.28427
4.792,0.27732
4.794,0.27106
4.796,0.26543
4.798,0.26037
4.8,0.2558
4.802,0.81927
4.804,0.76956
4.806,0.72482
4.808,0.68455
4.81,0.64831
4.812,0.61569
4.814,0.58633
4.816,0.55991
4.818,0.53614
4.82,0.51474
4.822,0.49548
4.824,0.47814
4.826,0.46254
4.828,0.11716
4.83,0.12753
4.832,0.13687
4.834,0.14527
4.836,0.15283
4.838,0.15964
4.84,0.16577
4.842,0.17128
4.844,0.17624
4.846,0.18071
4.848,0.18472
4.85,0.18834
4.852,0.1916
4.854,0.19453
4.856,0.19716
4.858,0.19954
4.86,0.20167
4.862,0.20359
4.864,0.20532
4.866,0.20688
4.868,0.20828
4.87,0.20954
4.872,0.21068
4.874,0.2117
4.876,0.21262
4.878,0.21345
4.88,0.21419
4.882,0.21486
4.884,0.21546
4.886,0.21601
4.888,0.2165
4.89,0.21694
4.892,0.21733
4.894,0.21769
4.896,0.21801
4.898,0.2183
4.9,0.21856
4.902,0.78636
4.904,0.74055
4.906,0.69933
4.908,0.66222
4.91,0.62883
4.912,0.59877
4.914,0.57172
4.916,0.54738
4.918,0.52547
4.92,0.50575
4.922,0.488
4.924,0.47203
4.926,0.45765
4.928,0.44471
4.93,0.6693
4.932,0.63581
4.934,0.60567
4.936,0.57855
4.938,-0.013441
4.94,0.010606
4.942,0.032248
4.944,0.051726
4.946,0.069256
4.948,0.085034
4.95,0.099233
4.952,0.34825
4.954,0.33674
4.956,0.32638
4.958,0.31706
4.96,0.30867
4.962,0.30112
4.964,0.29432
4.966,0.28821
4.968,0.2827
4.97,0.27775
4.972,0.27329
4.974,0.26928
4.976,0.26567
4.978,0.26242
4.98,0.25949
4.982,0.25686
4.984,0.25449
4.986,0.25236
4.988,0.25044
4.99,0.24871
4.992,0.24716
4.994,0.24576
4.996,0.2445
4.998,0.24336
5,0.24234
5.002,0.24143
5.004,0.2406
5.006,0.23986
5.008,0.23919
5.01,0.23859
5.012,0.23804
5.014,0.23756
5.016,0.23712
5.018,0.23672
5.02,0.23637
5.022,0.23605
5.024,0.23576
5.026,0.2355
5.028,0.23527
5.03,0.23506
5.032,0.23487
5.034,0.80227
5.036,0.7561
5.038,0.71454
5.04,0.67714
5.042,0.64348
5.044,0.61319
5.046,0.58592
5.048,0.56139
5.05,0.5393
5.052,0.51943
5.054,0.50154
5.056,0.48544
5.058,0.47095
5.06,0.45791
5.062,0.44617
5.064,0.67184
5.066,0.071753
5.068,0.088508
5.07,0.10359
5.072,0.11716
5.074,0.12937
5.076,0.14037
5.078,0.15026
5.08,0.15916
5.082,0.16718
5.084,0.17439
5.086,0.18088
5.088,0.18672
5.09,0.19198
5.092,0.43295
5.094,0.41419
5.096,0.39732
5.098,0.38213
5.1,0.36846
5.102,0.35616
5.104,0.34509
5.106,0.33512
5.108,0.32615
5.11,0.31808
5.112,0.31082
5.114,0.30428
5.116,0.29839
5.118,0.2931
5.12,0.28833
5.122,0.28404
5.124,0.28018
5.126,0.27671
5.128,0.27358
5.13,0.27077
5.132,0.26823
5.134,0.26595
5.136,0.2639
5.138,0.26206
5.14,0.26039
5.142,0.2589
5.144,0.25755
5.146,0.25634
5.148,0.25525
5.15,0.25427
5.152,0.25339
5.154,0.25259
5.156,0.25188
5.158,0.25123
5.16,0.25065
5.162,0.25013
5.164,0.24966
5.166,0.24924
5.168,0.24886
5.17,0.24852
5.172,0.24821
5.174,0.24793
5.176,0.24768
5.178,0.24746
5.18,0.24726
5.182,0.24707
5.184,0.24691
5.186,0.24676
5.188,0.24663
5.19,0.24651
5.192,0.2464
5.194,0.24631
5.196,0.0099867
5.198,0.032918
5.2,0.053556
5.202,0.072131
5.204,0.65642
5.206,0.62545
5.208,0.59757
5.21,0.57248
5.212,0.5499
5.214,0.52958
5.216,0.51129
5.218,0.49483
5.22,0.48001
5.222,0.46668
5.224,0.45468
5.226,0.44388
5.228,0.43416
5.23,0.42541
5.232,0.41754
5.234,0.41045
5.236,0.40408
5.238,0.39834
5.24,0.39317
5.242,0.38852
5.244,0.38434
5.246,0.38057
5.248,0.61342
5.25,0.58736
5.252,0.5639
5.254,-0.02478
5.256,0.0022415
5.258,0.026561
5.26,0.048449
5.262,0.068147
5.264,0.085876
5.266,0.10183
5.268,0.11619
5.27,0.12912
5.272,0.14075
5.274,0.15122
5.276,0.16064
5.278,0.16912
5.28,0.17675
5.282,0.18362
5.284,0.1898
5.286,0.19537
5.288,0.20037
5.29,0.20488
5.292,0.20893
5.294,0.21258
5.296,0.21587
5.298,0.21883
5.3,0.22149
5.302,0.22388
5.304,0.22604
5.306,0.22798
5.308,0.7973
5.31,0.75285
5.312,0.71285
5.314,0.67684
5.316,0.64444
5.318,0.61528
5.32,0.58903
5.322,0.56541
5.324,0.54415
5.326,0.52502
5.328,0.5078
5.33,0.4923
5.332,0.47835
5.334,0.4658
5.336,0.4545
5.338,-0.12324
5.34,-0.086375
5.342,-0.053193
5.344,-0.02333
5.346,0.0035463
5.348,0.027735
5.35,0.049506
5.352,0.30533
5.354,0.29996
5.356,0.29512
5.358,0.29076
5.36,0.28684
5.362,0.28332
5.364,0.28014
5.366,0.27729
5.368,0.27471
5.37,0.2724
5.372,0.27032
5.374,0.26844
5.376,0.26676
5.378,0.26524
5.38,0.26387
5.382,0.26264
5.384,0.26153
5.386,0.26054
5.388,0.25964
5.39,0.25883
5.392,0.25811
5.394,0.25746
5.396,0.25687
5.398,0.25634
5.4,0.25586
5.402,0.25543
5.404,0.25505
5.406,0.2547
5.408,0.25439
5.41,0.2541
5.412,0.25385
5.414,0.25362
5.416,0.25342
5.418,0.25323
5.42,0.25307
5.422,0.25292
5.424,0.25278
5.426,0.25266
5.428,0.25255
5.43,0.25246
5.432,0.016134
5.434,0.039065
5.436,0.059702
5.438,0.078275
5.44,0.094992
5.442,0.11004
5.444,0.12358
5.446,0.13576
5.448,0.14673
5.45,0.72417
5.452,0.68704
5.454,0.65362
5.456,0.62354
5.458,0.59646
5.46,0.5721
5.462,0.55017
5.464,0.53043
5.466,0.51267
5.468,0.49669
5.47,0.4823
5.472,0.46935
5.474,0.4577
5.476,0.44721
5.478,0.43777
5.48,0.42927
5.482,0.42163
5.484,0.41475
5.486,0.40855
5.488,0.40298
5.49,0.39796
5.492,0.39345
5.494,-0.17819
5.496,-0.13582
5.498,0.13853
5.5,0.14984
5.502,0.16001
5.504,0.16917
5.506,0.17741
5.508,0.18482
5.51,0.1915
5.512,0.19751
5.514,0.20291
5.516,0.20778
5.518,0.21216
5.52,0.2161
5.522,0.21965
5.524,0.22284
5.526,0.22571
5.528,0.2283
5.53,0.23063
5.532,0.23272
5.534,0.23461
5.536,0.2363
5.538,0.23783
5.54,0.2392
5.542,0.24044
5.544,0.24155
5.546,0.24256
5.548,0.24346
5.55,0.24427
5.552,0.245
5.554,0.24566
5.556,0.24625
5.558,0.24678
5.56,0.24726
5.562,0.24769
5.564,0.24808
5.566,0.24843
5.568,0.01251
5.57,0.035803
5.572,0.056766
5.574,0.075633
5.576,0.092614
5.578,0.1079
5.58,0.68922
5.582,0.65558
5.584,0.62531
5.586,0.59806
5.588,0.57353
5.59,0.55146
5.592,0.5316
5.594,0.51372
5.596,0.49763
5.598,0.48315
5.6,0.47011
5.602,0.45838
5.604,0.44783
5.606,0.43833
5.608,0.42977
5.61,0.42208
5.612,0.41515
5.614,0.40892
5.616,0.40331
5.618,0.39826
5.62,0.39371
5.622,-0.17795
5.624,0.10062
5.626,0.11572
5.628,0.1293
5.63,0.14153
5.632,0.15254
5.634,0.16244
5.636,0.17135
5.638,0.17937
5.64,0.18659
5.642,0.19309
5.644,0.19894
5.646,0.2042
5.648,0.20894
5.65,0.2132
5.652,0.21704
5.654,0.22049
5.656,0.2236
5.658,0.2264
5.66,0.22892
5.662,0.23118
5.664,0.23322
5.666,0.23506
5.668,0.23671
5.67,0.23819
5.672,0.23953
5.674,0.24074
5.676,0.24182
5.678,0.2428
5.68,0.24367
5.682,0.24446
5.684,0.24517
5.686,0.24581
5.688,0.24639
5.69,0.24691
5.692,0.011141
5.694,0.034571
5.696,0.055658
5.698,0.074636
5.7,0.091716
5.702,0.67466
5.704,0.64248
5.706,0.61351
5.708,0.58744
5.71,0.56398
5.712,0.54286
5.714,0.52386
5.716,0.50675
5.718,0.49136
5.72,0.4775
5.722,0.46504
5.724,0.45381
5.726,0.44371
5.728,0.43462
5.73,0.42644
5.732,0.41908
5.734,0.41245
5.736,0.40649
5.738,0.40112
5.74,0.39629
5.742,0.62818
5.744,0.033682
5.746,0.055471
5.748,0.075081
5.75,0.09273
5.752,0.10861
5.754,0.12291
5.756,0.13578
5.758,0.14736
5.76,0.15778
5.762,0.16716
5.764,0.1756
5.766,0.1832
5.768,0.19003
5.77,0.19619
5.772,0.20173
5.774,0.20671
5.776,0.2112
5.778,0.21523
5.78,0.21887
5.782,0.22214
5.784,0.22508
5.786,0.22773
5.788,0.23012
5.79,0.23226
5.792,0.23419
5.794,0.23593
5.796,0.23749
5.798,0.2389
5.8,0.24017
5.802,0.24131
5.804,0.24234
5.806,0.24326
5.808,0.24409
5.81,0.24484
5.812,0.24551
5.814,0.24612
5.816,0.24666
5.818,0.24715
5.82,0.2476
5.822,0.24799
5.824,0.24835
5.826,0.012441
5.828,0.035741
5.83,0.05671
5.832,0.075583
5.834,0.092568
5.836,0.67543
5.838,0.64317
5.84,0.61413
5.842,0.588
5.844,0.56448
5.846,0.54332
5.848,0.52427
5.85,0.50712
5.852,0.49169
5.854,0.4778
5.856,0.4653
5.858,0.45405
5.86,0.44393
5.862,0.43482
5.864,0.42662
5.866,0.41924
5.868,0.4126
5.87,0.40662
5.872,0.40124
5.874,-0.17118
5.876,0.10672
5.878,0.1212
5.88,0.13424
5.882,0.14597
5.884,0.15653
5.886,0.16604
5.888,0.17459
5.89,0.18229
5.892,0.18922
5.894,0.19545
5.896,0.20106
5.898,0.20612
5.9,0.21066
5.902,0.21475
5.904,0.21843
5.906,0.22175
5.908,0.22473
5.91,0.22742
5.912,0.22983
5.914,0.23201
5.916,0.23396
5.918,0.23572
5.92,0.23731
5.922,0.23873
5.924,0.24002
5.926,0.24117
5.928,0.24221
5.93,0.24315
5.932,0.24399
5.934,0.24475
5.936,0.24543
5.938,0.24605
5.94,0.2466
5.942,0.2471
5.944,0.24754
5.946,0.24795
5.948,0.24831
5.95,0.24864
5.952,0.24893
5.954,0.24919
5.956,0.24943
5.958,0.24965
5.96,0.24984
5.962,0.013779
5.964,0.036945
5.966,0.057794
5.968,0.076558
5.97,0.093446
5.972,0.10865
5.974,0.12232
5.976,0.13464
5.978,0.14572
5.98,0.15569
5.982,0.16466
5.984,0.74031
5.986,0.70156
5.988,0.66669
5.99,0.6353
5.992,0.60705
5.994,0.58163
5.996,0.55875
5.998,0.53815
6,0.51962
6.002,0.50294
6.004,0.48793
6.006,0.47442
6.008,0.46226
6.01,0.45131
6.012,0.44146
6.014,0.4326
6.016,-0.14295
6.018,-0.10411
6.02,-0.069159
6.022,-0.0377
6.024,-0.0093859
6.026,0.016096
6.028,0.03903
6.03,0.059671
6.032,0.078248
6.034,0.094967
6.036,0.11001
6.038,0.12356
6.04,0.13574
6.042,0.14671
6.044,0.15659
6.046,0.16547
6.048,0.17347
6.05,0.18066
6.052,0.18714
6.054,0.19297
6.056,0.19822
6.058,0.20294
6.06,0.20719
6.062,0.21101
6.064,0.21446
6.066,0.21755
6.068,0.22034
6.07,0.22285
6.072,0.22511
6.074,0.22714
6.076,0.22897
6.078,0.23062
6.08,0.2321
6.082,0.23343
6.084,0.80221
6.086,0.75727
6.088,0.48059
6.09,0.4672
6.092,0.45515
6.094,0.4443
6.096,0.43454
6.098,0.42575
6.1,0.41785
6.102,0.41073
6.104,0.40432
6.106,0.39856
6.108,0.39337
6.11,0.62494
6.112,0.59772
6.114,0.0056596
6.116,0.029637
6.118,0.051217
6.12,0.070639
6.122,0.088119
6.124,0.10385
6.126,0.11801
6.128,0.13075
6.13,0.14222
6.132,0.15254
6.134,0.16183
6.136,0.17019
6.138,0.17772
6.14,0.18449
6.142,0.19058
6.144,0.19607
6.146,0.20101
6.148,0.20545
6.15,0.20945
6.152,0.21305
6.154,0.21629
6.156,0.2192
6.158,0.22182
6.16,0.22419
6.162,0.22631
6.164,0.22822
6.166,0.22994
6.168,0.23149
6.17,0.23289
6.172,0.23414
6.174,0.23527
6.176,0.23629
6.178,0.2372
6.18,0.23803
6.182,0.23877
6.184,0.23943
6.186,0.24004
6.188,0.24058
6.19,0.24106
6.192,0.005266
6.194,0.028669
6.196,0.049733
6.198,0.068689
6.2,0.085751
6.202,0.10111
6.204,0.11493
6.206,0.12736
6.208,0.13856
6.21,0.14863
6.212,0.1577
6.214,0.16586
6.216,0.1732
6.218,0.17981
6.22,0.18576
6.222,0.19112
6.224,0.52727
6.226,0.5086
6.228,0.49179
6.23,0.47667
6.232,0.46306
6.234,0.45081
6.236,0.43978
6.238,0.42986
6.24,0.42092
6.242,0.41289
6.244,0.40565
6.246,0.39914
6.248,0.39328
6.25,0.38801
6.252,0.38326
6.254,0.37899
6.256,0.37515
6.258,0.37169
6.26,0.36857
6.262,0.36577
6.264,0.36325
6.266,-0.2066
6.268,-0.16262
6.27,-0.12304
6.272,0.14881
6.274,0.15786
6.276,0.166
6.278,0.17333
6.28,0.17993
6.282,0.18587
6.284,0.19121
6.286,0.19602
6.288,0.20035
6.29,0.20424
6.292,0.20775
6.294,0.2109
6.296,0.21374
6.298,0.2163
6.3,0.2186
6.302,0.22067
6.304,0.22253
6.306,0.22421
6.308,0.22572
6.31,0.22708
6.312,0.2283
6.314,0.2294
6.316,0.23039
6.318,0.23128
6.32,0.23208
6.322,0.2328
6.324,0.23345
6.326,0.23404
6.328,0.23457
6.33,0.23504
6.332,0.23547
6.334,0.23585
6.336,0.23619
6.338,0.2365
6.34,0.23678
6.342,0.23704
6.344,0.23726
6.346,0.23747
6.348,0.23765
6.35,0.23781
6.352,0.23796
6.354,0.2381
6.356,0.23822
6.358,0.23833
6.36,0.23842
6.362,0.23851
6.364,0.23859
6.366,0.23866
6.368,0.23873
6.37,0.23878
6.372,0.23883
6.374,0.23888
6.376,0.23892
6.378,0.23896
6.38,-0.32858
6.382,-0.28253
6.384,-0.24108
6.386,-0.44002
6.388,-0.38344
6.39,-0.33251
6.392,-0.28668
6.394,-0.24544
6.396,-0.20831
6.398,-0.1749
6.4,0.42274
6.402,0.16755
6.404,0.1735
6.406,0.17885
6.408,0.18367
6.41,0.188
6.412,0.19191
6.414,-0.040815
6.416,0.55293
6.418,0.53046
6.42,0.51024
6.422,0.49205
6.424,0.47567
6.426,0.46093
6.428,0.44766
6.43,0.43572
6.432,0.42498
6.434,0.98288
6.436,0.69193
6.438,0.66568
6.44,0.64207
6.442,0.62081
6.444,0.60168
6.446,0.58447
6.448,0.56897
6.45,0.55502
6.452,-0.025099
6.454,0.24586
6.456,0.2541
6.458,0.26152
6.46,0.26819
6.462,0.2742
6.464,0.27961
6.466,0.28447
6.468,-0.27872
6.47,-0.22876
6.472,-0.18379
6.474,-0.14332
6.476,-0.1069
6.478,-0.074123
6.48,-0.044621
6.482,-0.01807
6.484,0.0058263
6.486,0.027333
6.488,0.046689
6.49,0.064109
6.492,0.079788
6.494,0.093898
6.496,0.1066
6.498,0.11803
6.5,0.12831
6.502,0.13757
6.504,0.1459
6.506,0.1534
6.508,0.16015
6.51,0.16623
6.512,0.17169
6.514,0.17661
6.516,0.18104
6.518,0.18503
6.52,0.18861
6.522,-0.044392
6.524,-0.018477
6.526,0.0048462
6.528,0.59341
6.53,0.56628
6.532,0.54187
6.534,0.51989
6.536,0.50012
6.538,0.48232
6.54,0.4663
6.542,0.45189
6.544,0.43891
6.546,0.42723
6.548,0.41672
6.55,0.40726
6.552,0.39875
6.554,0.39109
6.556,0.38419
6.558,0.37799
6.56,0.3724
6.562,0.36738
6.564,0.36285
6.566,-0.20879
6.568,-0.16644
6.57,-0.12832
6.572,-0.09401
6.574,-0.063133
6.576,-0.035344
6.578,-0.010334
6.58,0.012175
6.582,0.032433
6.584,0.050666
6.586,0.067075
6.588,0.081843
6.59,0.095135
6.592,0.1071
6.594,0.11786
6.596,0.12755
6.598,0.13627
6.6,0.14412
6.602,0.15118
6.604,0.15754
6.606,0.16326
6.608,0.16841
6.61,0.17305
6.612,0.17722
6.614,0.18097
6.616,0.18435
6.618,0.18739
6.62,0.19013
6.622,-0.043642
6.624,-0.018416
6.626,0.004288
6.628,0.024721
6.63,0.043111
6.632,0.059662
6.634,0.074558
6.636,0.65554
6.638,0.62158
6.64,0.59103
6.642,0.56352
6.644,0.30254
6.646,0.30327
6.648,0.30393
6.65,0.30452
6.652,0.30506
6.654,0.30554
6.656,0.30597
6.658,0.30636
6.66,0.30671
6.662,0.30703
6.664,0.30731
6.666,0.30756
6.668,0.30779
6.67,0.308
6.672,0.30819
6.674,0.30836
6.676,0.30851
6.678,0.30864
6.68,0.30876
6.682,0.30887
6.684,0.30897
6.686,0.30906
6.688,0.30914
6.69,0.30921
6.692,-0.25829
6.694,-0.21222
6.696,-0.17075
6.698,-0.13342
6.7,-0.099831
6.702,-0.0696
6.704,-0.042391
6.706,-0.017904
6.708,0.0041354
6.71,0.02397
6.712,0.041822
6.714,0.057888
6.716,0.072348
6.718,0.085362
6.72,0.097074
6.722,0.10762
6.724,0.1171
6.726,0.12564
6.728,0.13333
6.73,0.70781
6.732,0.66802
6.734,0.6322
6.736,0.59997
6.738,0.57096
6.74,0.54485
6.742,0.52135
6.744,0.5002
6.746,0.48117
6.748,0.46404
6.75,0.44862
6.752,0.43475
6.754,0.42226
6.756,0.41102
6.758,0.4009
6.76,0.3918
6.762,0.38361
6.764,-0.19134
6.766,-0.15196
6.768,-0.11651
6.77,-0.084615
6.772,-0.055905
6.774,-0.030066
6.776,-0.0068106
6.778,0.014119
6.78,0.032956
6.782,0.049909
6.784,0.065166
6.786,0.078898
6.788,0.091257
6.79,0.10238
6.792,0.11239
6.794,0.1214
6.796,0.12951
6.798,0.13681
6.8,0.14337
6.802,0.14929
6.804,0.15461
6.806,0.15939
6.808,0.1637
6.81,0.16758
6.812,0.17107
6.814,0.17421
6.816,0.17704
6.818,0.17958
6.82,0.18187
6.822,0.18394
6.824,-0.050442
6.826,-0.025763
6.828,-0.0035519
6.83,0.016438
6.832,0.034429
6.834,0.050621
6.836,0.065194
6.838,0.07831
6.84,0.090114
6.842,0.10074
6.844,0.67787
6.846,0.64046
6.848,0.60678
6.85,0.57648
6.852,0.5492
6.854,0.52466
6.856,0.50256
6.858,0.48268
6.86,0.46478
6.862,0.44868
6.864,0.43418
6.866,0.42114
6.868,0.4094
6.87,0.39883
6.872,0.38932
6.874,0.38076
6.876,0.37306
6.878,0.36612
6.88,-0.20769
6.882,-0.16728
6.884,-0.13092
6.886,-0.098194
6.888,-0.068739
6.89,-0.04223
6.892,-0.018372
6.894,0.0030997
6.896,0.022425
6.898,0.039817
6.9,0.05547
6.902,0.069558
6.904,0.082237
6.906,0.093649
6.908,0.10392
6.91,0.11316
6.912,0.12148
6.914,0.12897
6.916,0.13571
6.918,0.14177
6.92,0.14723
6.922,0.15214
6.924,0.15656
6.926,0.16054
6.928,0.16412
6.93,-0.068889
6.932,-0.042979
6.934,-0.01966
6.936,0.0013276
6.938,0.020216
6.94,0.037216
6.942,0.052516
6.944,0.63386
6.946,0.60023
6.948,0.56997
6.95,0.54273
6.952,0.28198
6.954,0.28293
6.956,0.28378
6.958,0.28455
6.96,0.28524
6.962,0.28586
6.964,0.28642
6.966,0.28693
6.968,0.28738
6.97,0.28779
6.972,0.28815
6.974,0.28848
6.976,0.28878
6.978,0.28905
6.98,0.28929
6.982,0.28951
6.984,0.2897
6.986,0.28988
6.988,0.29003
6.99,0.29018
6.992,0.2903
6.994,0.29042
6.996,0.29052
6.998,0.29062
7,0.2907
7.002,0.29078
7.004,0.29084
7.006,0.29091
7.008,0.29096
7.01,-0.27656
7.012,-0.2305
7.014,-0.18904
7.016,-0.15173
7.018,-0.11815
7.02,-0.087926
7.022,-0.060726
7.024,-0.036245
7.026,-0.014213
7.028,0.0056162
7.03,0.023462
7.032,0.039524
7.034,0.053979
7.036,0.066989
7.038,0.078698
7.04,0.089236
7.042,0.09872
7.044,0.67483
7.046,0.63649
7.048,0.36575
7.05,0.35771
7.052,0.35047
7.054,0.34396
7.056,0.33809
7.058,0.33282
7.06,0.32807
7.062,0.32379
7.064,0.31994
7.066,0.31648
7.068,0.31337
7.07,0.31056
7.072,0.30804
7.074,0.30577
7.076,0.30372
7.078,0.30188
7.08,0.30023
7.082,0.29873
7.084,0.29739
7.086,0.29619
7.088,0.2951
7.09,0.29412
7.092,0.29324
7.094,0.29245
7.096,0.29174
7.098,0.29109
7.1,0.29052
7.102,0.29
7.104,0.28953
7.106,0.28911
7.108,0.28873
7.11,0.28839
7.112,0.28808
7.114,-0.27977
7.116,-0.234
7.118,-0.1928
7.12,-0.15573
7.122,-0.12236
7.124,-0.092331
7.126,-0.065303
7.128,-0.040979
7.13,-0.019087
7.132,0.0006161
7.134,0.018349
7.136,0.034308
7.138,0.048671
7.14,0.061598
7.142,0.073233
7.144,0.083704
7.146,0.093127
7.148,0.66918
7.15,0.6308
7.152,0.59625
7.154,0.56516
7.156,0.53717
7.158,0.51199
7.16,0.48932
7.162,0.46892
7.164,0.45056
7.166,0.43404
7.168,0.41916
7.17,0.40578
7.172,0.39373
7.174,0.38289
7.176,0.37314
7.178,0.36435
7.18,0.35645
7.182,0.34934
7.184,0.34294
7.186,0.33717
7.188,-0.23558
7.19,-0.19423
7.192,-0.15701
7.194,-0.12352
7.196,-0.093372
7.198,-0.066241
7.2,-0.041823
7.202,0.21639
7.204,0.21316
7.206,0.21025
7.208,0.20763
7.21,0.20528
7.212,0.20316
7.214,0.20125
7.216,0.19953
7.218,0.19799
7.22,0.19659
7.222,0.19534
7.224,0.19422
7.226,0.1932
7.228,0.19229
7.23,0.19147
7.232,0.19073
7.234,0.19006
7.236,0.18947
7.238,0.18893
7.24,0.18844
7.242,0.18801
7.244,0.18761
7.246,0.18726
7.248,0.18694
7.25,0.18665
7.252,0.1864
7.254,0.18617
7.256,0.18596
7.258,0.18577
7.26,0.1856
7.262,0.18545
7.264,0.18531
7.266,0.18519
7.268,0.18508
7.27,0.18498
7.272,0.18489
7.274,0.18481
7.276,0.18473
7.278,0.18467
7.28,0.18461
7.282,0.18456
7.284,0.18451
7.286,0.18446
7.288,0.18443
7.29,0.18439
7.292,0.18436
7.294,0.18433
7.296,0.18431
7.298,0.18428
7.3,0.18426
7.302,0.18424
7.304,0.18423
7.306,0.18421
7.308,0.1842
7.31,0.18419
7.312,0.18418
7.314,0.18417
7.316,0.18416
7.318,0.18415
7.32,0.18414
7.322,0.18414
7.324,0.18413
7.326,-0.38345
7.328,-0.33743
7.33,-0.29602
7.332,-0.25875
7.334,-0.2252
7.336,-0.19501
7.338,-0.40408
7.34,-0.35661
7.342,-0.31389
7.344,-0.27545
7.346,-0.24085
7.348,0.35787
7.35,0.33987
7.352,0.32368
7.354,0.072874
7.356,0.082767
7.358,0.091671
7.36,0.099685
7.362,0.67447
7.364,0.63494
7.366,0.59937
7.368,0.56735
7.37,0.3023
7.372,0.29937
7.374,0.29674
7.376,0.29437
7.378,0.29224
7.38,0.29032
7.382,0.85617
7.384,0.80859
7.386,0.76578
7.388,0.72724
7.39,0.69256
7.392,0.66135
7.394,0.63325
7.396,0.60797
7.398,0.58522
7.4,-0.0028348
7.402,0.024754
7.404,0.049583
7.406,0.07193
7.408,0.092042
7.41,0.11014
7.412,0.36267
7.414,0.35432
7.416,0.3468
7.418,-0.22753
7.42,-0.1876
7.422,-0.15166
7.424,-0.11931
7.426,-0.090199
7.428,-0.063998
7.43,-0.040418
7.432,-0.019195
7.434,-9.5335e-05
7.436,0.017095
7.438,0.032566
7.44,0.04649
7.442,0.059021
7.444,0.0703
7.446,0.080451
7.448,0.089586
7.45,0.097808
7.452,0.10521
7.454,0.11187
7.456,0.11786
7.458,0.12326
7.46,0.12811
7.462,0.13248
7.464,0.13641
7.466,0.13995
7.468,-0.093095
7.47,-0.067219
7.472,-0.04393
7.474,-0.02297
7.476,-0.004106
7.478,0.012872
7.48,0.59572
7.482,0.56346
7.484,0.53442
7.486,0.50828
7.488,0.24852
7.49,0.25036
7.492,0.25202
7.494,0.25351
7.496,0.25485
7.498,0.25605
7.5,0.25714
7.502,0.25812
7.504,0.259
7.506,0.25979
7.508,0.2605
7.51,0.26114
7.512,0.26172
7.514,0.26224
7.516,0.26271
7.518,0.26313
7.52,0.26351
7.522,0.26385
7.524,0.26415
7.526,0.26443
7.528,0.26468
7.53,0.2649
7.532,0.2651
7.534,0.26528
7.536,0.26545
7.538,0.26559
7.54,0.26572
7.542,0.26584
7.544,0.26595
7.546,0.26605
7.548,0.26613
7.55,0.26621
7.552,0.26628
7.554,0.26634
7.556,0.2664
7.558,0.26645
7.56,0.2665
7.562,0.26654
7.564,0.26658
7.566,0.26661
7.568,0.26664
7.57,0.26667
7.572,0.26669
7.574,0.26671
7.576,0.26673
7.578,0.26675
7.58,0.26677
7.582,-0.30079
7.584,-0.018525
7.586,-0.00010531
7.588,0.016472
7.59,0.031392
7.592,0.04482
7.594,0.056905
7.596,0.067781
7.598,0.07757
7.6,0.08638
7.602,0.094309
7.604,0.10145
7.606,0.10787
7.608,0.11365
7.61,-0.11738
7.612,-0.089691
7.614,-0.064769
7.616,-0.042338
7.618,-0.022151
7.62,0.56359
7.622,0.53392
7.624,0.50722
7.626,0.48319
7.628,0.46156
7.63,0.4421
7.632,0.42458
7.634,0.40881
7.636,0.39462
7.638,0.38185
7.64,0.37036
7.642,0.36001
7.644,0.3507
7.646,0.34232
7.648,0.33478
7.65,0.328
7.652,0.32189
7.654,0.31639
7.656,0.31144
7.658,0.30699
7.66,0.30298
7.662,0.29937
7.664,0.29613
7.666,0.29321
7.668,0.29058
7.67,-0.27936
7.672,-0.23547
7.674,-0.19597
7.676,-0.16042
7.678,0.10781
7.68,0.11359
7.682,0.1188
7.684,0.12349
7.686,0.12771
7.688,0.1315
7.69,0.13492
7.692,0.13799
7.694,0.14076
7.696,0.14325
7.698,0.14549
7.7,0.14751
7.702,0.14933
7.704,0.15096
7.706,0.15243
7.708,-0.082476
7.71,-0.058275
7.712,-0.036494
7.714,-0.016892
7.716,0.00075093
7.718,0.016629
7.72,0.03092
7.722,0.61135
7.724,0.57691
7.726,0.54591
7.728,0.51801
7.73,0.4929
7.732,0.4703
7.734,0.44996
7.736,0.43166
7.738,0.41518
7.74,0.40036
7.742,0.38701
7.744,0.375
7.746,0.36419
7.748,0.35447
7.75,0.34571
7.752,0.33783
7.754,0.33074
7.756,0.32436
7.758,0.31861
7.76,-0.25413
7.762,-0.21276
7.764,0.060698
7.766,0.071195
7.768,0.080643
7.77,0.089145
7.772,0.096798
7.774,0.10369
7.776,0.10988
7.778,0.11546
7.78,0.12048
7.782,0.125
7.784,0.12907
7.786,0.13273
7.788,0.13602
7.79,0.13899
7.792,0.14166
7.794,0.14406
7.796,0.14622
7.798,0.14816
7.8,0.14991
7.802,0.15149
7.804,0.15291
7.806,0.15418
7.808,0.15533
7.81,0.15637
7.812,-0.078936
7.814,-0.055089
7.816,-0.033627
7.818,-0.014311
7.82,0.0030736
7.822,0.01872
7.824,0.60037
7.826,0.56703
7.828,0.53702
7.83,0.51001
7.832,0.4857
7.834,0.46382
7.836,0.44413
7.838,0.42641
7.84,0.41046
7.842,0.3961
7.844,0.38318
7.846,0.37156
7.848,0.36109
7.85,0.35167
7.852,0.3432
7.854,0.33557
7.856,0.3287
7.858,0.32252
7.86,0.31696
7.862,-0.25561
7.864,0.022133
7.866,0.036487
7.868,0.049405
7.87,0.061032
7.872,0.071496
7.874,0.080913
7.876,0.089389
7.878,0.097017
7.88,0.10388
7.882,0.11006
7.884,0.11562
7.886,0.12063
7.888,0.12513
7.89,0.12918
7.892,0.13283
7.894,0.13612
7.896,0.13907
7.898,0.14173
7.9,0.14413
7.902,0.14628
7.904,0.14822
7.906,0.14996
7.908,0.15153
7.91,0.15295
7.912,0.15422
7.914,0.15537
7.916,-0.079837
7.918,-0.0559
7.92,-0.034357
7.922,-0.014968
7.924,0.57006
7.926,0.53974
7.928,0.51246
7.93,0.4879
7.932,0.4658
7.934,0.44592
7.936,0.42802
7.938,0.4119
7.94,0.39741
7.942,0.38436
7.944,0.37261
7.946,0.36204
7.948,0.35253
7.95,0.34397
7.952,0.33626
7.954,0.32933
7.956,0.32309
7.958,0.31747
7.96,0.31241
7.962,0.30786
7.964,0.54
7.966,0.51331
7.968,-0.078293
7.97,-0.053897
7.972,-0.03194
7.974,-0.012179
7.976,0.0056058
7.978,0.021612
7.98,0.036018
7.982,0.048983
7.984,0.060652
7.986,0.071154
7.988,0.080605
7.99,0.089112
7.992,0.096768
7.994,0.10366
7.996,0.10986
7.998,0.11544
8,0.12046
8.002,0.12498
8.004,0.12905
8.006,0.13271
8.008,0.13601
8.01,0.13898
8.012,0.14165
8.014,0.14405
8.016,0.14621
8.018,0.14816
8.02,0.14991
8.022,0.15148
8.024,0.1529
8.026,0.15418
8.028,0.15533
8.03,0.15636
8.032,0.15729
8.034,0.15813
8.036,0.72646
8.038,0.44488
8.04,0.42709
8.042,0.41107
8.044,0.39665
8.046,0.38368
8.048,0.372
8.05,0.36149
8.052,0.35204
8.054,0.34352
8.056,0.33586
8.058,0.32897
8.06,0.32276
8.062,0.31718
8.064,0.31215
8.066,0.30763
8.068,0.30356
8.07,0.53612
8.072,0.50982
8.074,0.48614
8.076,0.46483
8.078,-0.12192
8.08,-0.093161
8.082,-0.067278
8.084,-0.043983
8.086,-0.023018
8.088,-0.0041493
8.09,0.012833
8.092,0.028116
8.094,0.041872
8.096,0.054252
8.098,0.065393
8.1,0.075421
8.102,0.084446
8.104,0.092568
8.106,0.099878
8.108,0.10646
8.11,0.11238
8.112,0.11771
8.114,0.1225
8.116,0.12682
8.118,0.13071
8.12,0.1342
8.122,0.13735
8.124,0.14018
8.126,0.14273
8.128,0.14502
8.13,0.14709
8.132,0.14895
8.134,0.15062
8.136,0.15212
8.138,0.72105
8.14,0.67625
8.142,0.3997
8.144,0.38642
8.146,0.37447
8.148,0.36371
8.15,0.35403
8.152,0.34532
8.154,0.33748
8.156,0.33042
8.158,0.32407
8.16,0.31836
8.162,0.31321
8.164,0.30858
8.166,0.30442
8.168,0.30066
8.17,0.29729
8.172,0.29425
8.174,0.52775
8.176,0.50228
8.178,0.47936
8.18,0.45873
8.182,0.44016
8.184,0.42345
8.186,-0.15916
8.188,-0.12668
8.19,-0.097446
8.192,-0.071135
8.194,-0.047454
8.196,-0.026142
8.198,-0.0069607
8.2,0.010302
8.202,0.025839
8.204,0.039822
8.206,0.052407
8.208,0.063733
8.21,0.073927
8.212,0.083101
8.214,0.091358
8.216,0.098789
8.218,0.10548
8.22,0.1115
8.222,0.11691
8.224,0.12179
8.226,0.12618
8.228,0.13013
8.23,0.13368
8.232,0.13688
8.234,0.13976
8.236,0.14235
8.238,0.14468
8.24,0.14678
8.242,0.14867
8.244,0.71794
8.246,0.67345
8.248,0.63341
8.25,0.59738
8.252,0.56494
8.254,0.53575
8.256,0.50948
8.258,0.48584
8.26,0.46456
8.262,0.44541
8.264,0.42817
8.266,0.41266
8.268,0.3987
8.27,0.38613
8.272,0.37483
8.274,0.36465
8.276,0.35549
8.278,-0.22033
8.28,-0.18173
8.282,-0.14699
8.284,-0.11572
8.286,-0.087584
8.288,0.17397
8.29,0.17376
8.292,0.17356
8.294,0.17339
8.296,0.17323
8.298,0.17309
8.3,0.17296
8.302,0.17284
8.304,0.17274
8.306,0.17265
8.308,0.17256
8.31,0.17249
8.312,0.17242
8.314,0.17236
8.316,0.1723
8.318,0.17225
8.32,0.17221
8.322,0.17217
8.324,0.17213
8.326,0.1721
8.328,0.17207
8.33,0.17204
8.332,0.17202
8.334,0.172
8.336,0.17198
8.338,0.17196
8.34,0.17195
8.342,0.17193
8.344,0.17192
8.346,0.17191
8.348,0.1719
8.35,0.17189
8.352,0.17188
8.354,0.17187
8.356,0.17187
8.358,0.17186
8.36,0.17185
8.362,0.17185
8.364,0.17185
8.366,0.17184
8.368,0.17184
8.37,0.17183
8.372,0.17183
8.374,0.17183
8.376,0.17183
8.378,0.17182
8.38,0.17182
8.382,0.17182
8.384,0.17182
8.386,0.17182
8.388,0.17182
8.39,0.17182
8.392,0.17181
8.394,0.17181
8.396,0.17181
8.398,0.17181
8.4,0.17181
8.402,0.17181
8.404,0.17181
8.406,0.17181
8.408,0.17181
8.41,0.17181
8.412,0.17181
8.414,0.17181
8.416,0.17181
8.418,0.17181
8.42,0.17181
8.422,0.17181
8.424,0.17181
8.426,0.17181
8.428,0.17181
8.43,0.17181
8.432,0.17181
8.434,0.17181
8.436,0.17181
8.438,-0.39577
8.44,-0.34975
8.442,-0.30833
8.444,-0.27105
8.446,-0.23751
8.448,-0.20731
8.45,-0.18014
8.452,-0.15568
8.454,-0.3699
8.456,-0.32708
8.458,0.27903
8.46,0.26769
8.462,0.25749
8.464,0.24831
8.466,0.0038098
8.468,0.019382
8.47,0.033397
8.472,0.046011
8.474,0.62494
8.476,0.58913
8.478,0.32068
8.48,0.31469
8.482,0.3093
8.484,0.30445
8.486,0.30008
8.488,0.29615
8.49,0.29261
8.492,0.857
8.494,0.80812
8.496,0.76412
8.498,0.72452
8.5,0.68889
8.502,0.65681
8.504,0.62795
8.506,0.60197
8.508,0.57859
8.51,0.55754
8.512,0.53861
8.514,-0.046013
8.516,-0.015334
8.518,0.012277
8.52,0.037127
8.522,0.059492
8.524,0.079621
8.526,0.097736
8.528,0.11404
8.53,-0.43886
8.532,-0.1434
8.534,-0.11311
8.536,-0.085843
8.538,-0.061305
8.54,-0.039221
8.542,-0.019346
8.544,-0.0014577
8.546,0.014642
8.548,0.029131
8.55,0.042171
8.552,0.053907
8.554,0.06447
8.556,0.073976
8.558,0.082532
8.56,0.090232
8.562,0.097163
8.564,0.1034
8.566,-0.12722
8.568,-0.099158
8.57,-0.073903
8.572,-0.051172
8.574,-0.030715
8.576,-0.012304
8.578,0.0042662
8.58,0.58675
8.582,0.55415
8.584,0.52482
8.586,0.49841
8.588,0.47465
8.59,0.21703
8.592,0.22079
8.594,0.22418
8.596,0.22722
8.598,0.22996
8.6,0.23243
8.602,0.23465
8.604,0.23665
8.606,0.23845
8.608,0.24007
8.61,0.24153
8.612,0.24284
8.614,0.24402
8.616,0.24508
8.618,0.24604
8.62,0.2469
8.622,0.24767
8.624,0.24837
8.626,0.249
8.628,0.24956
8.63,0.25007
8.632,0.25053
8.634,0.25094
8.636,0.25131
8.638,0.25164
8.64,0.25194
8.642,0.25221
8.644,0.25245
8.646,0.25267
8.648,0.25287
8.65,0.25305
8.652,0.25321
8.654,0.25335
8.656,0.25348
8.658,0.25359
8.66,0.2537
8.662,0.25379
8.664,0.25388
8.666,0.25395
8.668,0.25402
8.67,0.25408
8.672,0.25414
8.674,0.25419
8.676,0.25424
8.678,0.25428
8.68,0.25431
8.682,0.25435
8.684,0.49061
8.686,0.46762
8.688,0.44694
8.69,0.42832
8.692,0.41157
8.694,0.39649
8.696,0.38292
8.698,0.3707
8.7,0.35971
8.702,-0.21775
8.704,-0.18064
8.706,-0.14724
8.708,-0.11717
8.71,-0.090115
8.712,-0.065764
8.714,-0.043848
8.716,-0.024123
8.718,-0.0063711
8.72,0.0096058
8.722,0.023985
8.724,0.036926
8.726,0.048574
8.728,0.059056
8.73,0.06849
8.732,0.076981
8.734,0.084623
8.736,0.0915
8.738,0.09769
8.74,0.10326
8.742,0.10827
8.744,0.11279
8.746,0.11685
8.748,0.1205
8.75,0.69137
8.752,0.64831
8.754,0.60955
8.756,0.57468
8.758,0.54329
8.76,0.2788
8.762,0.27639
8.764,0.27421
8.766,0.27225
8.768,0.27049
8.77,0.26891
8.772,0.26748
8.774,0.2662
8.776,0.26504
8.778,0.264
8.78,0.26307
8.782,0.26222
8.784,0.26146
8.786,0.26078
8.788,0.26017
8.79,0.25962
8.792,0.49535
8.794,0.47189
8.796,0.45078
8.798,0.43178
8.8,0.41468
8.802,0.39929
8.804,0.38544
8.806,0.37297
8.808,0.36175
8.81,0.35166
8.812,0.34257
8.814,0.33439
8.816,0.32703
8.818,-0.24717
8.82,-0.20711
8.822,-0.17106
8.824,-0.13862
8.826,0.12682
8.828,0.13009
8.83,0.13303
8.832,0.13568
8.834,0.13807
8.836,0.14022
8.838,0.14215
8.84,0.14389
8.842,0.14545
8.844,0.14686
8.846,0.14813
8.848,0.14927
8.85,0.15029
8.852,0.15122
8.854,0.15205
8.856,0.1528
8.858,0.15347
8.86,0.15408
8.862,0.15462
8.864,0.15511
8.866,0.15556
8.868,0.15595
8.87,0.15631
8.872,0.15663
8.874,0.15692
8.876,0.15719
8.878,0.15742
8.88,0.15763
8.882,0.15782
8.884,0.15799
8.886,0.15815
8.888,0.15829
8.89,0.15841
8.892,0.15852
8.894,0.15862
8.896,0.15872
8.898,0.1588
8.9,-0.077362
8.902,0.51329
8.904,0.48804
8.906,0.46531
8.908,0.44486
8.91,0.42645
8.912,0.40988
8.914,0.39497
8.916,0.38155
8.918,0.36947
8.92,0.3586
8.922,0.34882
8.924,0.34002
8.926,0.33209
8.928,0.56119
8.93,0.53177
8.932,0.50528
8.934,0.48144
8.936,-0.10758
8.938,-0.08087
8.94,-0.05683
8.942,-0.035194
8.944,-0.015721
8.946,0.23804
8.948,0.2308
8.95,0.22429
8.952,0.21843
8.954,0.21315
8.956,0.2084
8.958,0.20413
8.96,0.20028
8.962,0.19682
8.964,0.19371
8.966,0.1909
8.968,0.18838
8.97,0.18611
8.972,0.18406
8.974,-0.38535
8.976,-0.34098
8.978,-0.30106
8.98,-0.26512
8.982,-0.23278
8.984,-0.20367
8.986,-0.17748
8.988,-0.1539
8.99,-0.13268
8.992,-0.11358
8.994,-0.096396
8.996,0.48665
8.998,0.45455
9,0.42566
9.002,0.39966
9.004,0.37626
9.006,0.11897
9.008,0.12303
9.01,0.12668
9.012,0.12996
9.014,0.13292
9.016,0.13558
9.018,0.70555
9.02,0.66169
9.022,0.62221
9.024,0.58668
9.026,0.5547
9.028,0.52592
9.03,0.50002
9.032,0.47671
9.034,0.45573
9.036,0.43685
9.038,0.41986
9.04,0.40456
9.042,0.3908
9.044,0.37841
9.046,0.36726
9.048,0.35722
9.05,0.34819
9.052,-0.22751
9.054,-0.1888
9.056,0.082263
9.058,0.090604
9.06,0.09811
9.062,0.10487
9.064,0.11095
9.066,0.11642
9.068,0.12134
9.07,0.12578
9.072,0.12977
9.074,0.13336
9.076,0.13659
9.078,0.1395
9.08,0.14211
9.082,0.14447
9.084,0.14659
9.086,0.1485
9.088,0.15021
9.09,0.15176
9.092,0.15315
9.094,0.1544
9.096,0.15553
9.098,0.15654
9.1,0.15746
9.102,0.15828
9.104,0.15902
9.106,0.15968
9.108,0.16028
9.11,0.16082
9.112,0.1613
9.114,0.16174
9.116,0.16213
9.118,0.16249
9.12,0.16281
9.122,0.16309
9.124,0.16335
9.126,0.16358
9.128,-0.072442
9.13,-0.049245
9.132,-0.028367
9.134,-0.0095766
9.136,0.0073345
9.138,0.022554
9.14,0.036252
9.142,0.048581
9.144,0.059676
9.146,0.069662
9.148,0.64622
9.15,0.60829
9.152,0.57415
9.154,0.54343
9.156,0.51578
9.158,0.49089
9.16,0.46849
9.162,0.44834
9.164,0.43019
9.166,0.41386
9.168,0.39917
9.17,0.38594
9.172,0.37404
9.174,0.36333
9.176,0.35369
9.178,0.34501
9.18,0.3372
9.182,-0.2374
9.184,-0.19771
9.186,-0.16198
9.188,-0.12983
9.19,0.13534
9.192,0.13837
9.194,0.1411
9.196,0.14356
9.198,0.14577
9.2,0.14776
9.202,0.14955
9.204,0.15116
9.206,0.15261
9.208,0.15392
9.21,0.15509
9.212,0.15615
9.214,0.1571
9.216,0.15796
9.218,0.15873
9.22,0.15942
9.222,0.16005
9.224,0.16061
9.226,0.16112
9.228,0.16157
9.23,0.16198
9.232,0.16235
9.234,0.16268
9.236,0.16298
9.238,0.16325
9.24,0.16349
9.242,0.16371
9.244,0.16391
9.246,0.16408
9.248,0.16424
9.25,0.16438
9.252,0.16451
9.254,0.16463
9.256,0.16473
9.258,0.16483
9.26,0.16491
9.262,0.16499
9.264,0.16505
9.266,0.16512
9.268,0.16517
9.27,0.16522
9.272,0.16527
9.274,0.16531
9.276,0.16534
9.278,0.16538
9.28,0.16541
9.282,0.16543
9.284,0.16546
9.286,0.16548
9.288,0.1655
9.29,0.16551
9.292,0.16553
9.294,0.16554
9.296,0.16556
9.298,0.16557
9.3,0.16558
9.302,0.16559
9.304,0.1656
9.306,0.1656
9.308,0.16561
9.31,0.16562
9.312,0.16562
9.314,0.16563
9.316,0.16563
9.318,0.16563
9.32,0.16564
9.322,0.16564
9.324,0.16564
9.326,0.16565
9.328,0.16565
9.33,0.16565
9.332,0.16565
9.334,0.16565
9.336,0.16566
9.338,0.16566
9.34,0.16566
9.342,0.16566
9.344,0.16566
9.346,0.16566
9.348,0.16566
9.35,0.16566
9.352,0.16566
9.354,0.16566
9.356,0.16567
9.358,0.16567
9.36,0.16567
9.362,0.16567
9.364,0.16567
9.366,0.16567
9.368,0.16567
9.37,0.16567
9.372,0.16567
9.374,0.16567
9.376,0.16567
9.378,0.16567
9.38,0.16567
9.382,0.16567
9.384,0.16567
9.386,0.16567
9.388,0.16567
9.39,-0.4019
9.392,-0.35588
9.394,-0.31447
9.396,-0.51342
9.398,-0.45687
9.4,-0.40596
9.402,-0.36015
9.404,-0.31892
9.406,-0.28181
9.408,0.31916
9.41,0.30319
9.412,0.052595
9.414,0.062675
9.416,0.071748
9.418,0.079913
9.42,0.087261
9.422,0.66145
9.424,0.38515
9.426,0.3721
9.428,0.36035
9.43,0.34978
9.432,0.34027
9.434,0.3317
9.436,0.324
9.438,0.88463
9.44,0.83237
9.442,0.5491
9.444,0.52978
9.446,0.51239
9.448,0.49674
9.45,0.48266
9.452,0.46998
9.454,0.45857
9.456,0.4483
9.458,0.43906
9.46,0.43074
9.462,0.42326
9.464,0.41652
9.466,0.079115
9.468,0.096668
9.47,0.11246
9.472,0.12668
9.474,0.13948
9.476,0.15099
9.478,0.16136
9.48,0.17069
9.482,0.17908
9.484,0.18664
9.486,0.19344
9.488,0.19956
9.49,0.20507
9.492,-0.35755
9.494,-0.30707
9.496,-0.26163
9.498,-0.22074
9.5,-0.18394
9.502,-0.15082
9.504,-0.12101
9.506,-0.094187
9.508,-0.070042
9.51,-0.048312
9.512,-0.028754
9.514,-0.011153
9.516,0.0046888
9.518,0.018946
9.52,0.031778
9.522,0.6109
9.524,0.57527
9.526,0.54321
9.528,0.51435
9.53,0.48838
9.532,0.46501
9.534,0.44397
9.536,0.42504
9.538,0.408
9.54,0.39266
9.542,0.37886
9.544,0.36644
9.546,0.35526
9.548,0.3452
9.55,0.33614
9.552,0.32799
9.554,0.32066
9.556,0.31405
9.558,0.30811
9.56,0.30277
9.562,0.29795
9.564,-0.27395
9.566,-0.23183
9.568,-0.19392
9.57,-0.1598
9.572,-0.1291
9.574,-0.10146
9.576,-0.076588
9.578,-0.054203
9.58,-0.034056
9.582,-0.015924
9.584,0.00039433
9.586,0.015081
9.588,0.028299
9.59,0.040196
9.592,0.050902
9.594,0.060538
9.596,0.069211
9.598,0.077016
9.6,0.08404
9.602,0.090363
9.604,0.096053
9.606,0.10117
9.608,0.10578
9.61,-0.1263
9.612,0.46801
9.614,0.44606
9.616,0.42631
9.618,0.40853
9.62,0.39252
9.622,0.37812
9.624,0.36516
9.626,0.35349
9.628,0.343
9.63,0.33355
9.632,0.32504
9.634,0.31739
9.636,0.3105
9.638,0.3043
9.64,0.29872
9.642,0.2937
9.644,0.28918
9.646,0.28511
9.648,0.28145
9.65,0.27816
9.652,0.27519
9.654,0.27252
9.656,0.27012
9.658,0.26796
9.66,0.26601
9.662,0.26426
9.664,0.26269
9.666,0.26127
9.668,0.25999
9.67,0.25884
9.672,0.25781
9.674,0.25688
9.676,0.25604
9.678,0.25529
9.68,0.25461
9.682,0.254
9.684,-0.07789
9.686,-0.055375
9.688,-0.035111
9.69,-0.016874
9.692,-0.00046004
9.694,0.014312
9.696,0.027607
9.698,0.039573
9.7,0.050342
9.702,0.060034
9.704,0.068757
9.706,0.076607
9.708,0.083673
9.71,0.090032
9.712,0.095755
9.714,0.10091
9.716,0.10554
9.718,0.10971
9.72,0.11347
9.722,0.11685
9.724,-0.11634
9.726,-0.090597
9.728,0.50015
9.73,0.47498
9.732,0.45234
9.734,0.43195
9.736,0.41361
9.738,0.3971
9.74,0.38224
9.742,0.36887
9.744,0.35683
9.746,0.346
9.748,0.33625
9.75,0.32747
9.752,0.31958
9.754,0.31247
9.756,0.30607
9.758,0.30032
9.76,0.29513
9.762,0.29047
9.764,0.28628
9.766,0.2825
9.768,0.2791
9.77,0.27604
9.772,0.27329
9.774,0.27081
9.776,0.26858
9.778,0.26657
9.78,0.26476
9.782,0.26314
9.784,0.49791
9.786,0.47358
9.788,-0.11589
9.79,-0.089571
9.792,-0.065888
9.794,-0.044573
9.796,-0.025389
9.798,-0.0081242
9.8,0.0074145
9.802,0.021399
9.804,0.033986
9.806,0.045313
9.808,0.055508
9.81,0.064683
9.812,0.072941
9.814,0.080373
9.816,0.087062
9.818,0.093082
9.82,0.0985
9.822,0.10338
9.824,0.10777
9.826,0.11171
9.828,0.11527
9.83,0.11847
9.832,0.12135
9.834,0.12394
9.836,0.12627
9.838,0.12837
9.84,0.13026
9.842,0.69953
9.844,0.41881
9.846,0.40178
9.848,0.38645
9.85,0.37266
9.852,0.36024
9.854,0.34907
9.856,0.33901
9.858,0.32996
9.86,0.32182
9.862,0.31448
9.864,0.30789
9.866,0.30195
9.868,0.2966
9.87,0.29179
9.872,0.28747
9.874,0.28357
9.876,0.28006
9.878,0.27691
9.88,0.27407
9.882,0.27151
9.884,0.26921
9.886,0.26714
9.888,0.26528
9.89,0.2636
9.892,0.26209
9.894,0.49696
9.896,0.47273
9.898,0.45092
9.9,0.43129
9.902,0.41363
9.904,0.39773
9.906,0.38342
9.908,0.37054
9.91,-0.20862
9.912,-0.17303
9.914,-0.141
9.916,-0.11218
9.918,-0.086232
9.92,-0.062883
9.922,-0.041868
9.924,-0.022955
9.926,-0.0059334
9.928,0.0093862
9.93,0.023174
9.932,0.035583
9.934,0.046751
9.936,0.056802
9.938,0.065848
9.94,0.073989
9.942,0.081317
9.944,0.087911
9.946,0.093846
9.948,0.099188
9.95,0.104
9.952,0.10832
9.954,0.11222
9.956,0.11572
9.958,0.11887
9.96,0.12171
9.962,0.69184
9.964,0.64812
9.966,0.60877
9.968,0.57336
9.97,0.54149
9.972,0.5128
9.974,0.48699
9.976,0.46375
9.978,0.44284
9.98,0.42402
9.982,0.40708
9.984,0.39184
9.986,0.37812
9.988,0.36577
9.99,0.35466
9.992,0.34466
9.994,0.33565
9.996,0.32755
9.998,0.32026
10,0.3137
