0,-2.8963
0.002,-2.8905
0.004,-2.8848
0.006,-2.879
0.008,-2.8732
0.01,-2.8675
0.012,-2.8618
0.014,-2.8561
0.016,-2.8473
0.018,-2.8416
0.02,-2.8329
0.022,-2.8272
0.024,-2.8185
0.026,-2.8098
0.028,-2.8011
0.03,-2.7924
0.032,-2.7838
0.034,-2.7752
0.036,-2.7666
0.038,-2.758
0.04,-2.7463
0.042,-2.7378
0.044,-2.7262
0.046,-2.7177
0.048,-2.7061
0.05,-2.6976
0.052,-2.6861
0.054,-2.6777
0.056,-2.6662
0.058,-2.6548
0.06,-2.6433
0.062,-2.6319
0.064,-2.6205
0.066,-2.6122
0.068,-2.6009
0.07,-2.5895
0.072,-2.5782
0.074,-2.567
0.076,-2.5557
0.078,-2.5414
0.08,-2.5302
0.082,-2.519
0.084,-2.5078
0.086,-2.4967
0.088,-2.4856
0.09,-2.4745
0.092,-2.4634
0.094,-2.4524
0.096,-2.4413
0.098,-2.4273
0.1,-2.4163
0.102,-2.4053
0.104,-2.3944
0.106,-2.3835
0.108,-2.3726
0.11,-2.3617
0.112,-2.3509
0.114,-2.34
0.116,-2.3292
0.118,-2.3184
0.12,-2.3077
0.122,-2.2969
0.124,-2.2862
0.126,-2.2755
0.128,-2.2649
0.13,-2.2573
0.132,-2.2466
0.134,-2.236
0.136,-2.2254
0.138,-2.2179
0.14,-2.2073
0.142,-2.1968
0.144,-2.1893
0.146,-2.1788
0.148,-2.1714
0.15,-2.1609
0.152,-2.1536
0.154,-2.1462
0.156,-2.1358
0.158,-2.1284
0.16,-2.1211
0.162,-2.1138
0.164,-2.1065
0.166,-2.0993
0.168,-2.092
0.17,-2.0848
0.172,-2.0775
0.174,-2.0703
0.176,-2.0631
0.178,-2.0559
0.18,-2.0518
0.182,-2.0447
0.184,-2.0375
0.186,-2.0334
0.188,-2.0263
0.19,-2.0223
0.192,-2.0182
0.194,-2.0111
0.196,-2.0071
0.198,-2.0031
0.2,-1.9991
0.202,-1.9951
0.204,-1.9911
0.206,-1.9871
0.208,-1.9832
0.21,-1.9792
0.212,-1.9752
0.214,-1.9713
0.216,-1.9674
0.218,-1.9634
0.22,-1.9626
0.222,-1.9586
0.224,-1.9547
0.226,-1.9539
0.228,-1.95
0.23,-1.9522
0.232,-1.9483
0.234,-1.9475
0.236,-1.9467
0.238,-1.9489
0.24,-1.9481
0.242,-1.9503
0.244,-1.9526
0.246,-1.9548
0.248,-1.957
0.25,-1.9592
0.252,-1.9645
0.254,-1.9698
0.256,-1.975
0.258,-1.9772
0.26,-1.9855
0.262,-1.9908
0.264,-1.999
0.266,-2.0073
0.268,-2.0155
0.27,-2.0238
0.272,-2.032
0.274,-2.0402
0.276,-2.0514
0.278,-2.0627
0.28,-2.0739
0.282,-2.0851
0.284,-2.0962
0.286,-2.1104
0.288,-2.1215
0.29,-2.1357
0.292,-2.1498
0.294,-2.1639
0.296,-2.178
0.298,-2.1951
0.3,-2.2091
0.302,-2.2261
0.304,-2.24
0.306,-2.257
0.308,-2.274
0.31,-2.2909
0.312,-2.3078
0.314,-2.3246
0.316,-2.3414
0.318,-2.3582
0.32,-2.3749
0.322,-2.3916
0.324,3.8686
0.326,3.8394
0.328,3.8103
0.33,3.7812
0.332,3.7522
0.334,3.7233
0.336,3.6944
0.338,3.6686
0.34,3.6398
0.342,3.6111
0.344,3.5855
0.346,3.5599
0.348,3.5314
0.35,3.5059
0.352,3.4805
0.354,3.4552
0.356,3.4299
0.358,3.4046
0.36,3.3794
0.362,3.3574
0.364,3.3323
0.366,3.3103
0.368,3.2884
0.37,3.2665
0.372,3.2446
0.374,3.2228
0.376,3.201
0.378,3.1793
0.38,3.1607
0.382,3.1391
0.384,3.1205
0.386,3.102
0.388,3.0836
0.39,3.0652
0.392,3.0468
0.394,3.0315
0.396,3.0162
0.398,3.001
0.4,2.9858
0.402,2.9737
0.404,2.9586
0.406,2.9466
0.408,2.9345
0.41,2.9226
0.412,2.9136
0.414,2.9048
0.416,2.8928
0.418,2.884
0.42,2.8752
0.422,2.8694
0.424,2.8606
0.426,2.8549
0.428,2.8492
0.43,2.8435
0.432,2.8378
0.434,2.8321
0.436,2.8296
0.438,2.8239
0.44,2.8213
0.442,2.8157
0.444,2.8131
0.446,2.8106
0.448,2.808
0.45,2.8055
0.452,2.8029
0.454,2.8004
0.456,2.8009
0.458,2.7984
0.46,2.7989
0.462,2.7995
0.464,2.8
0.466,2.8005
0.468,2.8011
0.47,2.8047
0.472,2.8052
0.474,2.8088
0.476,2.8124
0.478,2.816
0.48,2.8226
0.482,2.8261
0.484,2.8328
0.486,2.8394
0.488,2.8459
0.49,2.8525
0.492,2.8591
0.494,2.8687
0.496,2.8783
0.498,2.8879
0.5,2.8974
0.502,2.9069
0.504,2.9195
0.506,2.929
0.508,2.9416
0.51,2.9541
0.512,2.9666
0.514,2.9821
0.516,2.9976
0.518,3.01
0.52,3.0254
0.522,3.0439
0.524,3.0593
0.526,3.0746
0.528,3.093
0.53,3.1113
0.532,3.1296
0.534,3.151
0.536,3.1692
0.538,3.1904
0.54,3.2116
0.542,-3.0441
0.544,-3.0104
0.546,-2.9768
0.548,-2.9402
0.55,-2.9068
0.552,-2.8703
0.554,-2.8339
0.556,-2.8007
0.558,-2.7644
0.56,-2.7283
0.562,-2.6922
0.564,-2.6592
0.566,-2.6263
0.568,-2.5904
0.57,-2.5577
0.572,-2.5219
0.574,-2.4893
0.576,-2.4567
0.578,-2.4242
0.58,-2.3918
0.582,-2.3625
0.584,-2.3302
0.586,-2.301
0.588,-2.2719
0.59,-2.2428
0.592,-2.2138
0.594,-2.188
0.596,-2.1591
0.598,-2.1333
0.6,-2.1076
0.602,-2.0819
0.604,-2.0563
0.606,-2.0308
0.608,-2.0083
0.61,-1.9859
0.612,-1.9635
0.614,-1.9412
0.616,-1.919
0.618,-1.8967
0.62,-1.8776
0.622,-1.8555
0.624,-1.8365
0.626,-1.8175
0.628,-1.7985
0.63,-1.7796
0.632,-1.7638
0.634,-1.748
0.636,-1.7292
0.638,-1.7135
0.64,-1.6978
0.642,-1.6852
0.644,-1.6696
0.646,-1.654
0.648,-1.6415
0.65,-1.629
0.652,-1.6165
0.654,-1.6041
0.656,-1.5917
0.658,-1.5824
0.66,-1.5701
0.662,-1.5608
0.664,-1.5515
0.666,-1.5423
0.668,-1.5331
0.67,-1.5239
0.672,-1.5178
0.674,-1.5086
0.676,-1.5026
0.678,-1.4965
0.68,-1.4904
0.682,-1.4844
0.684,-1.4814
0.686,-1.4754
0.688,-1.4724
0.69,-1.4695
0.692,-1.4635
0.694,-1.4606
0.696,-1.4577
0.698,-1.4578
0.7,-1.458
0.702,-1.4551
0.704,-1.4552
0.706,-1.4554
0.708,-1.4555
0.71,-1.4557
0.712,-1.4589
0.714,-1.4621
0.716,-1.4623
0.718,-1.4655
0.72,-1.4687
0.722,-1.4749
0.724,-1.4781
0.726,-1.4844
0.728,-1.4906
0.73,-1.4937
0.732,-1.503
0.734,-1.5092
0.736,-1.5184
0.738,-1.5246
0.74,-1.5338
0.742,-1.543
0.744,-1.5553
0.746,-1.5644
0.748,-1.5766
0.75,-1.5857
0.752,-1.5979
0.754,-1.6131
0.756,-1.6252
0.758,-1.6403
0.76,-1.6524
0.762,-1.6675
0.764,-1.6825
0.766,-1.7006
0.768,-1.7187
0.77,-1.7336
0.772,-1.7516
0.774,-1.7726
0.776,-1.7905
0.778,-1.8115
0.78,-1.8324
0.782,-1.8532
0.784,-1.8771
0.786,-1.901
0.788,-1.9217
0.79,-1.9485
0.792,-1.9722
0.794,-1.9989
0.796,-2.0255
0.798,-2.0521
0.8,-2.0818
0.802,-2.1113
0.804,-2.1102
0.806,-2.1059
0.808,-2.0895
0.81,-2.0792
0.812,-2.0689
0.814,-2.0586
0.816,-2.0545
0.818,-2.0565
0.82,-2.0524
0.822,-2.0483
0.824,-2.032
0.826,-2.0218
0.828,-2.0177
0.83,-2.0137
0.832,-2.0097
0.834,-1.9995
0.836,-1.9894
0.838,-1.9793
0.84,-1.9692
0.842,-1.9714
0.844,-1.9614
0.846,-1.9636
0.848,-1.9596
0.85,-1.9435
0.852,-1.9335
0.854,-1.9296
0.856,-1.9135
0.858,-1.9403
0.86,-1.964
0.862,-1.9877
0.864,-2.0113
0.866,-2.0318
0.868,-2.0522
0.87,-2.0727
0.872,-2.093
0.874,-2.1134
0.876,-2.1306
0.878,-2.1509
0.88,-2.168
0.882,-2.1851
0.884,-2.2022
0.886,-2.2193
0.888,-2.2332
0.89,-2.2502
0.892,-2.2641
0.894,-2.2811
0.896,-2.2918
0.898,-2.3056
0.9,-2.3194
0.902,-2.3301
0.904,-2.3438
0.906,-2.3545
0.908,3.9118
0.91,3.8887
0.912,3.8656
0.914,3.8425
0.916,3.8226
0.918,3.8027
0.92,3.7798
0.922,3.76
0.924,3.7402
0.926,3.7235
0.928,3.7038
0.93,3.6872
0.932,3.6676
0.934,3.6511
0.936,3.6346
0.938,3.6212
0.94,3.6048
0.942,3.5914
0.944,3.5751
0.946,3.5618
0.948,3.5485
0.95,3.5353
0.952,3.5252
0.954,3.512
0.956,3.4989
0.958,3.4888
0.96,3.4788
0.962,3.4688
0.964,3.4588
0.966,3.4519
0.968,3.4419
0.97,3.435
0.972,3.4282
0.974,3.4213
0.976,3.4145
0.978,3.4076
0.98,3.4008
0.982,3.3971
0.984,3.3903
0.986,3.3866
0.988,3.3829
0.99,3.3823
0.992,3.3786
0.994,3.3749
0.996,3.3743
0.998,3.3767
1,3.3731
1.002,3.3755
1.004,3.3749
1.006,3.3743
1.008,3.3767
1.01,3.3792
1.012,3.3816
1.014,3.3841
1.016,3.3865
1.018,3.392
1.02,3.3944
1.022,3.3999
1.024,3.4054
1.026,3.4108
1.028,3.4163
1.03,3.4248
1.032,3.4302
1.034,3.4386
1.036,3.4471
1.038,3.4555
1.04,-2.813
1.042,-2.792
1.044,-2.7742
1.046,-2.7533
1.048,-2.7355
1.05,-2.7148
1.052,-2.6909
1.054,-2.6702
1.056,-2.6496
1.058,-2.6259
1.06,-2.6053
1.062,-2.5787
1.064,-2.5551
1.066,-2.5316
1.068,-2.5051
1.07,-2.4817
1.072,-2.4553
1.074,-2.4259
1.076,-2.3996
1.078,-2.3703
1.08,-2.3441
1.082,-2.3149
1.084,-2.2857
1.086,-2.2536
1.088,-2.2246
1.09,-2.1925
1.092,-2.1606
1.094,-2.1256
1.096,-2.0938
1.098,-2.0589
1.1,-2.0242
1.102,-1.9864
1.104,-1.9518
1.106,-1.9142
1.108,-1.8766
1.11,-1.8361
1.112,-1.7987
1.114,-1.7584
1.116,-1.715
1.118,-1.6748
1.12,-1.6316
1.122,-1.5885
1.124,-1.5455
1.126,-1.5026
1.128,-1.4566
1.13,-1.4139
1.132,-1.3682
1.134,-1.3256
1.136,-1.28
1.138,-1.2376
1.14,-1.1953
1.142,-1.1531
1.144,-1.1109
1.146,-1.0689
1.148,-1.0299
1.15,-0.98805
1.152,-0.95236
1.154,-0.91368
1.156,-0.87814
1.158,-0.83961
1.16,-0.80728
1.162,-0.77195
1.164,-0.73976
1.166,-0.70763
1.168,-0.67557
1.17,-0.64357
1.172,-0.6147
1.174,-0.58283
1.176,-0.55714
1.178,-0.52844
1.18,-0.4998
1.182,-0.47429
1.184,-0.44882
1.186,-0.4234
1.188,-0.39804
1.19,-0.37579
1.192,-0.35358
1.194,-0.32836
1.196,-0.30931
1.198,-0.28724
1.2,-0.26521
1.202,-0.24629
1.204,-0.22435
1.206,-0.20551
1.208,-0.18671
1.21,-0.17101
1.212,-0.15228
1.214,-0.13665
1.216,-0.11799
1.218,-0.10243
1.22,-0.0869
1.222,-0.074467
1.224,-0.058994
1.226,-0.046616
1.228,-0.031199
1.23,-0.018877
1.232,-0.0065794
1.234,0.0026284
1.236,0.014883
1.238,0.027113
1.24,0.036253
1.242,0.045375
1.244,0.054479
1.246,0.063565
1.248,0.069568
1.25,0.078624
1.252,0.084596
1.254,0.093622
1.256,0.099565
1.258,0.1055
1.26,0.10835
1.262,0.11426
1.264,0.1171
1.266,0.123
1.268,0.12581
1.27,0.12863
1.272,0.12837
1.274,0.13118
1.276,0.13092
1.278,0.13372
1.28,0.13345
1.282,0.13319
1.284,0.13292
1.286,0.13266
1.288,0.12933
1.29,0.12907
1.292,0.12574
1.294,0.12243
1.296,0.11912
1.298,0.11275
1.3,0.10946
1.302,0.10618
1.304,0.099835
1.306,0.093506
1.308,0.087189
1.31,0.080885
1.312,0.071529
1.314,0.065256
1.316,0.055931
1.318,0.046625
1.32,0.037337
1.322,0.028068
1.324,0.018817
1.326,0.0065196
1.328,-0.0026881
1.33,-0.014942
1.332,-0.027172
1.334,-0.039377
1.336,-0.051558
1.338,-0.06678
1.34,-0.078906
1.342,-0.094073
1.344,-0.10921
1.346,-0.12432
1.348,-0.13939
1.35,-0.1575
1.352,-0.17251
1.354,-0.19056
1.356,-0.20857
1.358,-0.22654
1.36,-0.24448
1.362,-0.26238
1.364,-0.28331
1.366,-0.30419
1.368,-0.32198
1.37,-0.34585
1.372,-0.36661
1.374,-0.38734
1.376,-0.41108
1.378,-0.43171
1.38,-0.45537
1.382,-0.47898
1.384,-0.50254
1.386,-0.52912
1.388,-0.55565
1.39,-0.57906
1.392,-0.60855
1.394,-0.63492
1.396,-0.66123
1.398,-0.69056
1.4,-0.71983
1.402,-0.74598
1.404,-0.7782
1.406,-0.8073
1.408,-0.8394
1.41,-0.86837
1.412,-0.90035
1.414,-0.93533
1.416,-0.96717
1.418,-0.99895
1.42,-1.0337
1.422,-1.0684
1.424,-1.1031
1.426,-1.1407
1.428,-1.1752
1.43,-1.2097
1.432,-1.2471
1.434,-1.2844
1.436,-1.3187
1.438,-1.3559
1.44,-1.3899
1.442,-1.427
1.444,-1.4609
1.446,-1.4979
1.448,-1.5286
1.45,-1.5623
1.452,-1.596
1.454,-1.6295
1.456,-1.66
1.458,-1.6904
1.46,-1.7207
1.462,-1.751
1.464,-1.7782
1.466,-1.8053
1.468,-1.8323
1.47,-1.8593
1.472,-1.8862
1.474,-1.91
1.476,-1.9369
1.478,-1.9606
1.48,-1.9843
1.482,-2.0048
1.484,-2.0284
1.486,-2.0489
1.488,-2.0693
1.49,-2.0897
1.492,-2.11
1.494,-2.1303
1.496,-2.1475
1.498,-2.1677
1.5,-2.1849
1.502,-2.2019
1.504,-2.2159
1.506,-2.233
1.508,-2.25
1.51,-2.2639
1.512,-2.2777
1.514,-2.2916
1.516,-2.3054
1.518,-2.3192
1.52,-2.3298
1.522,-2.3436
1.524,3.9227
1.526,3.8995
1.528,3.8764
1.53,3.8533
1.532,3.8303
1.534,3.8104
1.536,3.7905
1.538,3.7676
1.54,3.7478
1.542,3.7281
1.544,3.7115
1.546,3.6918
1.548,3.6752
1.55,3.6587
1.552,3.6391
1.554,3.6226
1.556,3.6093
1.558,3.5929
1.56,3.5796
1.562,3.5632
1.564,3.55
1.566,3.5367
1.568,3.5235
1.57,3.5134
1.572,3.5003
1.574,3.4872
1.576,3.4771
1.578,3.4671
1.58,3.4571
1.582,3.4472
1.584,3.4403
1.586,3.4303
1.588,3.4235
1.59,3.4166
1.592,3.4098
1.594,3.403
1.596,3.3962
1.598,3.3894
1.6,3.3857
1.602,3.382
1.604,3.3752
1.606,3.3716
1.608,3.371
1.61,3.3673
1.612,3.3667
1.614,3.363
1.616,3.3655
1.618,3.3649
1.62,3.3643
1.622,3.3637
1.624,3.3662
1.626,3.3656
1.628,3.3681
1.63,3.3705
1.632,3.373
1.634,3.3755
1.636,3.381
1.638,3.3865
1.64,3.3889
1.642,3.3944
1.644,3.4029
1.646,3.4084
1.648,3.4169
1.65,3.4223
1.652,3.4308
1.654,3.4393
1.656,3.4478
1.658,3.4562
1.66,-2.8092
1.662,-2.7883
1.664,-2.7643
1.666,-2.7404
1.668,-2.7166
1.67,-2.6897
1.672,-2.6659
1.674,-2.6391
1.676,-2.6124
1.678,-2.5857
1.68,-2.556
1.682,-2.5295
1.684,-2.4999
1.686,-2.4704
1.688,-2.4409
1.69,-2.4085
1.692,-2.3792
1.694,-2.3468
1.696,-2.3145
1.698,-2.2823
1.7,-2.2471
1.702,-2.212
1.704,-2.18
1.706,-2.1419
1.708,-2.107
1.71,-2.0691
1.712,-2.0312
1.714,-1.9904
1.716,-1.9496
1.718,-1.9089
1.72,-1.8684
1.722,-1.8278
1.724,-1.7843
1.726,-1.7379
1.728,-1.6946
1.73,-1.6483
1.732,-1.6021
1.734,-1.556
1.736,-1.5099
1.738,-1.4609
1.74,-1.4151
1.742,-1.3663
1.744,-1.3207
1.746,-1.2751
1.748,-1.2266
1.75,-1.1812
1.752,-1.136
1.754,-1.0939
1.756,-1.0488
1.758,-1.0068
1.76,-0.96498
1.762,-0.92321
1.764,-0.88458
1.766,-0.84604
1.768,-0.80757
1.77,-0.77224
1.772,-0.73698
1.774,-0.7018
1.776,-0.66668
1.778,-0.6347
1.78,-0.59972
1.782,-0.57094
1.784,-0.53915
1.786,-0.50742
1.788,-0.47882
1.79,-0.45028
1.792,-0.4218
1.794,-0.39337
1.796,-0.36807
1.798,-0.33975
1.8,-0.31455
1.802,-0.2894
1.804,-0.26737
1.806,-0.24231
1.808,-0.22038
1.81,-0.19848
1.812,-0.17357
1.814,-0.15483
1.816,-0.13307
1.818,-0.11135
1.82,-0.092734
1.822,-0.074159
1.824,-0.055621
1.826,-0.037121
1.828,-0.018657
1.83,-0.0032956
1.832,0.0151
1.834,0.030395
1.836,0.045658
1.838,0.060892
1.84,0.07303
1.842,0.088208
1.844,0.10336
1.846,0.11541
1.848,0.12744
1.85,0.13944
1.852,0.15142
1.854,0.16032
1.856,0.16919
1.858,0.18111
1.86,0.18995
1.862,0.19876
1.864,0.20756
1.866,0.21327
1.868,0.22204
1.87,0.22773
1.872,0.2334
1.874,0.23907
1.876,0.24472
1.878,0.25036
1.88,0.25599
1.882,0.25854
1.884,0.26109
1.886,0.26363
1.888,0.26617
1.89,0.2687
1.892,0.26817
1.894,0.26763
1.896,0.27016
1.898,0.26962
1.9,0.26908
1.902,0.26855
1.904,0.26494
1.906,0.26442
1.908,0.26082
1.91,0.25724
1.912,0.25366
1.914,0.25009
1.916,0.24652
1.918,0.2399
1.92,0.23635
1.922,0.22975
1.924,0.22316
1.926,0.21659
1.928,0.21003
1.93,0.20041
1.932,0.19388
1.934,0.1843
1.936,0.17474
1.938,0.16519
1.94,0.15567
1.942,0.14616
1.944,0.13667
1.946,0.12414
1.948,0.11163
1.95,0.099152
1.952,0.086694
1.954,0.074262
1.956,0.061854
1.958,0.046406
1.96,0.034053
1.962,0.018661
1.964,0.00023404
1.966,-0.015091
1.968,-0.030385
1.97,-0.048714
1.972,-0.063941
1.974,-0.082203
1.976,-0.10043
1.978,-0.11862
1.98,-0.13677
1.982,-0.15795
1.984,-0.17909
1.986,-0.19712
1.988,-0.21818
1.99,-0.24226
1.992,-0.26323
1.994,-0.28416
1.996,-0.30811
1.998,-0.33202
2,-0.35587
2.002,-0.37968
2.004,-0.40344
2.006,-0.43022
2.008,-0.45694
2.01,-0.48055
2.012,-0.50717
2.014,-0.53681
2.016,-0.56332
2.018,-0.59285
2.02,-0.62231
2.022,-0.65172
2.024,-0.68106
2.026,-0.71035
2.028,-0.74264
2.03,-0.77487
2.032,-0.80704
2.034,-0.84221
2.036,-0.87424
2.038,-0.90927
2.04,-0.94423
2.042,-0.97912
2.044,-1.0139
2.046,-1.0518
2.048,-1.0895
2.05,-1.1272
2.052,-1.1678
2.054,-1.2023
2.056,-1.2428
2.058,-1.2801
2.06,-1.3205
2.062,-1.3577
2.064,-1.3979
2.066,-1.4349
2.068,-1.4719
2.07,-1.5119
2.072,-1.5487
2.074,-1.5855
2.076,-1.6191
2.078,-1.6557
2.08,-1.6892
2.082,-1.7226
2.084,-1.7559
2.086,-1.7861
2.088,-1.8162
2.09,-1.8463
2.092,-1.8764
2.094,-1.9063
2.096,-1.9332
2.098,-1.9599
2.1,-1.9867
2.102,-2.0134
2.104,-2.0369
2.106,-2.0635
2.108,-2.087
2.11,-2.1073
2.112,-2.1307
2.114,-2.154
2.116,-2.1742
2.118,-2.1944
2.12,-2.2145
2.122,-2.2346
2.124,-2.2547
2.126,-2.2716
2.128,-2.2916
2.13,-2.3085
2.132,-2.3253
2.134,-2.3421
2.136,-2.3558
2.138,-2.3726
2.14,-2.3862
2.142,-2.3999
2.144,3.8634
2.146,3.8373
2.148,3.8113
2.15,3.7883
2.152,3.7624
2.154,3.7395
2.156,3.7167
2.158,3.694
2.16,3.6713
2.162,3.6517
2.164,3.6291
2.166,3.6096
2.168,3.5901
2.17,3.5707
2.172,3.5513
2.174,3.535
2.176,3.5157
2.178,3.4994
2.18,3.4832
2.182,3.4671
2.184,3.451
2.186,3.4349
2.188,3.4219
2.19,3.4059
2.192,3.3929
2.194,3.38
2.196,3.3671
2.198,3.3543
2.2,3.3445
2.202,3.3317
2.204,3.322
2.206,3.3123
2.208,3.3026
2.21,3.2929
2.212,3.2833
2.214,3.2767
2.216,3.2702
2.218,3.2606
2.22,3.2541
2.222,3.2476
2.224,3.2411
2.226,3.2377
2.228,3.2343
2.23,3.2278
2.232,3.2244
2.234,3.221
2.236,3.2207
2.238,3.2174
2.24,3.2171
2.242,3.2137
2.244,3.2165
2.246,3.2162
2.248,3.2159
2.25,3.2156
2.252,3.2184
2.254,3.2211
2.256,3.2239
2.258,3.2266
2.26,3.2294
2.262,3.2321
2.264,3.2379
2.266,3.2406
2.268,3.2464
2.27,3.2522
2.272,3.258
2.274,3.2668
2.276,3.2725
2.278,3.2813
2.28,3.2901
2.282,3.2988
2.284,3.3076
2.286,3.3163
2.288,3.328
2.29,3.3367
2.292,3.3484
2.294,3.3601
2.296,-2.902
2.298,-2.8779
2.3,-2.8506
2.302,-2.8266
2.304,-2.7995
2.306,-2.7693
2.308,-2.7424
2.31,-2.7124
2.312,-2.6855
2.314,-2.6556
2.316,-2.6227
2.318,-2.593
2.32,-2.5602
2.322,-2.5275
2.324,-2.4949
2.326,-2.4623
2.328,-2.4298
2.33,-2.3943
2.332,-2.3588
2.334,-2.3204
2.336,-2.2851
2.338,-2.2469
2.34,-2.2087
2.342,-2.1675
2.344,-2.1264
2.346,-2.0853
2.348,-2.0444
2.35,-2.0005
2.352,-1.9566
2.354,-1.9098
2.356,-1.8661
2.358,-1.8195
2.36,-1.7699
2.362,-1.7234
2.364,-1.674
2.366,-1.6247
2.368,-1.5755
2.37,-1.5233
2.372,-1.4743
2.374,-1.4254
2.376,-1.3765
2.378,-1.3278
2.38,-1.2792
2.382,-1.2307
2.384,-1.1853
2.386,-1.137
2.388,-1.0918
2.39,-1.0498
2.392,-1.0078
2.394,-0.96595
2.396,-0.92418
2.398,-0.88555
2.4,-0.84701
2.402,-0.80854
2.404,-0.77014
2.406,-0.73489
2.408,-0.69971
2.41,-0.66459
2.412,-0.63262
2.414,-0.59764
2.416,-0.5658
2.418,-0.53708
2.42,-0.50536
2.422,-0.4737
2.424,-0.44517
2.426,-0.4167
2.428,-0.38828
2.43,-0.36299
2.432,-0.33468
2.434,-0.30949
2.436,-0.28435
2.438,-0.25926
2.44,-0.23423
2.442,-0.20924
2.444,-0.18737
2.446,-0.16554
2.448,-0.14375
2.45,-0.12201
2.452,-0.10338
2.454,-0.081718
2.456,-0.060101
2.458,-0.044656
2.46,-0.023112
2.462,-0.0077418
2.464,0.010663
2.466,0.029031
2.468,0.044298
2.47,0.059534
2.472,0.074739
2.474,0.089914
2.476,0.10506
2.478,0.11711
2.48,0.1322
2.482,0.14419
2.484,0.15617
2.486,0.16811
2.488,0.18004
2.49,0.19194
2.492,0.20075
2.494,0.20954
2.496,0.21832
2.498,0.23014
2.5,0.23581
2.502,0.24454
2.504,0.25018
2.506,0.25581
2.508,0.26142
2.51,0.26703
2.512,0.27263
2.514,0.27515
2.516,0.27766
2.518,0.28017
2.52,0.28268
2.522,0.28518
2.524,0.28461
2.526,0.28711
2.528,0.28653
2.53,0.28596
2.532,0.28539
2.534,0.28482
2.536,0.28118
2.538,0.27756
2.54,0.277
2.542,0.27032
2.544,0.26671
2.546,0.26312
2.548,0.25646
2.55,0.24982
2.552,0.24319
2.554,0.23657
2.556,0.22997
2.558,0.22032
2.56,0.21375
2.562,0.20413
2.564,0.19452
2.566,0.18494
2.568,0.17538
2.57,0.16277
2.572,0.15325
2.574,0.14068
2.576,0.12814
2.578,0.11562
2.58,0.10313
2.582,0.090668
2.584,0.075162
2.586,0.062752
2.588,0.050367
2.59,0.034942
2.592,0.019548
2.594,0.0011196
2.596,-0.014207
2.598,-0.032568
2.6,-0.047828
2.602,-0.066121
2.604,-0.084379
2.606,-0.1026
2.608,-0.12385
2.61,-0.14199
2.612,-0.16316
2.614,-0.18429
2.616,-0.20538
2.618,-0.22642
2.62,-0.24742
2.622,-0.27145
2.624,-0.29236
2.626,-0.31629
2.628,-0.34018
2.63,-0.36402
2.632,-0.39088
2.634,-0.41461
2.636,-0.44137
2.638,-0.46807
2.64,-0.49472
2.642,-0.52132
2.644,-0.55092
2.646,-0.57741
2.648,-0.6069
2.65,-0.63634
2.652,-0.66878
2.654,-0.69809
2.656,-0.73041
2.658,-0.76267
2.66,-0.79486
2.662,-0.82698
2.664,-0.86211
2.666,-0.89717
2.668,-0.93215
2.67,-0.96707
2.672,-1.005
2.674,-1.0428
2.676,-1.0775
2.678,-1.1183
2.68,-1.1559
2.682,-1.1965
2.684,-1.237
2.686,-1.2774
2.688,-1.3178
2.69,-1.3611
2.692,-1.4013
2.694,-1.4445
2.696,-1.4845
2.698,-1.5275
2.7,-1.5674
2.702,-1.6072
2.704,-1.6469
2.706,-1.6865
2.708,-1.726
2.71,-1.7624
2.712,-1.7987
2.714,-1.835
2.716,-1.8712
2.718,-1.9042
2.72,-1.9402
2.722,-1.9731
2.724,-2.0029
2.726,-2.0357
2.728,-2.0653
2.73,-2.0949
2.732,-2.1244
2.734,-2.1539
2.736,-2.1803
2.738,-2.2066
2.74,-2.2359
2.742,-2.259
2.744,-2.2851
2.746,-2.3112
2.748,-2.3342
2.75,-2.3571
2.752,-2.38
2.754,-2.4028
2.756,-2.4256
2.758,-2.4452
2.76,-2.4649
2.762,-2.4845
2.764,-2.504
2.766,3.7534
2.768,3.7214
2.77,3.6925
2.772,3.6606
2.774,3.6318
2.776,3.6031
2.778,3.5775
2.78,3.5489
2.782,3.5234
2.784,3.4949
2.786,3.4695
2.788,3.4442
2.79,3.419
2.792,3.3937
2.794,3.3716
2.796,3.3465
2.798,3.3245
2.8,3.3025
2.802,3.2806
2.804,3.2618
2.806,3.2399
2.808,3.2182
2.81,3.1995
2.812,3.1808
2.814,3.1622
2.816,3.1436
2.818,3.1281
2.82,3.1096
2.822,3.0942
2.824,3.0788
2.826,3.0635
2.828,3.0482
2.83,3.0329
2.832,3.0207
2.834,3.0055
2.836,2.9933
2.838,2.9812
2.84,2.9691
2.842,2.9602
2.844,2.9481
2.846,2.9392
2.848,2.9302
2.85,2.9213
2.852,2.9124
2.854,2.9035
2.856,2.8977
2.858,2.8889
2.86,2.8831
2.862,2.8773
2.864,2.8716
2.866,2.8658
2.868,2.8601
2.87,2.8575
2.872,2.8548
2.874,2.8522
2.876,2.8495
2.878,2.8469
2.88,2.8443
2.882,2.8447
2.884,2.8452
2.886,2.8456
2.888,2.8461
2.89,2.8465
2.892,2.847
2.894,2.8505
2.896,2.854
2.898,2.8544
2.9,2.8609
2.902,2.8644
2.904,2.8679
2.906,2.8714
2.908,2.8779
2.91,2.8844
2.912,2.8878
2.914,2.8974
2.916,2.9039
2.918,2.9103
2.92,2.9198
2.922,2.9262
2.924,2.9357
2.926,2.9452
2.928,2.9546
2.93,2.964
2.932,2.9765
2.934,2.989
2.936,2.9983
2.938,3.0107
2.94,3.0231
2.942,3.0385
2.944,3.0508
2.946,3.0631
2.948,3.0784
2.95,3.0937
2.952,3.109
2.954,3.1243
2.956,3.1425
2.958,3.1608
2.96,3.1759
2.962,-3.0828
2.964,-3.0491
2.966,-3.0185
2.968,-2.9879
2.97,-2.9544
2.972,-2.9209
2.974,-2.8875
2.976,-2.851
2.978,-2.8178
2.98,-2.7815
2.982,-2.7453
2.984,-2.7091
2.986,-2.67
2.988,-2.634
2.99,-2.592
2.992,-2.5531
2.994,-2.5143
2.996,-2.4725
2.998,-2.4308
3,-2.3891
3.002,-2.3445
3.004,-2.3
3.006,-2.2555
3.008,-2.2081
3.01,-2.1608
3.012,-2.1136
3.014,-2.0664
3.016,-2.0163
3.018,-1.9663
3.02,-1.9164
3.022,-1.8636
3.024,-1.8108
3.026,-1.7582
3.028,-1.7087
3.03,-1.6562
3.032,-1.6039
3.034,-1.5516
3.036,-1.5025
3.038,-1.4505
3.04,-1.4016
3.042,-1.3529
3.044,-1.3073
3.046,-1.2617
3.048,-1.2163
3.05,-1.174
3.052,-1.1288
3.054,-1.0867
3.056,-1.0477
3.058,-1.0089
3.06,-0.97006
3.062,-0.92828
3.064,-0.89271
3.066,-0.85721
3.068,-0.82178
3.07,-0.78643
3.072,-0.75421
3.074,-0.72205
3.076,-0.68996
3.078,-0.65793
3.08,-0.62597
3.082,-0.59713
3.084,-0.56836
3.086,-0.53964
3.088,-0.51098
3.09,-0.48237
3.092,-0.45689
3.094,-0.42839
3.096,-0.40302
3.098,-0.37769
3.1,-0.35548
3.102,-0.33025
3.104,-0.30814
3.106,-0.28607
3.108,-0.26098
3.11,-0.24207
3.112,-0.22013
3.114,-0.19823
3.116,-0.17945
3.118,-0.1607
3.12,-0.14199
3.122,-0.12332
3.124,-0.10468
3.126,-0.089149
3.128,-0.070581
3.13,-0.055116
3.132,-0.039681
3.134,-0.021212
3.136,-0.0089104
3.138,0.0064319
3.14,0.018679
3.142,0.033966
3.144,0.046158
3.146,0.058325
3.148,0.067403
3.15,0.079528
3.152,0.088564
3.154,0.097581
3.156,0.10658
3.158,0.11556
3.16,0.12453
3.162,0.13041
3.164,0.13934
3.166,0.14519
3.168,0.15103
3.17,0.1538
3.172,0.15962
3.174,0.16236
3.176,0.16511
3.178,0.16784
3.18,0.1675
3.182,0.17023
3.184,0.16989
3.186,0.16956
3.188,0.16922
3.19,0.16888
3.192,0.16548
3.194,0.16208
3.196,0.15869
3.198,0.15531
3.2,0.14887
3.202,0.14551
3.204,0.13909
3.206,0.13268
3.208,0.12322
3.21,0.11684
3.212,0.10742
3.214,0.098006
3.216,0.088616
3.218,0.079244
3.22,0.066826
3.222,0.054433
3.224,0.045129
3.226,0.029715
3.228,0.017396
3.23,0.0051014
3.232,-0.010233
3.234,-0.025537
3.236,-0.040811
3.238,-0.056054
3.24,-0.074331
3.242,-0.089507
3.244,-0.10465
3.246,-0.12283
3.248,-0.13791
3.25,-0.15909
3.252,-0.17716
3.254,-0.1952
3.256,-0.21626
3.258,-0.23422
3.26,-0.25521
3.262,-0.27615
3.264,-0.29705
3.266,-0.31791
3.268,-0.3418
3.27,-0.36257
3.272,-0.38636
3.274,-0.41011
3.276,-0.43075
3.278,-0.45747
3.28,-0.48107
3.282,-0.50463
3.284,-0.52814
3.286,-0.55467
3.288,-0.58115
3.29,-0.60757
3.292,-0.63394
3.294,-0.66026
3.296,-0.68652
3.298,-0.7158
3.3,-0.74502
3.302,-0.77111
3.304,-0.80022
3.306,-0.83234
3.308,-0.86132
3.31,-0.89025
3.312,-0.92219
3.314,-0.95406
3.316,-0.98587
3.318,-1.0176
3.32,-1.0524
3.322,-1.087
3.324,-1.1308
3.326,-1.1807
3.328,-1.2274
3.33,-1.2678
3.332,-1.3174
3.334,-1.3669
3.336,-1.4162
3.338,-1.4655
3.34,-1.5208
3.342,-1.5729
3.344,-1.625
3.346,-1.6769
3.348,-1.7318
3.35,-1.7835
3.352,-1.832
3.354,-1.8805
3.356,-1.9288
3.358,-1.974
3.36,-2.016
3.362,-2.0549
3.364,-2.0814
3.366,-2.111
3.368,-2.1436
3.37,-2.1791
3.372,-2.2146
3.374,-2.2408
3.376,-2.2639
3.378,-2.2839
3.38,-2.3008
3.382,-2.3238
3.384,-2.3498
3.386,-2.3788
3.388,-2.3955
3.39,-2.3908
3.392,-2.386
3.394,-2.3996
3.396,-2.4163
3.398,-2.4359
3.4,-2.4587
3.402,-2.4813
3.404,-2.5009
3.406,-2.5143
3.408,-2.5277
3.41,-2.5441
3.412,-2.5604
3.414,-2.5768
3.416,-2.5931
3.418,-2.6063
3.42,-2.6195
3.422,3.6443
3.424,3.6186
3.426,3.593
3.428,3.5674
3.43,3.545
3.432,3.5226
3.434,3.5002
3.436,3.4779
3.438,3.4556
3.44,3.4365
3.442,3.4143
3.444,3.3952
3.446,3.3761
3.448,3.3571
3.45,3.3382
3.452,3.3192
3.454,3.3034
3.456,3.2876
3.458,3.2688
3.46,3.2531
3.462,3.2404
3.464,3.2248
3.466,3.2091
3.468,3.1966
3.47,3.1841
3.472,3.1716
3.474,3.1591
3.476,3.1467
3.478,3.1342
3.48,3.1249
3.482,3.1156
3.484,3.1063
3.486,3.1001
3.488,3.097
3.49,3.0908
3.492,3.0846
3.494,3.0754
3.496,3.0693
3.498,3.0631
3.5,3.057
3.502,3.0509
3.504,3.0479
3.506,3.0418
3.508,3.0357
3.51,3.0266
3.512,3.0205
3.514,3.0175
3.516,3.0085
3.518,3.0055
3.52,2.9964
3.522,2.9904
3.524,2.9845
3.526,2.9816
3.528,2.9726
3.53,2.9697
3.532,2.9607
3.534,2.9548
3.536,2.9519
3.538,2.946
3.54,2.9401
3.542,2.9343
3.544,2.9253
3.546,2.9195
3.548,2.9137
3.55,2.9078
3.552,2.9051
3.554,2.8993
3.556,2.8935
3.558,2.8877
3.56,2.8789
3.562,2.8731
3.564,2.8705
3.566,2.8617
3.568,2.859
3.57,2.8533
3.572,2.8476
3.574,2.8419
3.576,2.8485
3.578,2.8612
3.58,2.8739
3.582,2.8896
3.584,2.9052
3.586,2.9209
3.588,2.9365
3.59,2.9552
3.592,2.9707
3.594,2.9893
3.596,3.0078
3.598,3.0264
3.6,3.0479
3.602,3.0694
3.604,-3.1891
3.606,-3.1552
3.608,-3.1182
3.61,-3.0844
3.612,-3.0476
3.614,-3.0109
3.616,-2.9742
3.618,-2.9376
3.62,-2.898
3.622,-2.8585
3.624,-2.8191
3.626,-2.7767
3.628,-2.7374
3.63,-2.6921
3.632,-2.6499
3.634,-2.6048
3.636,-2.5628
3.638,-2.5148
3.64,-2.4699
3.642,-2.4221
3.644,-2.3743
3.646,-2.3267
3.648,-2.2761
3.65,-2.2255
3.652,-2.1751
3.654,-2.1248
3.656,-2.0746
3.658,-2.0245
3.66,-1.9775
3.662,-1.9276
3.664,-1.8808
3.666,-1.8311
3.668,-1.7845
3.67,-1.7381
3.672,-1.6947
3.674,-1.6515
3.676,-1.6084
3.678,-1.5653
3.68,-1.5254
3.682,-1.4856
3.684,-1.4458
3.686,-1.4092
3.688,-1.3696
3.69,-1.3332
3.692,-1.2968
3.694,-1.2636
3.696,-1.2304
3.698,-1.1973
3.7,-1.1642
3.702,-1.1343
3.704,-1.1014
3.706,-1.0716
3.708,-1.0419
3.71,-1.0153
3.712,-0.98569
3.714,-0.95921
3.716,-0.93277
3.718,-0.90639
3.72,-0.88006
3.722,-0.85378
3.724,-0.83062
3.726,-0.80751
3.728,-0.78444
3.73,-0.76142
3.732,-0.73844
3.734,-0.71858
3.736,-0.69569
3.738,-0.67591
3.74,-0.65617
3.742,-0.63647
3.744,-0.61987
3.746,-0.60024
3.748,-0.58065
3.75,-0.56417
3.752,-0.54772
3.754,-0.5313
3.756,-0.51798
3.758,-0.50162
3.76,-0.48836
3.762,-0.47512
3.764,-0.46191
3.766,-0.44873
3.768,-0.43557
3.77,-0.42244
3.772,-0.4124
3.774,-0.39932
3.776,-0.38933
3.778,-0.37936
3.78,-0.3694
3.782,-0.36254
3.784,-0.35262
3.786,-0.34578
3.788,-0.33896
3.79,-0.33215
3.792,-0.32536
3.794,-0.31858
3.796,-0.31488
3.798,-0.30812
3.8,-0.30444
3.802,-0.30077
3.804,-0.2971
3.806,-0.29344
3.808,-0.28979
3.81,-0.28921
3.812,-0.28863
3.814,-0.28499
3.816,-0.28442
3.818,-0.28386
3.82,-0.28635
3.822,-0.28578
3.824,-0.28827
3.826,-0.29076
3.828,-0.29325
3.83,-0.29573
3.832,-0.2982
3.834,-0.30373
3.836,-0.30619
3.838,-0.31171
3.84,-0.31722
3.842,-0.32271
3.844,-0.3282
3.846,-0.33674
3.848,-0.34219
3.85,-0.35071
3.852,-0.3592
3.854,-0.36768
3.856,-0.37614
3.858,-0.38764
3.86,-0.39607
3.862,-0.40753
3.864,-0.41591
3.866,-0.42734
3.868,-0.44181
3.87,-0.45319
3.872,-0.46454
3.874,-0.47894
3.876,-0.49331
3.878,-0.50765
3.88,-0.52196
3.882,-0.53624
3.884,-0.55049
3.886,-0.56778
3.888,-0.58504
3.89,-0.60226
3.892,-0.61944
3.894,-0.63659
3.896,-0.65371
3.898,-0.67386
3.9,-0.6909
3.902,-0.71098
3.904,-0.73101
3.906,-0.751
3.908,-0.77402
3.91,-0.79393
3.912,-0.81686
3.914,-0.83975
3.916,-0.86259
3.918,-0.88539
3.92,-0.90814
3.922,-0.93391
3.924,-0.95963
3.926,-0.98529
3.928,-1.0109
3.93,-1.0365
3.932,-1.062
3.934,-1.0905
3.936,-1.119
3.938,-1.1474
3.94,-1.1758
3.942,-1.2071
3.944,-1.2384
3.946,-1.2666
3.948,-1.3008
3.95,-1.332
3.952,-1.3661
3.954,-1.3971
3.956,-1.4341
3.958,-1.468
3.96,-1.5019
3.962,-1.5387
3.964,-1.5785
3.966,-1.6152
3.968,-1.6519
3.97,-1.6915
3.972,-1.731
3.974,-1.7704
3.976,-1.8098
3.978,-1.8522
3.98,-1.8914
3.982,-1.9305
3.984,-1.9696
3.986,-2.0085
3.988,-2.0474
3.99,-2.0862
3.992,-2.1219
3.994,-2.1606
3.996,-2.1961
3.998,-2.2285
4,-2.2639
4.002,-2.2962
4.004,-2.3283
4.006,-2.3605
4.008,-2.3925
4.01,-2.4215
4.012,-2.4503
4.014,-2.4792
4.016,-2.5079
4.018,-2.5336
4.02,-2.5591
4.022,-2.5877
4.024,-2.6102
4.026,-2.6356
4.028,-2.661
4.03,3.5937
4.032,3.5589
4.034,3.5242
4.036,3.4896
4.038,3.4581
4.04,3.4236
4.042,3.3922
4.044,3.3609
4.046,3.3297
4.048,3.2985
4.05,3.2705
4.052,3.2394
4.054,3.2115
4.056,3.1836
4.058,3.1558
4.06,3.1281
4.062,3.1004
4.064,3.0758
4.066,3.0512
4.068,3.0237
4.07,2.9993
4.072,2.9749
4.074,2.9536
4.076,2.9293
4.078,2.9081
4.08,2.887
4.082,2.8659
4.084,2.8449
4.086,2.8239
4.088,2.8029
4.09,2.785
4.092,2.7672
4.094,2.7494
4.096,2.7317
4.098,2.7139
4.1,2.6963
4.102,2.6817
4.104,2.6671
4.106,2.6526
4.108,2.6381
4.11,2.6236
4.112,2.6092
4.114,2.5979
4.116,2.5835
4.118,2.5722
4.12,2.5609
4.122,2.5497
4.124,2.5415
4.126,2.5303
4.128,2.5222
4.13,2.511
4.132,2.5029
4.134,2.4979
4.136,2.4899
4.138,2.4849
4.14,2.4769
4.142,2.4719
4.144,2.467
4.146,2.4621
4.148,2.4571
4.15,2.4522
4.152,2.4504
4.154,2.4486
4.156,2.4467
4.158,2.4449
4.16,2.4431
4.162,2.4443
4.164,2.4456
4.166,2.4438
4.168,2.4481
4.17,2.4493
4.172,2.4505
4.174,2.4518
4.176,2.4561
4.178,2.4604
4.18,2.4646
4.182,2.4689
4.184,2.4732
4.186,2.4774
4.188,2.4847
4.19,2.492
4.192,2.4993
4.194,2.5066
4.196,2.5138
4.198,2.5211
4.2,2.5283
4.202,2.5386
4.204,2.5488
4.206,2.559
4.208,2.5693
4.21,2.5795
4.212,2.5927
4.214,2.6028
4.216,2.616
4.218,2.6292
4.22,2.6423
4.222,2.6554
4.224,2.6716
4.226,2.6846
4.228,2.7007
4.23,2.7168
4.232,2.7328
4.234,2.7519
4.236,2.7678
4.238,2.7868
4.24,2.8058
4.242,2.8247
4.244,2.8435
4.246,2.8624
4.248,2.8843
4.25,2.9061
4.252,2.9279
4.254,2.9496
4.256,2.9713
4.258,-3.2809
4.26,-3.2437
4.262,-3.2066
4.264,-3.1665
4.266,-3.1295
4.268,-3.0895
4.27,-3.0496
4.272,-3.0068
4.274,-2.964
4.276,-2.9243
4.278,-2.8787
4.28,-2.8331
4.282,-2.7876
4.284,-2.7421
4.286,-2.6938
4.288,-2.6455
4.29,-2.5973
4.292,-2.5461
4.294,-2.495
4.296,-2.4441
4.298,-2.3902
4.3,-2.3394
4.302,-2.2857
4.304,-2.2321
4.306,-2.1786
4.308,-2.1252
4.31,-2.0719
4.312,-2.0187
4.314,-1.9687
4.316,-1.9158
4.318,-1.866
4.32,-1.8193
4.322,-1.7697
4.324,-1.7233
4.326,-1.6769
4.328,-1.6337
4.33,-1.5876
4.332,-1.5445
4.334,-1.5047
4.336,-1.4618
4.338,-1.4221
4.34,-1.3825
4.342,-1.346
4.344,-1.3066
4.346,-1.2702
4.348,-1.2371
4.35,-1.2009
4.352,-1.1648
4.354,-1.1318
4.356,-1.0989
4.358,-1.066
4.36,-1.0363
4.362,-1.0067
4.364,-0.974
4.366,-0.94447
4.368,-0.91806
4.37,-0.88864
4.372,-0.85928
4.374,-0.83305
4.376,-0.80686
4.378,-0.78073
4.38,-0.75772
4.382,-0.73168
4.384,-0.7057
4.386,-0.68284
4.388,-0.66002
4.39,-0.63725
4.392,-0.61452
4.394,-0.5949
4.396,-0.57226
4.398,-0.55273
4.4,-0.53323
4.402,-0.51378
4.404,-0.49436
4.406,-0.47805
4.408,-0.45871
4.41,-0.44247
4.412,-0.42626
4.414,-0.41008
4.416,-0.39394
4.418,-0.37783
4.42,-0.36481
4.422,-0.34876
4.424,-0.3358
4.426,-0.32287
4.428,-0.30997
4.43,-0.29709
4.432,-0.2873
4.434,-0.27446
4.436,-0.26472
4.438,-0.255
4.44,-0.24529
4.442,-0.23561
4.444,-0.22594
4.446,-0.21936
4.448,-0.20973
4.45,-0.20318
4.452,-0.19664
4.454,-0.19012
4.456,-0.18361
4.458,-0.18018
4.46,-0.17676
4.462,-0.17334
4.464,-0.16993
4.466,-0.16652
4.468,-0.16312
4.47,-0.15973
4.472,-0.15941
4.474,-0.1591
4.476,-0.15878
4.478,-0.15846
4.48,-0.15814
4.482,-0.15783
4.484,-0.15751
4.486,-0.1572
4.488,-0.15995
4.49,-0.15963
4.492,-0.16238
4.494,-0.16512
4.496,-0.16785
4.498,-0.17058
4.5,-0.1733
4.502,-0.17602
4.504,-0.1818
4.506,-0.1845
4.508,-0.19026
4.51,-0.19295
4.512,-0.19869
4.514,-0.20443
4.516,-0.21015
4.518,-0.21586
4.52,-0.22156
4.522,-0.23031
4.524,-0.23598
4.526,-0.2447
4.528,-0.25341
4.53,-0.26209
4.532,-0.27077
4.534,-0.28248
4.536,-0.29111
4.538,-0.30279
4.54,-0.31138
4.542,-0.32608
4.544,-0.33769
4.546,-0.34928
4.548,-0.3639
4.55,-0.37544
4.552,-0.39001
4.554,-0.40456
4.556,-0.42214
4.558,-0.43662
4.56,-0.45107
4.562,-0.46856
4.564,-0.48601
4.566,-0.50343
4.568,-0.52081
4.57,-0.53816
4.572,-0.55548
4.574,-0.57582
4.576,-0.59613
4.578,-0.61639
4.58,-0.63661
4.582,-0.65679
4.584,-0.67694
4.586,-0.7001
4.588,-0.72322
4.59,-0.74323
4.592,-0.76627
4.594,-0.79232
4.596,-0.81525
4.598,-0.83815
4.6,-0.86405
4.602,-0.88991
4.604,-0.91572
4.606,-0.94147
4.608,-0.96718
4.61,-0.99589
4.612,-1.0215
4.614,-1.0501
4.616,-1.0786
4.618,-1.1071
4.62,-1.1386
4.622,-1.167
4.624,-1.1984
4.626,-1.2297
4.628,-1.261
4.63,-1.2922
4.632,-1.3233
4.634,-1.3574
4.636,-1.3915
4.638,-1.4255
4.64,-1.4594
4.642,-1.4964
4.644,-1.5301
4.646,-1.5669
4.648,-1.6036
4.65,-1.6434
4.652,-1.6799
4.654,-1.7195
4.656,-1.7589
4.658,-1.7983
4.66,-1.8407
4.662,-1.8799
4.664,-1.9191
4.666,-1.9612
4.668,-2.0002
4.67,-2.0391
4.672,-2.078
4.674,-2.1167
4.676,-2.1554
4.678,-2.194
4.68,-2.2295
4.682,-2.2649
4.684,-2.3002
4.686,-2.3354
4.688,-2.3675
4.69,-2.3996
4.692,-2.4316
4.694,-2.4604
4.696,-2.4892
4.698,-2.518
4.7,-2.5466
4.702,-2.5753
4.704,-2.6008
4.706,-2.6262
4.708,-2.6516
4.71,-2.677
4.712,-2.6992
4.714,-2.7245
4.716,-2.7466
4.718,3.5082
4.72,3.4767
4.722,3.4421
4.724,3.4107
4.726,3.3794
4.728,3.3481
4.73,3.3169
4.732,3.2858
4.734,3.2578
4.736,3.2267
4.738,3.1988
4.74,3.171
4.742,3.1463
4.744,3.1185
4.746,3.0939
4.748,3.0663
4.75,3.0418
4.752,3.0173
4.754,2.999
4.756,2.9716
4.758,2.9503
4.76,2.9352
4.762,2.9171
4.764,2.8959
4.766,2.8779
4.768,2.866
4.77,2.8449
4.772,2.827
4.774,2.8122
4.776,2.8004
4.778,2.7856
4.78,2.7709
4.782,2.7561
4.784,2.7445
4.786,2.7298
4.788,2.7182
4.79,2.7097
4.792,2.6982
4.794,2.6867
4.796,2.6752
4.798,2.6668
4.8,2.6584
4.802,2.65
4.804,2.6416
4.806,2.6364
4.808,2.628
4.81,2.6197
4.812,2.6145
4.814,2.6093
4.816,2.604
4.818,2.5988
4.82,2.5936
4.822,2.5915
4.824,2.5863
4.826,2.5842
4.828,2.5852
4.83,2.5831
4.832,2.581
4.834,2.582
4.836,2.5799
4.838,2.5839
4.84,2.5818
4.842,2.5859
4.844,2.5868
4.846,2.5909
4.848,2.5918
4.85,2.5958
4.852,2.5998
4.854,2.6038
4.856,2.6109
4.858,2.6149
4.86,2.6219
4.862,2.6259
4.864,2.6329
4.866,2.6399
4.868,2.6469
4.87,2.6569
4.872,2.6669
4.874,2.6738
4.876,2.6838
4.878,2.6938
4.88,2.7068
4.882,2.7167
4.884,2.7297
4.886,2.7426
4.888,2.7525
4.89,2.7684
4.892,2.7813
4.894,2.7941
4.896,2.81
4.898,2.8258
4.9,2.8416
4.902,2.8574
4.904,2.8731
4.906,2.8919
4.908,2.9107
4.91,2.9294
4.912,2.948
4.914,-3.3102
4.916,-3.276
4.918,-3.2419
4.92,-3.2079
4.922,-3.1739
4.924,-3.1399
4.926,-3.103
4.928,-3.0692
4.93,-3.0294
4.932,-2.9927
4.934,-2.9561
4.936,-2.9164
4.938,-2.8769
4.94,-2.8374
4.942,-2.795
4.944,-2.7526
4.946,-2.7103
4.948,-2.6682
4.95,-2.623
4.952,-2.581
4.954,-2.536
4.956,-2.488
4.958,-2.4432
4.96,-2.3954
4.962,-2.3477
4.964,-2.3001
4.966,-2.2526
4.968,-2.2052
4.97,-2.1579
4.972,-2.1106
4.974,-2.0635
4.976,-2.0195
4.978,-1.9726
4.98,-1.9288
4.982,-1.8821
4.984,-1.8384
4.986,-1.798
4.988,-1.7546
4.99,-1.7143
4.992,-1.6741
4.994,-1.6339
4.996,-1.5939
4.998,-1.557
5,-1.5202
5.002,-1.4834
5.004,-1.4498
5.006,-1.4132
5.008,-1.3797
5.01,-1.3463
5.012,-1.313
5.014,-1.2797
5.016,-1.2496
5.018,-1.2195
5.02,-1.1895
5.022,-1.1595
5.024,-1.1296
5.026,-1.1028
5.028,-1.0761
5.03,-1.0494
5.032,-1.0228
5.034,-0.99627
5.036,-0.97282
5.038,-0.94636
5.04,-0.92301
5.042,-0.89972
5.044,-0.87646
5.046,-0.85326
5.048,-0.83316
5.05,-0.81311
5.052,-0.79003
5.054,-0.77006
5.056,-0.7532
5.058,-0.73331
5.06,-0.71345
5.062,-0.6967
5.064,-0.67692
5.066,-0.66024
5.068,-0.64666
5.07,-0.63005
5.072,-0.61346
5.074,-0.59998
5.076,-0.58346
5.078,-0.57003
5.08,-0.55663
5.082,-0.54326
5.084,-0.53298
5.086,-0.51966
5.088,-0.50942
5.09,-0.49921
5.092,-0.48902
5.094,-0.47885
5.096,-0.46869
5.098,-0.46163
5.1,-0.45151
5.102,-0.44448
5.104,-0.43746
5.106,-0.43046
5.108,-0.42347
5.11,-0.41956
5.112,-0.41259
5.114,-0.4087
5.116,-0.40482
5.118,-0.40094
5.12,-0.39708
5.122,-0.39629
5.124,-0.39243
5.126,-0.39164
5.128,-0.39086
5.13,-0.39008
5.132,-0.3893
5.134,-0.38852
5.136,-0.38775
5.138,-0.39004
5.14,-0.39232
5.142,-0.3946
5.144,-0.39688
5.146,-0.39915
5.148,-0.40448
5.15,-0.40674
5.152,-0.41206
5.154,-0.41737
5.156,-0.42266
5.158,-0.42795
5.16,-0.43629
5.162,-0.44154
5.164,-0.44986
5.166,-0.45815
5.168,-0.46643
5.17,-0.47469
5.172,-0.48294
5.174,-0.49424
5.176,-0.50244
5.178,-0.5137
5.18,-0.52493
5.182,-0.53614
5.184,-0.54733
5.186,-0.56156
5.188,-0.5727
5.19,-0.58688
5.192,-0.60103
5.194,-0.61516
5.196,-0.63232
5.198,-0.64638
5.2,-0.66347
5.202,-0.67747
5.204,-0.69451
5.206,-0.71151
5.208,-0.72848
5.21,-0.74848
5.212,-0.76537
5.214,-0.7853
5.216,-0.80518
5.218,-0.82503
5.22,-0.84483
5.222,-0.8646
5.224,-0.88739
5.226,-0.90707
5.228,-0.92978
5.23,-0.95244
5.232,-0.97506
5.234,-1.0007
5.236,-1.0232
5.238,-1.0488
5.24,-1.0742
5.242,-1.0997
5.244,-1.1251
5.246,-1.1535
5.248,-1.1787
5.25,-1.207
5.252,-1.2353
5.254,-1.2635
5.256,-1.2946
5.258,-1.3258
5.26,-1.3538
5.262,-1.3848
5.264,-1.4188
5.266,-1.4497
5.268,-1.4836
5.27,-1.5174
5.272,-1.5542
5.274,-1.5879
5.276,-1.6245
5.278,-1.6611
5.28,-1.7007
5.282,-1.7372
5.284,-1.7797
5.286,-1.816
5.288,-1.8552
5.29,-1.8975
5.292,-1.9366
5.294,-1.9787
5.296,-2.0177
5.298,-2.0566
5.3,-2.0954
5.302,-2.1341
5.304,-2.1727
5.306,-2.2113
5.308,-2.2467
5.31,-2.2821
5.312,-2.3204
5.314,-2.3526
5.316,-2.3877
5.318,-2.4197
5.32,-2.4517
5.322,-2.4835
5.324,-2.5154
5.326,-2.544
5.328,-2.5727
5.33,-2.6012
5.332,-2.6298
5.334,-2.6582
5.336,-2.6836
5.338,-2.7088
5.34,-2.7341
5.342,3.5176
5.344,3.48
5.346,3.4454
5.348,3.411
5.35,3.3735
5.352,3.3422
5.354,3.308
5.356,3.2738
5.358,3.2427
5.36,3.2117
5.362,3.1808
5.364,3.1499
5.366,3.1191
5.368,3.0883
5.37,3.0607
5.372,3.0332
5.374,3.0026
5.376,2.9751
5.378,2.9508
5.38,2.9234
5.382,2.8992
5.384,2.875
5.386,2.8478
5.388,2.8237
5.39,2.7997
5.392,2.7788
5.394,2.7549
5.396,2.734
5.398,2.7132
5.4,2.6925
5.402,2.6718
5.404,2.6511
5.406,2.6305
5.408,2.613
5.41,2.5955
5.412,2.5781
5.414,2.5607
5.416,2.5433
5.418,2.529
5.42,2.5117
5.422,2.4975
5.424,2.4802
5.426,2.4691
5.428,2.455
5.43,2.4409
5.432,2.4299
5.434,2.4159
5.436,2.4049
5.438,2.394
5.44,2.3861
5.442,2.3752
5.444,2.3643
5.446,2.3566
5.448,2.3488
5.45,2.341
5.452,2.3333
5.454,2.3286
5.456,2.3209
5.458,2.3163
5.46,2.3086
5.462,2.304
5.464,2.2994
5.466,2.2948
5.468,2.2932
5.47,2.2917
5.472,2.2871
5.474,2.2856
5.476,2.2841
5.478,2.2857
5.48,2.2842
5.482,2.2858
5.484,2.2873
5.486,2.2889
5.488,2.2904
5.49,2.292
5.492,2.2936
5.494,2.2982
5.496,2.3028
5.498,2.3074
5.5,2.3119
5.502,2.3165
5.504,2.3211
5.506,2.3256
5.508,2.3333
5.51,2.3409
5.512,2.3484
5.514,2.356
5.516,2.3636
5.518,2.3711
5.52,2.3817
5.522,2.3922
5.524,2.3997
5.526,2.4103
5.528,2.4208
5.53,2.4343
5.532,2.4448
5.534,2.4583
5.536,2.4718
5.538,2.4821
5.54,2.4986
5.542,2.512
5.544,2.5254
5.546,2.5418
5.548,2.5582
5.55,2.5745
5.552,2.5908
5.554,2.6071
5.556,2.6264
5.558,2.6426
5.56,2.6619
5.562,2.6811
5.564,2.7002
5.566,2.7194
5.568,2.7415
5.57,2.7636
5.572,2.7857
5.574,2.8077
5.576,2.8297
5.578,2.8547
5.58,2.8796
5.582,2.9045
5.584,-3.3475
5.586,-3.3102
5.588,-3.2699
5.59,-3.2296
5.592,-3.1895
5.594,-3.1463
5.596,-3.1063
5.598,-3.0633
5.6,-3.0174
5.602,-2.9746
5.604,-2.9288
5.606,-2.88
5.608,-2.8344
5.61,-2.7858
5.612,-2.7374
5.614,-2.6859
5.616,-2.6376
5.618,-2.5833
5.62,-2.5322
5.622,-2.4781
5.624,-2.4272
5.626,-2.3733
5.628,-2.3195
5.63,-2.2658
5.632,-2.2123
5.634,-2.1588
5.636,-2.1055
5.638,-2.0553
5.64,-2.0021
5.642,-1.9522
5.644,-1.9054
5.646,-1.8586
5.648,-1.812
5.65,-1.7655
5.652,-1.7191
5.654,-1.6758
5.656,-1.6326
5.658,-1.5925
5.66,-1.5526
5.662,-1.5127
5.664,-1.4729
5.666,-1.4362
5.668,-1.3997
5.67,-1.3632
5.672,-1.3267
5.674,-1.2934
5.676,-1.2602
5.678,-1.227
5.68,-1.1939
5.682,-1.1639
5.684,-1.134
5.686,-1.1011
5.688,-1.0713
5.69,-1.0447
5.692,-1.015
5.694,-0.98846
5.696,-0.96196
5.698,-0.93552
5.7,-0.90913
5.702,-0.88586
5.704,-0.85957
5.706,-0.8364
5.708,-0.81328
5.71,-0.7902
5.712,-0.76716
5.714,-0.74724
5.716,-0.7243
5.718,-0.70446
5.72,-0.68466
5.722,-0.6649
5.724,-0.64519
5.726,-0.62857
5.728,-0.60893
5.73,-0.59239
5.732,-0.57588
5.734,-0.5594
5.736,-0.54296
5.738,-0.52655
5.74,-0.51324
5.742,-0.49996
5.744,-0.48363
5.746,-0.47041
5.748,-0.45721
5.75,-0.4471
5.752,-0.43395
5.754,-0.42388
5.756,-0.41384
5.758,-0.40076
5.76,-0.39383
5.762,-0.38384
5.764,-0.37388
5.766,-0.36701
5.768,-0.35708
5.77,-0.35023
5.772,-0.3434
5.774,-0.33659
5.776,-0.33285
5.778,-0.32606
5.78,-0.31928
5.782,-0.31557
5.784,-0.31188
5.786,-0.30819
5.788,-0.30451
5.79,-0.3039
5.792,-0.30023
5.794,-0.29963
5.796,-0.29903
5.798,-0.29537
5.8,-0.29478
5.802,-0.29419
5.804,-0.29666
5.806,-0.29607
5.808,-0.29855
5.81,-0.30101
5.812,-0.30348
5.814,-0.30594
5.816,-0.31145
5.818,-0.3139
5.82,-0.3194
5.822,-0.32489
5.824,-0.33037
5.826,-0.33584
5.828,-0.3413
5.83,-0.34675
5.832,-0.35525
5.834,-0.36067
5.836,-0.36914
5.838,-0.3776
5.84,-0.38911
5.842,-0.39752
5.844,-0.40592
5.846,-0.41737
5.848,-0.4288
5.85,-0.43714
5.852,-0.45159
5.854,-0.46294
5.856,-0.47428
5.858,-0.48866
5.86,-0.49994
5.862,-0.51427
5.864,-0.52856
5.866,-0.54283
5.868,-0.56014
5.87,-0.57434
5.872,-0.59158
5.874,-0.60879
5.876,-0.62596
5.878,-0.6431
5.88,-0.66021
5.882,-0.67728
5.884,-0.69738
5.886,-0.71744
5.888,-0.73746
5.89,-0.75744
5.892,-0.77738
5.894,-0.80035
5.896,-0.8202
5.898,-0.84308
5.9,-0.86592
5.902,-0.88871
5.904,-0.91145
5.906,-0.93721
5.908,-0.96292
5.91,-0.98858
5.912,-1.0111
5.914,-1.0398
5.916,-1.0653
5.918,-1.0938
5.92,-1.1222
5.922,-1.1507
5.924,-1.179
5.926,-1.2073
5.928,-1.2386
5.93,-1.2698
5.932,-1.301
5.934,-1.3352
5.936,-1.3662
5.938,-1.4003
5.94,-1.4343
5.942,-1.4712
5.944,-1.5082
5.946,-1.545
5.948,-1.5817
5.95,-1.6215
5.952,-1.6581
5.954,-1.7008
5.956,-1.7403
5.958,-1.7828
5.96,-1.8252
5.962,-1.8706
5.964,-1.9128
5.966,-1.958
5.968,-2.0031
5.97,-2.0482
5.972,-2.0901
5.974,-2.1349
5.976,-2.1797
5.978,-2.2213
5.98,-2.2628
5.982,-2.3043
5.984,-2.3426
5.986,-2.3839
5.988,-2.422
5.99,-2.4601
5.992,-2.495
5.994,-2.5299
5.996,-2.5647
5.998,-2.5994
6,-2.631
6.002,-2.6625
6.004,-2.694
6.006,-2.7254
6.008,-2.7536
6.01,-2.7819
6.012,-2.81
6.014,3.4388
6.016,3.4013
6.018,3.3608
6.02,3.3234
6.022,3.2861
6.024,3.252
6.026,3.2148
6.028,3.1808
6.03,3.1469
6.032,3.113
6.034,3.0792
6.036,3.0455
6.038,3.0149
6.04,2.9813
6.042,2.9508
6.044,2.9204
6.046,2.89
6.048,2.8628
6.05,2.8325
6.052,2.8054
6.054,2.7753
6.056,2.7514
6.058,2.7244
6.06,2.6975
6.062,2.6707
6.064,2.647
6.066,2.6233
6.068,2.5996
6.07,2.5761
6.072,2.5525
6.074,2.5321
6.076,2.5086
6.078,2.4883
6.08,2.468
6.082,2.4478
6.084,2.4275
6.086,2.4074
6.088,2.3903
6.09,2.3733
6.092,2.3532
6.094,2.3393
6.096,2.3224
6.098,2.3055
6.1,2.2917
6.102,2.2748
6.104,2.2611
6.106,2.2474
6.108,2.2337
6.11,2.22
6.112,2.2095
6.114,2.1959
6.116,2.1853
6.118,2.1748
6.12,2.1644
6.122,2.157
6.124,2.1465
6.126,2.1392
6.128,2.1288
6.13,2.1245
6.132,2.1172
6.134,2.1099
6.136,2.1026
6.138,2.0984
6.14,2.0943
6.142,2.0901
6.144,2.0859
6.146,2.0817
6.148,2.0776
6.15,2.0734
6.152,2.0723
6.154,2.0713
6.156,2.0702
6.158,2.0691
6.16,2.0711
6.162,2.0731
6.164,2.0751
6.166,2.0771
6.168,2.0791
6.17,2.081
6.172,2.083
6.174,2.088
6.176,2.0931
6.178,2.095
6.18,2.1
6.182,2.105
6.184,2.1131
6.186,2.118
6.188,2.1261
6.19,2.131
6.192,2.139
6.194,2.147
6.196,2.155
6.198,2.1629
6.2,2.1739
6.202,2.1818
6.204,2.1928
6.206,2.2038
6.208,2.2147
6.21,2.2256
6.212,2.2365
6.214,2.2504
6.216,2.2612
6.218,2.2751
6.22,2.2889
6.222,2.3027
6.224,2.3165
6.226,2.3333
6.228,2.3471
6.23,2.3638
6.232,2.3806
6.234,2.3973
6.236,2.4139
6.238,2.4306
6.24,2.4502
6.242,2.4668
6.244,2.4864
6.246,2.5059
6.248,2.5285
6.25,2.548
6.252,2.5705
6.254,2.5929
6.256,2.6153
6.258,2.6377
6.26,2.66
6.262,2.6853
6.264,2.7075
6.266,2.7358
6.268,2.761
6.27,2.7862
6.272,2.8143
6.274,-3.4345
6.276,-3.3939
6.278,-3.3504
6.28,-3.31
6.282,-3.2666
6.284,-3.2202
6.286,-3.177
6.288,-3.1308
6.29,-3.0847
6.292,-3.0356
6.294,-2.9836
6.296,-2.9378
6.298,-2.8859
6.3,-2.8373
6.302,-2.7826
6.304,-2.728
6.306,-2.6735
6.308,-2.6191
6.31,-2.5648
6.312,-2.5076
6.314,-2.4505
6.316,-2.3935
6.318,-2.3366
6.32,-2.2798
6.322,-2.2232
6.324,-2.1697
6.326,-2.1132
6.328,-2.06
6.33,-2.0099
6.332,-1.9568
6.334,-1.91
6.336,-1.8602
6.338,-1.8136
6.34,-1.8069
6.342,-1.7941
6.344,-1.7507
6.346,-1.7073
6.348,-1.6641
6.35,-1.624
6.352,-1.5809
6.354,-1.544
6.356,-1.5042
6.358,-1.4674
6.36,-1.4277
6.362,-1.3942
6.364,-1.3577
6.366,-1.3244
6.368,-1.288
6.37,-1.2548
6.372,-1.2247
6.374,-1.1916
6.376,-1.1616
6.378,-1.1287
6.38,-1.0988
6.382,-1.069
6.384,-1.0424
6.386,-1.0127
6.388,-0.98618
6.39,-0.95969
6.392,-0.93325
6.394,-0.90687
6.396,-0.88054
6.398,-0.85733
6.4,-0.83416
6.402,-0.80797
6.404,-0.7849
6.406,-0.76495
6.408,-0.74196
6.41,-0.71903
6.412,-0.6992
6.414,-0.67942
6.416,-0.65967
6.418,-0.63996
6.42,-0.62029
6.422,-0.60373
6.424,-0.58413
6.426,-0.56764
6.428,-0.55118
6.43,-0.53476
6.432,-0.51836
6.434,-0.502
6.436,-0.48874
6.438,-0.47244
6.44,-0.45924
6.442,-0.44606
6.444,-0.43291
6.446,-0.41978
6.448,-0.40975
6.45,-0.39667
6.452,-0.38669
6.454,-0.37365
6.456,-0.36371
6.458,-0.35686
6.46,-0.34695
6.462,-0.34013
6.464,-0.33332
6.466,-0.32652
6.468,-0.31974
6.47,-0.31603
6.472,-0.30927
6.474,-0.30559
6.476,-0.30498
6.478,-0.30131
6.48,-0.29764
6.482,-0.29704
6.484,-0.29645
6.486,-0.29586
6.488,-0.29527
6.49,-0.29774
6.492,-0.29715
6.494,-0.29962
6.496,-0.30208
6.498,-0.30455
6.5,-0.31007
6.502,-0.31251
6.504,-0.31802
6.506,-0.32045
6.508,-0.32594
6.51,-0.33142
6.512,-0.33688
6.514,-0.34234
6.516,-0.34779
6.518,-0.35322
6.52,-0.35864
6.522,-0.36712
6.524,-0.37252
6.526,-0.38097
6.528,-0.3894
6.53,-0.39782
6.532,-0.40622
6.534,-0.4146
6.536,-0.42297
6.538,-0.43438
6.54,-0.44577
6.542,-0.45714
6.544,-0.46849
6.546,-0.47981
6.548,-0.49111
6.55,-0.50239
6.552,-0.51671
6.554,-0.53101
6.556,-0.54527
6.558,-0.55644
6.56,-0.57372
6.562,-0.5879
6.564,-0.60204
6.566,-0.61923
6.568,-0.63638
6.57,-0.6535
6.572,-0.67059
6.574,-0.68763
6.576,-0.70772
6.578,-0.72469
6.58,-0.7447
6.582,-0.76466
6.584,-0.78459
6.586,-0.80448
6.588,-0.82739
6.59,-0.84719
6.592,-0.87002
6.594,-0.8928
6.596,-0.91553
6.598,-0.93822
6.6,-0.96087
6.602,-0.98653
6.604,-1.0121
6.606,-1.0377
6.608,-1.0632
6.61,-1.0887
6.612,-1.1171
6.614,-1.1425
6.616,-1.1709
6.618,-1.1992
6.62,-1.2274
6.622,-1.2587
6.624,-1.2899
6.626,-1.321
6.628,-1.3521
6.63,-1.3831
6.632,-1.4171
6.634,-1.448
6.636,-1.485
6.638,-1.5188
6.64,-1.5556
6.642,-1.5893
6.644,-1.629
6.646,-1.6656
6.648,-1.7052
6.65,-1.7447
6.652,-1.7871
6.654,-1.8265
6.656,-1.8719
6.658,-1.9141
6.66,-1.9593
6.662,-2.0044
6.664,-2.0495
6.666,-2.0975
6.668,-2.1423
6.67,-2.1902
6.672,-2.2348
6.674,-2.2825
6.676,-2.3269
6.678,-2.3713
6.68,-2.4126
6.682,-2.4568
6.684,-2.4978
6.686,-2.5388
6.688,-2.5767
6.69,-2.6175
6.692,-2.6552
6.694,-2.6897
6.696,-2.7272
6.698,-2.7616
6.7,-2.7929
6.702,-2.8272
6.704,-2.8583
6.706,-2.8894
6.708,3.3565
6.71,3.3131
6.712,3.2727
6.714,3.2325
6.716,3.1923
6.718,3.1522
6.72,3.1153
6.722,3.0753
6.724,3.0385
6.726,3.0018
6.728,2.9682
6.73,2.9317
6.732,2.8982
6.734,2.8618
6.736,2.8285
6.738,2.7983
6.74,2.7651
6.742,2.732
6.744,2.702
6.746,2.6721
6.748,2.6423
6.75,2.6125
6.752,2.5827
6.754,2.5561
6.756,2.5265
6.758,2.5
6.76,2.4735
6.762,2.4471
6.764,2.4208
6.766,2.3976
6.768,2.3713
6.77,2.3482
6.772,2.3251
6.774,2.3021
6.776,2.2791
6.778,2.2561
6.78,2.2363
6.782,2.2165
6.784,2.1968
6.786,2.1771
6.788,2.1574
6.79,2.1377
6.792,2.1181
6.794,2.1017
6.796,2.0852
6.798,2.0688
6.8,2.0524
6.802,2.036
6.804,2.0197
6.806,2.0065
6.808,1.9933
6.81,1.977
6.812,1.9639
6.814,1.9538
6.816,1.9407
6.818,1.9276
6.82,1.9177
6.822,1.9077
6.824,1.8978
6.826,1.8878
6.828,1.881
6.83,1.8711
6.832,1.8643
6.834,1.8575
6.836,1.8477
6.838,1.844
6.84,1.8372
6.842,1.8305
6.844,1.8268
6.846,1.8232
6.848,1.8196
6.85,1.8159
6.852,1.8123
6.854,1.8087
6.856,1.8081
6.858,1.8076
6.86,1.807
6.862,1.8065
6.864,1.8059
6.866,1.8085
6.868,1.8079
6.87,1.8104
6.872,1.8129
6.874,1.8154
6.876,1.818
6.878,1.8235
6.88,1.826
6.882,1.8315
6.884,1.834
6.886,1.8395
6.888,1.8481
6.89,1.8536
6.892,1.8591
6.894,1.8646
6.896,1.8731
6.898,1.8817
6.9,1.8902
6.902,1.8986
6.904,1.9071
6.906,1.9156
6.908,1.9271
6.91,1.9355
6.912,1.9469
6.914,1.9584
6.916,1.9698
6.918,1.9812
6.92,1.9925
6.922,2.0069
6.924,2.0182
6.926,2.0326
6.928,2.0469
6.93,2.0612
6.932,2.0755
6.934,2.0928
6.936,2.107
6.938,2.1243
6.94,2.1384
6.942,2.1556
6.944,2.1727
6.946,2.1929
6.948,2.21
6.95,2.2301
6.952,2.2501
6.954,2.2702
6.956,2.2902
6.958,2.3101
6.96,2.33
6.962,2.3529
6.964,2.3758
6.966,2.3987
6.968,2.4214
6.97,2.4442
6.972,2.47
6.974,2.4926
6.976,2.5183
6.978,2.547
6.98,2.5725
6.982,2.6011
6.984,2.6296
6.986,2.6581
6.988,2.6865
6.99,2.7179
6.992,-3.5277
6.994,-3.4839
6.996,-3.4401
6.998,-3.3934
7,-3.3468
7.002,-3.3002
7.004,-3.2507
7.006,-3.2013
7.008,-3.152
7.01,-3.0998
7.012,-3.0476
7.014,-2.9925
7.016,-2.9405
7.018,-2.8825
7.02,-2.8277
7.022,-2.77
7.024,-2.7123
7.026,-2.6518
7.028,-2.5944
7.03,-2.534
7.032,-2.4768
7.034,-2.4167
7.036,-2.3598
7.038,-2.303
7.04,-2.2493
7.042,-2.1927
7.044,-2.1393
7.046,-2.0891
7.048,-2.0359
7.05,-1.9858
7.052,-1.9389
7.054,-1.8891
7.056,-1.8424
7.058,-1.7989
7.06,-1.7554
7.062,-1.7121
7.064,-1.6688
7.066,-1.6287
7.068,-1.5856
7.07,-1.5487
7.072,-1.5089
7.074,-1.4691
7.076,-1.4324
7.078,-1.3958
7.08,-1.3624
7.082,-1.326
7.084,-1.2927
7.086,-1.2594
7.088,-1.2263
7.09,-1.1932
7.092,-1.1601
7.094,-1.1302
7.096,-1.1004
7.098,-1.0706
7.1,-1.0409
7.102,-1.0112
7.104,-0.98469
7.106,-0.9582
7.108,-0.92871
7.11,-0.90233
7.112,-0.87907
7.114,-0.8528
7.116,-0.82658
7.118,-0.80347
7.12,-0.78041
7.122,-0.7574
7.124,-0.73443
7.126,-0.71151
7.128,-0.6917
7.13,-0.66886
7.132,-0.64913
7.134,-0.62945
7.136,-0.6098
7.138,-0.59019
7.14,-0.57062
7.142,-0.55416
7.144,-0.53466
7.146,-0.51827
7.148,-0.50191
7.15,-0.48558
7.152,-0.46929
7.154,-0.45303
7.156,-0.43986
7.158,-0.42366
7.16,-0.41362
7.162,-0.40053
7.164,-0.38747
7.166,-0.37444
7.168,-0.36449
7.17,-0.35457
7.172,-0.34773
7.174,-0.33784
7.176,-0.33104
7.178,-0.32425
7.18,-0.31747
7.182,-0.31377
7.184,-0.30701
7.186,-0.30334
7.188,-0.29967
7.19,-0.29907
7.192,-0.2954
7.194,-0.29481
7.196,-0.29423
7.198,-0.2967
7.2,-0.29611
7.202,-0.29858
7.204,-0.30105
7.206,-0.30658
7.208,-0.3121
7.21,-0.31454
7.212,-0.3231
7.214,-0.32859
7.216,-0.33406
7.218,-0.34259
7.22,-0.3511
7.222,-0.35959
7.224,-0.36807
7.226,-0.37959
7.228,-0.38803
7.23,-0.39645
7.232,-0.40792
7.234,-0.41936
7.236,-0.43078
7.238,-0.44218
7.24,-0.45356
7.242,-0.46491
7.244,-0.47624
7.246,-0.48755
7.248,-0.5019
7.25,-0.51622
7.252,-0.52745
7.254,-0.54172
7.256,-0.55903
7.258,-0.57323
7.26,-0.58741
7.262,-0.60463
7.264,-0.62181
7.266,-0.63896
7.268,-0.65607
7.27,-0.67315
7.272,-0.69019
7.274,-0.71027
7.276,-0.72724
7.278,-0.74724
7.28,-0.7672
7.282,-0.79019
7.284,-0.81006
7.286,-0.8299
7.288,-0.85276
7.29,-0.87558
7.292,-0.89835
7.294,-0.92107
7.296,-0.94375
7.298,-0.96638
7.3,-0.99204
7.302,-1.0176
7.304,-1.0432
7.306,-1.0687
7.308,-1.0941
7.31,-1.1226
7.312,-1.1479
7.314,-1.1763
7.316,-1.2046
7.318,-1.2359
7.32,-1.2641
7.322,-1.2953
7.324,-1.3264
7.326,-1.3575
7.328,-1.3885
7.33,-1.4194
7.332,-1.4533
7.334,-1.4872
7.336,-1.521
7.338,-1.5578
7.34,-1.5946
7.342,-1.6312
7.344,-1.6678
7.346,-1.7074
7.348,-1.7469
7.35,-1.7863
7.352,-1.8287
7.354,-1.871
7.356,-1.9133
7.358,-1.9585
7.36,-2.0036
7.362,-2.0486
7.364,-2.0966
7.366,-2.1446
7.368,-2.1924
7.37,-2.2401
7.372,-2.2877
7.374,-2.3353
7.376,-2.3827
7.378,-2.43
7.38,-2.4742
7.382,-2.5183
7.384,-2.5623
7.386,-2.6062
7.388,-2.647
7.39,-2.6877
7.392,-2.7283
7.394,-2.7688
7.396,-2.8062
7.398,-2.8435
7.4,-2.8777
7.402,-2.9118
7.404,-2.9458
7.406,-2.9797
7.408,3.2633
7.41,3.22
7.412,3.1768
7.414,3.1336
7.416,3.0906
7.418,3.0507
7.42,3.0078
7.422,2.9681
7.424,2.9315
7.426,2.892
7.428,2.8525
7.43,2.8161
7.432,2.7799
7.434,2.7437
7.436,2.7075
7.438,2.6715
7.44,2.6385
7.442,2.6057
7.444,2.5729
7.446,2.5402
7.448,2.5075
7.45,2.4749
7.452,2.4455
7.454,2.413
7.456,2.3836
7.458,2.3544
7.46,2.3251
7.462,2.299
7.464,2.2699
7.466,2.2409
7.468,2.2149
7.47,2.1891
7.472,2.1632
7.474,2.1405
7.476,2.1148
7.478,2.0922
7.48,2.0665
7.482,2.044
7.484,2.0215
7.486,1.9991
7.488,1.9798
7.49,1.9575
7.492,1.9352
7.494,1.916
7.496,1.8968
7.498,1.8777
7.5,1.8617
7.502,1.8426
7.504,1.8236
7.506,1.8077
7.508,1.7919
7.51,1.776
7.512,1.7602
7.514,1.7475
7.516,1.7317
7.518,1.7191
7.52,1.7034
7.522,1.6908
7.524,1.6813
7.526,1.6687
7.528,1.6562
7.53,1.6468
7.532,1.6374
7.534,1.628
7.536,1.6186
7.538,1.6092
7.54,1.6029
7.542,1.5936
7.544,1.5873
7.546,1.5811
7.548,1.5749
7.55,1.5687
7.552,1.5655
7.554,1.5624
7.556,1.5562
7.558,1.5531
7.56,1.55
7.562,1.5469
7.564,1.5469
7.566,1.5438
7.568,1.5438
7.57,1.5438
7.572,1.5437
7.574,1.5468
7.576,1.5468
7.578,1.5467
7.58,1.5498
7.582,1.5528
7.584,1.5558
7.586,1.5619
7.588,1.5649
7.59,1.5679
7.592,1.574
7.594,1.577
7.596,1.583
7.598,1.5891
7.6,1.5951
7.602,1.6011
7.604,1.6101
7.606,1.6161
7.608,1.6251
7.61,1.6311
7.612,1.6401
7.614,1.6491
7.616,1.658
7.618,1.6701
7.62,1.679
7.622,1.6909
7.624,1.6998
7.626,1.7118
7.628,1.7237
7.63,1.7355
7.632,1.7474
7.634,1.7592
7.636,1.7741
7.638,1.7859
7.64,1.8007
7.642,1.8155
7.644,1.8303
7.646,1.845
7.648,1.8597
7.65,1.8744
7.652,1.8921
7.654,1.9067
7.656,1.9243
7.658,1.9419
7.66,1.9595
7.662,1.9801
7.664,1.9976
7.666,2.0151
7.668,2.0356
7.67,2.056
7.672,2.0764
7.674,2.0968
7.676,2.1202
7.678,2.1405
7.68,2.1638
7.682,2.1871
7.684,2.2103
7.686,2.2334
7.688,2.2566
7.69,2.2827
7.692,2.3057
7.694,2.3318
7.696,2.3578
7.698,2.3868
7.7,2.4126
7.702,2.4415
7.704,2.4704
7.706,2.4991
7.708,2.5309
7.71,2.5596
7.712,2.5913
7.714,2.6229
7.716,2.6544
7.718,-3.588
7.72,-3.541
7.722,-3.494
7.724,-3.4472
7.726,-3.3974
7.728,-3.3477
7.73,-3.2981
7.732,-3.2456
7.734,-3.1931
7.736,-3.1377
7.738,-3.0824
7.74,-3.0272
7.742,-2.969
7.744,-2.911
7.746,-2.8561
7.748,-2.7953
7.75,-2.7345
7.752,-2.6769
7.754,-2.6164
7.756,-2.556
7.758,-2.4988
7.76,-2.4387
7.762,-2.3848
7.764,-2.3279
7.766,-2.2742
7.768,-2.2206
7.77,-2.1702
7.772,-2.1168
7.774,-2.0666
7.776,-2.0196
7.778,-1.9696
7.78,-1.9258
7.782,-1.8821
7.784,-1.8385
7.786,-1.795
7.788,-1.7546
7.79,-1.7113
7.792,-1.6711
7.794,-1.631
7.796,-1.594
7.798,-1.5571
7.8,-1.5203
7.802,-1.4866
7.804,-1.4499
7.806,-1.4163
7.808,-1.3829
7.81,-1.3495
7.812,-1.3192
7.814,-1.2859
7.816,-1.2557
7.818,-1.2256
7.82,-1.1956
7.822,-1.1687
7.824,-1.1388
7.826,-1.1151
7.828,-1.0852
7.83,-1.0586
7.832,-1.035
7.834,-1.0115
7.836,-0.98799
7.838,-0.9615
7.84,-0.94119
7.842,-0.91785
7.844,-0.89456
7.846,-0.87439
7.848,-0.85425
7.85,-0.83415
7.852,-0.81103
7.854,-0.79409
7.856,-0.77411
7.858,-0.75724
7.86,-0.73734
7.862,-0.72054
7.864,-0.70378
7.866,-0.68705
7.868,-0.67341
7.87,-0.65674
7.872,-0.64317
7.874,-0.62656
7.876,-0.61305
7.878,-0.59957
7.88,-0.58611
7.882,-0.57574
7.884,-0.56233
7.886,-0.55201
7.888,-0.53865
7.89,-0.52838
7.892,-0.51813
7.894,-0.5079
7.896,-0.50076
7.898,-0.49363
7.9,-0.48345
7.902,-0.47635
7.904,-0.47233
7.906,-0.46526
7.908,-0.46126
7.91,-0.45728
7.912,-0.4533
7.914,-0.44933
7.916,-0.44843
7.918,-0.44754
7.92,-0.44358
7.922,-0.44269
7.924,-0.44181
7.926,-0.44092
7.928,-0.44311
7.93,-0.44529
7.932,-0.44746
7.934,-0.44963
7.936,-0.4518
7.938,-0.45396
7.94,-0.45612
7.942,-0.45827
7.944,-0.46349
7.946,-0.46563
7.948,-0.47083
7.95,-0.47601
7.952,-0.48119
7.954,-0.48636
7.956,-0.49152
7.958,-0.49667
7.96,-0.5018
7.962,-0.50693
7.964,-0.51511
7.966,-0.52328
7.968,-0.52836
7.97,-0.5365
7.972,-0.54463
7.974,-0.5558
7.976,-0.56388
7.978,-0.57195
7.98,-0.58307
7.982,-0.59416
7.984,-0.60523
7.986,-0.61628
7.988,-0.62731
7.99,-0.64138
7.992,-0.65543
7.994,-0.66638
7.996,-0.68037
7.998,-0.69433
8,-0.70827
8.002,-0.72525
8.004,-0.73912
8.006,-0.75603
8.008,-0.77291
8.01,-0.78976
8.012,-0.80657
8.014,-0.82335
8.016,-0.84316
8.018,-0.85986
8.02,-0.8796
8.022,-0.89929
8.024,-0.91895
8.026,-0.93857
8.028,-0.96121
8.03,-0.98075
8.032,-1.0033
8.034,-1.0258
8.036,-1.0483
8.038,-1.0707
8.04,-1.0962
8.042,-1.1185
8.044,-1.1438
8.046,-1.1446
8.048,-1.1423
8.05,-1.137
8.052,-1.1378
8.054,-1.1324
8.056,-1.1302
8.058,-1.1279
8.06,-1.1287
8.062,-1.1234
8.064,-1.1396
8.066,-1.171
8.068,-1.2024
8.07,-1.2337
8.072,-1.268
8.074,-1.3022
8.076,-1.3364
8.078,-1.3705
8.08,-1.4076
8.082,-1.4416
8.084,-1.4786
8.086,-1.5185
8.088,-1.5553
8.09,-1.5951
8.092,-1.6348
8.094,-1.6776
8.096,-1.7202
8.098,-1.7596
8.1,-1.8052
8.102,-1.8475
8.104,-1.8929
8.106,-1.9381
8.108,-1.9802
8.11,-2.0253
8.112,-2.0734
8.114,-2.1152
8.116,-2.157
8.118,-2.2017
8.12,-2.2433
8.122,-2.2847
8.124,-2.3231
8.126,-2.3644
8.128,-2.4026
8.13,-2.4377
8.132,-2.4757
8.134,-2.5106
8.136,-2.5454
8.138,-2.5771
8.14,-2.6118
8.142,-2.6434
8.144,-2.6749
8.146,-2.7032
8.148,-2.7346
8.15,-2.7567
8.152,-2.7757
8.154,-2.7978
8.156,-2.8198
8.158,-2.8387
8.16,-2.8606
8.162,-2.8763
8.164,-2.8951
8.166,-2.9107
8.168,-2.9264
8.17,-2.942
8.172,-2.9576
8.174,3.3038
8.176,3.2757
8.178,3.2508
8.18,3.2259
8.182,3.2011
8.184,3.1763
8.186,3.1516
8.188,3.1269
8.19,3.1022
8.192,3.0807
8.194,3.0592
8.196,3.0378
8.198,3.0164
8.2,2.9951
8.202,2.9768
8.204,2.9555
8.206,2.9374
8.208,2.9192
8.21,2.9012
8.212,2.8831
8.214,2.8651
8.216,2.8502
8.218,2.8322
8.22,2.8174
8.222,2.8025
8.224,2.7877
8.226,2.773
8.228,2.7613
8.23,2.7466
8.232,2.735
8.234,2.7234
8.236,2.7118
8.238,2.7003
8.24,2.6918
8.242,2.6803
8.244,2.6719
8.246,2.6635
8.248,2.6551
8.25,2.6467
8.252,2.6384
8.254,2.6331
8.256,2.6248
8.258,2.6195
8.26,2.6143
8.262,2.6091
8.264,2.6038
8.266,2.5986
8.268,2.5965
8.27,2.5944
8.272,2.5923
8.274,2.5902
8.276,2.588
8.278,2.5859
8.28,2.5869
8.282,2.5879
8.284,2.5888
8.286,2.5898
8.288,2.5907
8.29,2.5917
8.292,2.5957
8.294,2.5997
8.296,2.6007
8.298,2.6046
8.3,2.6117
8.302,2.6157
8.304,2.6196
8.306,2.6267
8.308,2.6337
8.31,2.6407
8.312,2.6477
8.314,2.6546
8.316,2.6616
8.318,2.6716
8.32,2.6816
8.322,2.6916
8.324,2.7015
8.326,2.7114
8.328,2.7213
8.33,2.7343
8.332,2.7472
8.334,2.7601
8.336,2.773
8.338,2.7858
8.34,2.8017
8.342,2.8145
8.344,2.8303
8.346,-3.4308
8.348,-3.4025
8.35,-3.3711
8.352,-3.3429
8.354,-3.3117
8.356,-3.2806
8.358,-3.2495
8.36,-3.2155
8.362,-3.1845
8.364,-3.1506
8.366,-3.1167
8.368,-3.0829
8.37,-3.0461
8.372,-3.0124
8.374,-2.9757
8.376,-2.9391
8.378,-2.8996
8.38,-2.86
8.382,-2.8237
8.384,-2.7813
8.386,-2.742
8.388,-2.6997
8.39,-2.6576
8.392,-2.6124
8.394,-2.5704
8.396,-2.5254
8.398,-2.4775
8.4,-2.4327
8.402,-2.3849
8.404,-2.3342
8.406,-2.2866
8.408,-2.2361
8.41,-2.1887
8.412,-2.1383
8.414,-2.0881
8.416,-2.0379
8.418,-1.9879
8.42,-1.938
8.422,-1.8881
8.424,-1.8414
8.426,-1.7948
8.428,-1.7453
8.43,-1.702
8.432,-1.6556
8.434,-1.6125
8.436,-1.5694
8.438,-1.5295
8.44,-1.4866
8.442,-1.4469
8.444,-1.4103
8.446,-1.3707
8.448,-1.3342
8.45,-1.2978
8.452,-1.2615
8.454,-1.2284
8.456,-1.1952
8.458,-1.1622
8.46,-1.1292
8.462,-1.0963
8.464,-1.0666
8.466,-1.0368
8.468,-1.0072
8.47,-0.97759
8.472,-0.94806
8.474,-0.92164
8.476,-0.89528
8.478,-0.86898
8.48,-0.84272
8.482,-0.81652
8.484,-0.79343
8.486,-0.76733
8.488,-0.74434
8.49,-0.7214
8.492,-0.6985
8.494,-0.67872
8.496,-0.65591
8.498,-0.63621
8.5,-0.61655
8.502,-0.59693
8.504,-0.57734
8.506,-0.5578
8.508,-0.54136
8.51,-0.52189
8.512,-0.50552
8.514,-0.48919
8.516,-0.47289
8.518,-0.45662
8.52,-0.44345
8.522,-0.4303
8.524,-0.41718
8.526,-0.40102
8.528,-0.39103
8.53,-0.37799
8.532,-0.36497
8.534,-0.35198
8.536,-0.34208
8.538,-0.33221
8.54,-0.32235
8.542,-0.31251
8.544,-0.30269
8.546,-0.29596
8.548,-0.28923
8.55,-0.28253
8.552,-0.27583
8.554,-0.26915
8.556,-0.26248
8.558,-0.25889
8.56,-0.25531
8.562,-0.25174
8.564,-0.24817
8.566,-0.24461
8.568,-0.24105
8.57,-0.24057
8.572,-0.24009
8.574,-0.23655
8.576,-0.23608
8.578,-0.2356
8.58,-0.2382
8.582,-0.23772
8.584,-0.24031
8.586,-0.2429
8.588,-0.24241
8.59,-0.24499
8.592,-0.25063
8.594,-0.2532
8.596,-0.25576
8.598,-0.26137
8.6,-0.26698
8.602,-0.26951
8.604,-0.2751
8.606,-0.28375
8.608,-0.28931
8.61,-0.29486
8.612,-0.30347
8.614,-0.31206
8.616,-0.31756
8.618,-0.32612
8.62,-0.33467
8.622,-0.34626
8.624,-0.35476
8.626,-0.36631
8.628,-0.37784
8.63,-0.38934
8.632,-0.40083
8.634,-0.41228
8.636,-0.42372
8.638,-0.4382
8.64,-0.44958
8.642,-0.46401
8.644,-0.47841
8.646,-0.49584
8.648,-0.51017
8.65,-0.52448
8.652,-0.54182
8.654,-0.55913
8.656,-0.5764
8.658,-0.59364
8.66,-0.61084
8.662,-0.63107
8.664,-0.6482
8.666,-0.66836
8.668,-0.68848
8.67,-0.70856
8.672,-0.73166
8.674,-0.75166
8.676,-0.77467
8.678,-0.79458
8.68,-0.81751
8.682,-0.8404
8.684,-0.8663
8.686,-0.88909
8.688,-0.9149
8.69,-0.94065
8.692,-0.96636
8.694,-0.99201
8.696,-1.0176
8.698,-1.0432
8.7,-1.0717
8.702,-1.1002
8.704,-1.1287
8.706,-1.1571
8.708,-1.1885
8.71,-1.2168
8.712,-1.2511
8.714,-1.2823
8.716,-1.3135
8.718,-1.3476
8.72,-1.3786
8.722,-1.4127
8.724,-1.4466
8.726,-1.4836
8.728,-1.5174
8.73,-1.5542
8.732,-1.5909
8.734,-1.6307
8.736,-1.6673
8.738,-1.7038
8.74,-1.7433
8.742,-1.7827
8.744,-1.8221
8.746,-1.8613
8.748,-1.9005
8.75,-1.9366
8.752,-1.9756
8.754,-2.0146
8.756,-2.0504
8.758,-2.0892
8.76,-2.1249
8.762,-2.1605
8.764,-2.1929
8.766,-2.2253
8.768,-2.2576
8.77,-2.2899
8.772,-2.3221
8.774,-2.3512
8.776,-2.3833
8.778,-2.4122
8.78,-2.4381
8.782,-2.4669
8.784,-2.4926
8.786,-2.5183
8.788,-2.5439
8.79,-2.5695
8.792,-2.5919
8.794,-2.6174
8.796,-2.6397
8.798,-2.6621
8.8,-2.6813
8.802,-2.7035
8.804,-2.7226
8.806,-2.7447
8.808,-2.7638
8.81,-2.7828
8.812,-2.7987
8.814,-2.8176
8.816,3.4435
8.818,3.4152
8.82,3.3869
8.822,3.3587
8.824,3.3305
8.826,3.3024
8.828,3.2774
8.83,3.2525
8.832,3.2276
8.834,3.2027
8.836,3.1779
8.838,3.1532
8.84,3.1316
8.842,3.1069
8.844,3.0854
8.846,3.0639
8.848,3.0455
8.85,3.0241
8.852,3.0028
8.854,2.9845
8.856,2.9663
8.858,2.9481
8.86,2.9299
8.862,2.9118
8.864,2.8937
8.866,2.8788
8.868,2.8638
8.87,2.8489
8.872,2.834
8.874,2.8192
8.876,2.8043
8.878,2.7926
8.88,2.7809
8.882,2.7661
8.884,2.7575
8.886,2.7459
8.888,2.7343
8.89,2.7227
8.892,2.7142
8.894,2.7057
8.896,2.6972
8.898,2.6888
8.9,2.6803
8.902,2.675
8.904,2.6666
8.906,2.6613
8.908,2.6559
8.91,2.6506
8.912,2.6453
8.914,2.6431
8.916,2.6378
8.918,2.6356
8.92,2.6334
8.922,2.6312
8.924,2.629
8.926,2.6299
8.928,2.6277
8.93,2.6286
8.932,2.6295
8.934,2.6304
8.936,2.6312
8.938,2.6352
8.94,2.636
8.942,2.64
8.944,2.6439
8.946,2.6478
8.948,2.6517
8.95,2.6556
8.952,2.6625
8.954,2.6664
8.956,2.6734
8.958,2.6803
8.96,2.6872
8.962,2.6971
8.964,2.704
8.966,2.7139
8.968,2.7208
8.97,2.7307
8.972,2.7405
8.974,2.7534
8.976,2.7633
8.978,2.7761
8.98,2.7859
8.982,2.7987
8.984,2.8115
8.986,2.8274
8.988,2.8401
8.99,2.8559
8.992,2.8716
8.994,2.8873
8.996,2.903
8.998,2.9187
9,-3.3395
9.002,-3.3114
9.004,-3.2803
9.006,-3.2461
9.008,-3.2151
9.01,-3.1811
9.012,-3.1472
9.014,-3.1133
9.016,-3.0795
9.018,-3.0458
9.02,-3.009
9.022,-2.9724
9.024,-2.9358
9.026,-2.8962
9.028,-2.8567
9.03,-2.8173
9.032,-2.7779
9.034,-2.7356
9.036,-2.6934
9.038,-2.6512
9.04,-2.6061
9.042,-2.561
9.044,-2.5161
9.046,-2.4681
9.048,-2.4203
9.05,-2.3725
9.052,-2.3218
9.054,-2.2712
9.056,-2.2207
9.058,-2.1703
9.06,-2.1169
9.062,-2.0636
9.064,-2.0105
9.066,-1.9574
9.068,-1.9045
9.07,-1.8547
9.072,-1.802
9.074,-1.7524
9.076,-1.7029
9.078,-1.6535
9.08,-1.6043
9.082,-1.5581
9.084,-1.5121
9.086,-1.4662
9.088,-1.4234
9.09,-1.3807
9.092,-1.3381
9.094,-1.2987
9.096,-1.2593
9.098,-1.22
9.1,-1.1808
9.102,-1.1447
9.104,-1.1087
9.106,-1.0728
9.108,-1.04
9.11,-1.0042
9.112,-0.97155
9.114,-0.93896
9.116,-0.90643
9.118,-0.87704
9.12,-0.84464
9.122,-0.81536
9.124,-0.78922
9.126,-0.76006
9.128,-0.73095
9.13,-0.70497
9.132,-0.67598
9.134,-0.65011
9.136,-0.62736
9.138,-0.60158
9.14,-0.57893
9.142,-0.55325
9.144,-0.53069
9.146,-0.50818
9.148,-0.48571
9.15,-0.46328
9.152,-0.44397
9.154,-0.42163
9.156,-0.4024
9.158,-0.3832
9.16,-0.36405
9.162,-0.348
9.164,-0.32891
9.166,-0.31293
9.168,-0.29391
9.17,-0.278
9.172,-0.26212
9.174,-0.24627
9.176,-0.23352
9.178,-0.21773
9.18,-0.20504
9.182,-0.19237
9.184,-0.17972
9.186,-0.16711
9.188,-0.15758
9.19,-0.145
9.192,-0.13552
9.194,-0.12605
9.196,-0.11967
9.198,-0.11024
9.2,-0.10082
9.202,-0.094491
9.204,-0.088173
9.206,-0.081867
9.208,-0.078638
9.21,-0.075416
9.212,-0.069136
9.214,-0.065933
9.216,-0.062736
9.218,-0.062611
9.22,-0.059421
9.222,-0.059302
9.224,-0.059183
9.226,-0.059065
9.228,-0.058947
9.23,-0.061894
9.232,-0.064835
9.234,-0.067771
9.236,-0.0707
9.238,-0.073624
9.24,-0.079607
9.242,-0.082513
9.244,-0.088477
9.246,-0.097495
9.248,-0.10343
9.25,-0.10935
9.252,-0.11833
9.254,-0.12422
9.256,-0.13317
9.258,-0.1421
9.26,-0.15101
9.262,-0.1599
9.264,-0.16878
9.266,-0.1807
9.268,-0.18953
9.27,-0.20141
9.272,-0.21327
9.274,-0.2251
9.276,-0.23691
9.278,-0.2487
9.28,-0.26353
9.282,-0.27526
9.284,-0.29004
9.286,-0.30478
9.288,-0.3195
9.29,-0.33418
9.292,-0.34884
9.294,-0.36653
9.296,-0.38112
9.298,-0.39875
9.3,-0.41634
9.302,-0.4339
9.304,-0.45142
9.306,-0.47198
9.308,-0.49249
9.31,-0.50989
9.312,-0.53033
9.314,-0.55072
9.316,-0.57414
9.318,-0.59445
9.32,-0.61778
9.322,-0.638
9.324,-0.66431
9.326,-0.6875
9.328,-0.71065
9.33,-0.73375
9.332,-0.75987
9.334,-0.78593
9.336,-0.81194
9.338,-0.83791
9.34,-0.86382
9.342,-0.89274
9.344,-0.9216
9.346,-0.95041
9.348,-0.97916
9.35,-1.0079
9.352,-1.0396
9.354,-1.0712
9.356,-1.1028
9.358,-1.1343
9.36,-1.1688
9.362,-1.2032
9.364,-1.2345
9.366,-1.2719
9.368,-1.3062
9.37,-1.3434
9.372,-1.3805
9.374,-1.4176
9.376,-1.4577
9.378,-1.4977
9.38,-1.5376
9.382,-1.5775
9.384,-1.6203
9.386,-1.66
9.388,-1.7026
9.39,-1.7482
9.392,-1.7907
9.394,-1.8331
9.396,-1.8754
9.398,-1.9177
9.4,-1.9598
9.402,-2.0019
9.404,-2.0408
9.406,-2.0827
9.408,-2.1214
9.41,-2.1601
9.412,-2.1956
9.414,-2.2341
9.416,-2.2695
9.418,-2.3048
9.42,-2.337
9.422,-2.3722
9.424,-2.4011
9.426,-2.4331
9.428,-2.465
9.43,-2.4938
9.432,-2.5226
9.434,-2.5512
9.436,-2.5799
9.438,-2.6053
9.44,-2.6339
9.442,-2.6592
9.444,-2.6846
9.446,-2.7068
9.448,-2.732
9.45,-2.7542
9.452,-2.7762
9.454,-2.7983
9.456,3.4566
9.458,3.4221
9.46,3.3908
9.462,3.3595
9.464,3.3283
9.466,3.2971
9.468,3.266
9.47,3.2349
9.472,3.207
9.474,3.1792
9.476,3.1483
9.478,3.1236
9.48,3.0959
9.482,3.0683
9.484,3.0438
9.486,3.0162
9.488,2.9918
9.49,2.9674
9.492,2.9431
9.494,2.9219
9.496,2.8977
9.498,2.8766
9.5,2.8555
9.502,2.8345
9.504,2.8135
9.506,2.7925
9.508,2.7716
9.51,2.7538
9.512,2.7361
9.514,2.7183
9.516,2.7007
9.518,2.683
9.52,2.6654
9.522,2.6509
9.524,2.6364
9.526,2.6188
9.528,2.6044
9.53,2.5931
9.532,2.5787
9.534,2.5674
9.536,2.5531
9.538,2.5419
9.54,2.5307
9.542,2.5195
9.544,2.5114
9.546,2.5002
9.548,2.4922
9.55,2.4841
9.552,2.4761
9.554,2.4681
9.556,2.4601
9.558,2.4552
9.56,2.4472
9.562,2.4423
9.564,2.4374
9.566,2.4326
9.568,2.4277
9.57,2.4259
9.572,2.4211
9.574,2.4193
9.576,2.4175
9.578,2.4158
9.58,2.414
9.582,2.4153
9.584,2.4135
9.586,2.4149
9.588,2.4192
9.59,2.4205
9.592,2.4218
9.594,2.4231
9.596,2.4275
9.598,2.4287
9.6,2.4331
9.602,2.4374
9.604,2.4417
9.606,2.4461
9.608,2.4534
9.61,2.4577
9.612,2.4651
9.614,2.4724
9.616,2.4797
9.618,2.487
9.62,2.4943
9.622,2.5047
9.624,2.5119
9.626,2.5222
9.628,2.5325
9.63,2.5428
9.632,2.553
9.634,2.5663
9.636,2.5765
9.638,2.5897
9.64,2.5999
9.642,2.6162
9.644,2.6293
9.646,2.6424
9.648,2.6586
9.65,2.6717
9.652,2.6878
9.654,2.7039
9.656,2.72
9.658,2.736
9.66,2.755
9.662,2.774
9.664,2.79
9.666,2.8089
9.668,2.8309
9.67,2.8497
9.672,2.8716
9.674,2.8904
9.676,-3.3647
9.678,-3.3273
9.68,-3.2931
9.682,-3.2559
9.684,-3.2218
9.686,-3.1816
9.688,-3.1446
9.69,-3.1077
9.692,-3.0678
9.694,-3.0279
9.696,-2.9882
9.698,-2.9454
9.7,-2.9058
9.702,-2.8602
9.704,-2.8177
9.706,-2.7753
9.708,-2.7299
9.71,-2.6815
9.712,-2.6363
9.714,-2.5881
9.716,-2.537
9.718,-2.489
9.72,-2.4381
9.722,-2.3872
9.724,-2.3334
9.726,-2.2797
9.728,-2.2261
9.73,-2.1726
9.732,-2.1192
9.734,-2.066
9.736,-2.0097
9.738,-1.9567
9.74,-1.9037
9.742,-1.8509
9.744,-1.8012
9.746,-1.7486
9.748,-1.6991
9.75,-1.6528
9.752,-1.6035
9.754,-1.5574
9.756,-1.5114
9.758,-1.4685
9.76,-1.4258
9.762,-1.3831
9.764,-1.3435
9.766,-1.3041
9.768,-1.2616
9.77,-1.2254
9.772,-1.1862
9.774,-1.1501
9.776,-1.1141
9.778,-1.0812
9.78,-1.0453
9.782,-1.0126
9.784,-0.97991
9.786,-0.9473
9.788,-0.91476
9.79,-0.88535
9.792,-0.85293
9.794,-0.82364
9.796,-0.79441
9.798,-0.76831
9.8,-0.73919
9.802,-0.71319
9.804,-0.68725
9.806,-0.66135
9.808,-0.63551
9.81,-0.60972
9.812,-0.58705
9.814,-0.56136
9.816,-0.53878
9.818,-0.51625
9.82,-0.49683
9.822,-0.47439
9.824,-0.45198
9.826,-0.43269
9.828,-0.41344
9.83,-0.39422
9.832,-0.37504
9.834,-0.35897
9.836,-0.33986
9.838,-0.32386
9.84,-0.30482
9.842,-0.28889
9.844,-0.27299
9.846,-0.26018
9.848,-0.24434
9.85,-0.23159
9.852,-0.2158
9.854,-0.20311
9.856,-0.19351
9.858,-0.18087
9.86,-0.17131
9.862,-0.16177
9.864,-0.15226
9.866,-0.14276
9.868,-0.13328
9.87,-0.12688
9.872,-0.11743
9.874,-0.11107
9.876,-0.10778
9.878,-0.10144
9.88,-0.098169
9.882,-0.094908
9.884,-0.091653
9.886,-0.088405
9.888,-0.088229
9.89,-0.088052
9.892,-0.084812
9.894,-0.084642
9.896,-0.087538
9.898,-0.090428
9.9,-0.093312
9.902,-0.096191
9.904,-0.099063
9.906,-0.105
9.908,-0.10785
9.91,-0.11683
9.912,-0.12273
9.914,-0.12861
9.916,-0.13755
9.918,-0.14647
9.92,-0.15537
9.922,-0.16732
9.924,-0.17618
9.926,-0.18809
9.928,-0.19997
9.93,-0.2149
9.932,-0.22673
9.934,-0.23853
9.936,-0.25338
9.938,-0.2682
9.94,-0.28299
9.942,-0.29775
9.944,-0.31248
9.946,-0.33024
9.948,-0.34491
9.95,-0.36261
9.952,-0.38027
9.954,-0.3979
9.956,-0.41549
9.958,-0.43305
9.96,-0.45364
9.962,-0.47113
9.964,-0.49164
9.966,-0.51211
9.968,-0.53561
9.97,-0.55599
9.972,-0.57633
9.974,-0.5997
9.976,-0.62302
9.978,-0.64323
9.98,-0.66647
9.982,-0.68965
9.984,-0.71586
9.986,-0.73895
9.988,-0.76506
9.99,-0.79111
9.992,-0.81712
9.994,-0.84307
9.996,-0.86897
9.998,-0.89481
10,-0.92368
