0,-2.8992
0.002,-2.8992
0.004,-2.8992
0.006,-2.8992
0.008,-2.8992
0.01,-2.8992
0.012,-2.8992
0.014,-2.8992
0.016,-2.8962
0.018,-2.8962
0.02,-2.8931
0.022,-2.8931
0.024,-2.89
0.026,-2.887
0.028,-2.8839
0.03,-2.8808
0.032,-2.8777
0.034,-2.8747
0.036,-2.8716
0.038,-2.8685
0.04,-2.8624
0.042,-2.8593
0.044,-2.8532
0.046,-2.8501
0.048,-2.844
0.05,-2.8409
0.052,-2.8348
0.054,-2.8317
0.056,-2.8256
0.058,-2.8195
0.06,-2.8133
0.062,-2.8072
0.064,-2.801
0.066,-2.798
0.068,-2.7918
0.07,-2.7857
0.072,-2.7796
0.074,-2.7734
0.076,-2.7673
0.078,-2.7581
0.08,-2.752
0.082,-2.7458
0.084,-2.7397
0.086,-2.7336
0.088,-2.7274
0.09,-2.7213
0.092,-2.7151
0.094,-2.709
0.096,-2.7029
0.098,-2.6937
0.1,-2.6875
0.102,-2.6814
0.104,-2.6753
0.106,-2.6691
0.108,-2.663
0.11,-2.6569
0.112,-2.6507
0.114,-2.6446
0.116,-2.6384
0.118,-2.6323
0.12,-2.6262
0.122,-2.62
0.124,-2.6139
0.126,-2.6078
0.128,-2.6016
0.13,-2.5986
0.132,-2.5924
0.134,-2.5863
0.136,-2.5802
0.138,-2.5771
0.14,-2.571
0.142,-2.5648
0.144,-2.5617
0.146,-2.5556
0.148,-2.5525
0.15,-2.5464
0.152,-2.5433
0.154,-2.5403
0.156,-2.5341
0.158,-2.5311
0.16,-2.528
0.162,-2.5249
0.164,-2.5219
0.166,-2.5188
0.168,-2.5157
0.17,-2.5127
0.172,-2.5096
0.174,-2.5065
0.176,-2.5035
0.178,-2.5004
0.18,-2.5004
0.182,-2.4973
0.184,-2.4943
0.186,-2.4943
0.188,-2.4912
0.19,-2.4912
0.192,-2.4912
0.194,-2.4881
0.196,-2.4881
0.198,-2.4881
0.2,-2.4881
0.202,-2.4881
0.204,-2.4881
0.206,-2.4881
0.208,-2.4881
0.21,-2.4881
0.212,-2.4881
0.214,-2.4881
0.216,-2.4881
0.218,-2.4881
0.22,-2.4912
0.222,-2.4912
0.224,-2.4912
0.226,-2.4943
0.228,-2.4943
0.23,-2.5004
0.232,-2.5004
0.234,-2.5035
0.236,-2.5065
0.238,-2.5127
0.24,-2.5157
0.242,-2.5219
0.244,-2.528
0.246,-2.5341
0.248,-2.5403
0.25,-2.5464
0.252,-2.5556
0.254,-2.5648
0.256,-2.574
0.258,-2.5802
0.26,-2.5924
0.262,-2.6016
0.264,-2.6139
0.266,-2.6262
0.268,-2.6384
0.27,-2.6507
0.272,-2.663
0.274,-2.6753
0.276,-2.6906
0.278,-2.7059
0.28,-2.7213
0.282,-2.7366
0.284,-2.752
0.286,-2.7704
0.288,-2.7857
0.29,-2.8041
0.292,-2.8225
0.294,-2.8409
0.296,-2.8593
0.298,-2.8808
0.3,-2.8992
0.302,-2.9207
0.304,-2.9391
0.306,-2.9606
0.308,-2.9821
0.31,-3.0035
0.312,-3.025
0.314,-3.0465
0.316,-3.068
0.318,-3.0894
0.32,-3.1109
0.322,-3.1324
0.324,3.1293
0.326,3.1078
0.328,3.0864
0.33,3.0649
0.332,3.0434
0.334,3.0219
0.336,3.0005
0.338,2.9821
0.34,2.9606
0.342,2.9391
0.344,2.9207
0.346,2.9023
0.348,2.8808
0.35,2.8624
0.352,2.844
0.354,2.8256
0.356,2.8072
0.358,2.7888
0.36,2.7704
0.362,2.755
0.364,2.7366
0.366,2.7213
0.368,2.7059
0.37,2.6906
0.372,2.6753
0.374,2.6599
0.376,2.6446
0.378,2.6292
0.38,2.617
0.382,2.6016
0.384,2.5894
0.386,2.5771
0.388,2.5648
0.39,2.5525
0.392,2.5403
0.394,2.5311
0.396,2.5219
0.398,2.5127
0.4,2.5035
0.402,2.4973
0.404,2.4881
0.406,2.482
0.408,2.4758
0.41,2.4697
0.412,2.4666
0.414,2.4636
0.416,2.4574
0.418,2.4544
0.42,2.4513
0.422,2.4513
0.424,2.4482
0.426,2.4482
0.428,2.4482
0.43,2.4482
0.432,2.4482
0.434,2.4482
0.436,2.4513
0.438,2.4513
0.44,2.4544
0.442,2.4544
0.444,2.4574
0.446,2.4605
0.448,2.4636
0.45,2.4666
0.452,2.4697
0.454,2.4728
0.456,2.4789
0.458,2.482
0.46,2.4881
0.462,2.4943
0.464,2.5004
0.466,2.5065
0.468,2.5127
0.47,2.5219
0.472,2.528
0.474,2.5372
0.476,2.5464
0.478,2.5556
0.48,2.5679
0.482,2.5771
0.484,2.5894
0.486,2.6016
0.488,2.6139
0.49,2.6262
0.492,2.6384
0.494,2.6538
0.496,2.6691
0.498,2.6845
0.5,2.6998
0.502,2.7151
0.504,2.7336
0.506,2.7489
0.508,2.7673
0.51,2.7857
0.512,2.8041
0.514,2.8256
0.516,2.8471
0.518,2.8655
0.52,2.887
0.522,2.9115
0.524,2.933
0.526,2.9544
0.528,2.979
0.53,3.0035
0.532,3.0281
0.534,3.0557
0.536,3.0802
0.538,3.1078
0.54,3.1355
0.542,-3.1201
0.544,-3.0925
0.546,-3.0649
0.548,-3.0342
0.55,-3.0066
0.552,-2.9759
0.554,-2.9452
0.556,-2.9176
0.558,-2.887
0.56,-2.8563
0.562,-2.8256
0.564,-2.798
0.566,-2.7704
0.568,-2.7397
0.57,-2.7121
0.572,-2.6814
0.574,-2.6538
0.576,-2.6262
0.578,-2.5986
0.58,-2.571
0.582,-2.5464
0.584,-2.5188
0.586,-2.4943
0.588,-2.4697
0.59,-2.4452
0.592,-2.4206
0.594,-2.3991
0.596,-2.3746
0.598,-2.3531
0.6,-2.3317
0.602,-2.3102
0.604,-2.2887
0.606,-2.2672
0.608,-2.2488
0.61,-2.2304
0.612,-2.212
0.614,-2.1936
0.616,-2.1752
0.618,-2.1568
0.62,-2.1414
0.622,-2.123
0.624,-2.1077
0.626,-2.0923
0.628,-2.077
0.63,-2.0617
0.632,-2.0494
0.634,-2.0371
0.636,-2.0218
0.638,-2.0095
0.64,-1.9972
0.642,-1.988
0.644,-1.9758
0.646,-1.9635
0.648,-1.9543
0.65,-1.9451
0.652,-1.9359
0.654,-1.9267
0.656,-1.9175
0.658,-1.9113
0.66,-1.9021
0.662,-1.896
0.664,-1.8899
0.666,-1.8837
0.668,-1.8776
0.67,-1.8715
0.672,-1.8684
0.674,-1.8623
0.676,-1.8592
0.678,-1.8561
0.68,-1.853
0.682,-1.85
0.684,-1.85
0.686,-1.8469
0.688,-1.8469
0.69,-1.8469
0.692,-1.8438
0.694,-1.8438
0.696,-1.8438
0.698,-1.8469
0.7,-1.85
0.702,-1.85
0.704,-1.853
0.706,-1.8561
0.708,-1.8592
0.71,-1.8623
0.712,-1.8684
0.714,-1.8745
0.716,-1.8776
0.718,-1.8837
0.72,-1.8899
0.722,-1.8991
0.724,-1.9052
0.726,-1.9144
0.728,-1.9236
0.73,-1.9297
0.732,-1.942
0.734,-1.9512
0.736,-1.9635
0.738,-1.9727
0.74,-1.985
0.742,-1.9972
0.744,-2.0126
0.746,-2.0249
0.748,-2.0402
0.75,-2.0525
0.752,-2.0678
0.754,-2.0862
0.756,-2.1016
0.758,-2.12
0.76,-2.1353
0.762,-2.1537
0.764,-2.1721
0.766,-2.1936
0.768,-2.2151
0.77,-2.2335
0.772,-2.255
0.774,-2.2795
0.776,-2.301
0.778,-2.3255
0.78,-2.3501
0.782,-2.3746
0.784,-2.4022
0.786,-2.4298
0.788,-2.4544
0.79,-2.485
0.792,-2.5127
0.794,-2.5433
0.796,-2.574
0.798,-2.6047
0.8,-2.6384
0.802,-2.6722
0.804,-2.6753
0.806,-2.6753
0.808,-2.663
0.81,-2.6569
0.812,-2.6507
0.814,-2.6446
0.816,-2.6446
0.818,-2.6507
0.82,-2.6507
0.822,-2.6507
0.824,-2.6384
0.826,-2.6323
0.828,-2.6323
0.83,-2.6323
0.832,-2.6323
0.834,-2.6262
0.836,-2.62
0.838,-2.6139
0.84,-2.6078
0.842,-2.6139
0.844,-2.6078
0.846,-2.6139
0.848,-2.6139
0.85,-2.6016
0.852,-2.5955
0.854,-2.5955
0.856,-2.5832
0.858,-2.6139
0.86,-2.6415
0.862,-2.6691
0.864,-2.6967
0.866,-2.7213
0.868,-2.7458
0.87,-2.7704
0.872,-2.7949
0.874,-2.8195
0.876,-2.8409
0.878,-2.8655
0.88,-2.887
0.882,-2.9084
0.884,-2.9299
0.886,-2.9514
0.888,-2.9698
0.89,-2.9913
0.892,-3.0097
0.894,-3.0311
0.896,-3.0465
0.898,-3.0649
0.9,-3.0833
0.902,-3.0986
0.904,-3.117
0.906,-3.1324
0.908,3.1355
0.91,3.1201
0.912,3.1048
0.914,3.0894
0.916,3.0772
0.918,3.0649
0.92,3.0496
0.922,3.0373
0.924,3.025
0.926,3.0158
0.928,3.0035
0.93,2.9943
0.932,2.9821
0.934,2.9729
0.936,2.9637
0.938,2.9575
0.94,2.9483
0.942,2.9422
0.944,2.933
0.946,2.9268
0.948,2.9207
0.95,2.9146
0.952,2.9115
0.954,2.9054
0.956,2.8992
0.958,2.8962
0.96,2.8931
0.962,2.89
0.964,2.887
0.966,2.887
0.968,2.8839
0.97,2.8839
0.972,2.8839
0.974,2.8839
0.976,2.8839
0.978,2.8839
0.98,2.8839
0.982,2.887
0.984,2.887
0.986,2.89
0.988,2.8931
0.99,2.8992
0.992,2.9023
0.994,2.9054
0.996,2.9115
0.998,2.9207
1,2.9238
1.002,2.933
1.004,2.9391
1.006,2.9452
1.008,2.9544
1.01,2.9637
1.012,2.9729
1.014,2.9821
1.016,2.9913
1.018,3.0035
1.02,3.0127
1.022,3.025
1.024,3.0373
1.026,3.0496
1.028,3.0618
1.03,3.0772
1.032,3.0894
1.034,3.1048
1.036,3.1201
1.038,3.1355
1.04,-3.1324
1.042,-3.117
1.044,-3.1048
1.046,-3.0894
1.048,-3.0772
1.05,-3.0618
1.052,-3.0434
1.054,-3.0281
1.056,-3.0127
1.058,-2.9943
1.06,-2.979
1.062,-2.9575
1.064,-2.9391
1.066,-2.9207
1.068,-2.8992
1.07,-2.8808
1.072,-2.8593
1.074,-2.8348
1.076,-2.8133
1.078,-2.7888
1.08,-2.7673
1.082,-2.7428
1.084,-2.7182
1.086,-2.6906
1.088,-2.6661
1.09,-2.6384
1.092,-2.6108
1.094,-2.5802
1.096,-2.5525
1.098,-2.5219
1.1,-2.4912
1.102,-2.4574
1.104,-2.4268
1.106,-2.393
1.108,-2.3593
1.11,-2.3224
1.112,-2.2887
1.114,-2.2519
1.116,-2.212
1.118,-2.1752
1.12,-2.1353
1.122,-2.0954
1.124,-2.0555
1.126,-2.0157
1.128,-1.9727
1.13,-1.9328
1.132,-1.8899
1.134,-1.85
1.136,-1.807
1.138,-1.7671
1.14,-1.7273
1.142,-1.6874
1.144,-1.6475
1.146,-1.6076
1.148,-1.5708
1.15,-1.5309
1.152,-1.4972
1.154,-1.4603
1.156,-1.4266
1.158,-1.3898
1.16,-1.3591
1.162,-1.3254
1.164,-1.2947
1.166,-1.264
1.168,-1.2333
1.17,-1.2026
1.172,-1.175
1.174,-1.1443
1.176,-1.1198
1.178,-1.0922
1.18,-1.0646
1.182,-1.04
1.184,-1.0155
1.186,-0.99095
1.188,-0.96641
1.19,-0.94493
1.192,-0.92346
1.194,-0.89891
1.196,-0.8805
1.198,-0.85903
1.2,-0.83755
1.202,-0.81915
1.204,-0.79767
1.206,-0.77926
1.208,-0.76085
1.21,-0.74551
1.212,-0.72711
1.214,-0.71177
1.216,-0.69336
1.218,-0.67802
1.22,-0.66268
1.222,-0.65041
1.224,-0.63507
1.226,-0.6228
1.228,-0.60746
1.23,-0.59518
1.232,-0.58291
1.234,-0.57371
1.236,-0.56144
1.238,-0.54917
1.24,-0.53996
1.242,-0.53076
1.244,-0.52155
1.246,-0.51235
1.248,-0.50621
1.25,-0.49701
1.252,-0.49087
1.254,-0.48167
1.256,-0.47553
1.258,-0.4694
1.26,-0.46633
1.262,-0.46019
1.264,-0.45713
1.266,-0.45099
1.268,-0.44792
1.27,-0.44485
1.272,-0.44485
1.274,-0.44179
1.276,-0.44179
1.278,-0.43872
1.28,-0.43872
1.282,-0.43872
1.284,-0.43872
1.286,-0.43872
1.288,-0.44179
1.29,-0.44179
1.292,-0.44485
1.294,-0.44792
1.296,-0.45099
1.298,-0.45713
1.3,-0.46019
1.302,-0.46326
1.304,-0.4694
1.306,-0.47553
1.308,-0.48167
1.31,-0.48781
1.312,-0.49701
1.314,-0.50315
1.316,-0.51235
1.318,-0.52155
1.32,-0.53076
1.322,-0.53996
1.324,-0.54917
1.326,-0.56144
1.328,-0.57064
1.33,-0.58291
1.332,-0.59518
1.334,-0.60746
1.336,-0.61973
1.338,-0.63507
1.34,-0.64734
1.342,-0.66268
1.344,-0.67802
1.346,-0.69336
1.348,-0.7087
1.35,-0.72711
1.352,-0.74245
1.354,-0.76085
1.356,-0.77926
1.358,-0.79767
1.36,-0.81608
1.362,-0.83449
1.364,-0.85596
1.366,-0.87744
1.368,-0.89584
1.37,-0.92039
1.372,-0.94186
1.374,-0.96334
1.376,-0.98788
1.378,-1.0094
1.38,-1.0339
1.382,-1.0584
1.384,-1.083
1.386,-1.1106
1.388,-1.1382
1.39,-1.1628
1.392,-1.1934
1.394,-1.221
1.396,-1.2487
1.398,-1.2793
1.4,-1.31
1.402,-1.3376
1.404,-1.3714
1.406,-1.4021
1.408,-1.4358
1.41,-1.4665
1.412,-1.5002
1.414,-1.537
1.416,-1.5708
1.418,-1.6045
1.42,-1.6414
1.422,-1.6782
1.424,-1.715
1.426,-1.7549
1.428,-1.7917
1.43,-1.8285
1.432,-1.8684
1.434,-1.9083
1.436,-1.9451
1.438,-1.985
1.44,-2.0218
1.442,-2.0617
1.444,-2.0985
1.446,-2.1384
1.448,-2.1721
1.45,-2.2089
1.452,-2.2457
1.454,-2.2826
1.456,-2.3163
1.458,-2.3501
1.46,-2.3838
1.462,-2.4176
1.464,-2.4482
1.466,-2.4789
1.468,-2.5096
1.47,-2.5403
1.472,-2.571
1.474,-2.5986
1.476,-2.6292
1.478,-2.6569
1.48,-2.6845
1.482,-2.709
1.484,-2.7366
1.486,-2.7612
1.488,-2.7857
1.49,-2.8103
1.492,-2.8348
1.494,-2.8593
1.496,-2.8808
1.498,-2.9054
1.5,-2.9268
1.502,-2.9483
1.504,-2.9667
1.506,-2.9882
1.508,-3.0097
1.51,-3.0281
1.512,-3.0465
1.514,-3.0649
1.516,-3.0833
1.518,-3.1017
1.52,-3.117
1.522,-3.1355
1.524,3.1324
1.526,3.117
1.528,3.1017
1.53,3.0864
1.532,3.071
1.534,3.0588
1.536,3.0465
1.538,3.0311
1.54,3.0189
1.542,3.0066
1.544,2.9974
1.546,2.9851
1.548,2.9759
1.55,2.9667
1.552,2.9544
1.554,2.9452
1.556,2.9391
1.558,2.9299
1.56,2.9238
1.562,2.9146
1.564,2.9084
1.566,2.9023
1.568,2.8962
1.57,2.8931
1.572,2.887
1.574,2.8808
1.576,2.8777
1.578,2.8747
1.58,2.8716
1.582,2.8685
1.584,2.8685
1.586,2.8655
1.588,2.8655
1.59,2.8655
1.592,2.8655
1.594,2.8655
1.596,2.8655
1.598,2.8655
1.6,2.8685
1.602,2.8716
1.604,2.8716
1.606,2.8747
1.608,2.8808
1.61,2.8839
1.612,2.89
1.614,2.8931
1.616,2.9023
1.618,2.9084
1.62,2.9146
1.622,2.9207
1.624,2.9299
1.626,2.936
1.628,2.9452
1.63,2.9544
1.632,2.9637
1.634,2.9729
1.636,2.9851
1.638,2.9974
1.64,3.0066
1.642,3.0189
1.644,3.0342
1.646,3.0465
1.648,3.0618
1.65,3.0741
1.652,3.0894
1.654,3.1048
1.656,3.1201
1.658,3.1355
1.66,-3.1293
1.662,-3.114
1.664,-3.0956
1.666,-3.0772
1.668,-3.0588
1.67,-3.0373
1.672,-3.0189
1.674,-2.9974
1.676,-2.9759
1.678,-2.9544
1.68,-2.9299
1.682,-2.9084
1.684,-2.8839
1.686,-2.8593
1.688,-2.8348
1.69,-2.8072
1.692,-2.7826
1.694,-2.755
1.696,-2.7274
1.698,-2.6998
1.7,-2.6691
1.702,-2.6384
1.704,-2.6108
1.706,-2.5771
1.708,-2.5464
1.71,-2.5127
1.712,-2.4789
1.714,-2.4421
1.716,-2.4053
1.718,-2.3685
1.72,-2.3317
1.722,-2.2948
1.724,-2.255
1.726,-2.212
1.728,-2.1721
1.73,-2.1292
1.732,-2.0862
1.734,-2.0433
1.736,-2.0003
1.738,-1.9543
1.74,-1.9113
1.742,-1.8653
1.744,-1.8224
1.746,-1.7794
1.748,-1.7334
1.75,-1.6904
1.752,-1.6475
1.754,-1.6076
1.756,-1.5647
1.758,-1.5248
1.76,-1.4849
1.762,-1.445
1.764,-1.4082
1.766,-1.3714
1.768,-1.3346
1.77,-1.3008
1.772,-1.2671
1.774,-1.2333
1.776,-1.1996
1.778,-1.1689
1.78,-1.1351
1.782,-1.1075
1.784,-1.0769
1.786,-1.0462
1.788,-1.0186
1.79,-0.99095
1.792,-0.96334
1.794,-0.93573
1.796,-0.91118
1.798,-0.88357
1.8,-0.85903
1.802,-0.83449
1.804,-0.81301
1.806,-0.78847
1.808,-0.76699
1.81,-0.74551
1.812,-0.72097
1.814,-0.70256
1.816,-0.68109
1.818,-0.65961
1.82,-0.6412
1.822,-0.6228
1.824,-0.60439
1.826,-0.58598
1.828,-0.56757
1.83,-0.55223
1.832,-0.53383
1.834,-0.51849
1.836,-0.50315
1.838,-0.48781
1.84,-0.47553
1.842,-0.46019
1.844,-0.44485
1.846,-0.43258
1.848,-0.42031
1.85,-0.40804
1.852,-0.39577
1.854,-0.38656
1.856,-0.37736
1.858,-0.36509
1.86,-0.35588
1.862,-0.34668
1.864,-0.33748
1.866,-0.33134
1.868,-0.32214
1.87,-0.316
1.872,-0.30986
1.874,-0.30373
1.876,-0.29759
1.878,-0.29146
1.88,-0.28532
1.882,-0.28225
1.884,-0.27918
1.886,-0.27612
1.888,-0.27305
1.89,-0.26998
1.892,-0.26998
1.894,-0.26998
1.896,-0.26691
1.898,-0.26691
1.9,-0.26691
1.902,-0.26691
1.904,-0.26998
1.906,-0.26998
1.908,-0.27305
1.91,-0.27612
1.912,-0.27918
1.914,-0.28225
1.916,-0.28532
1.918,-0.29146
1.92,-0.29452
1.922,-0.30066
1.924,-0.3068
1.926,-0.31293
1.928,-0.31907
1.93,-0.32827
1.932,-0.33441
1.934,-0.34361
1.936,-0.35282
1.938,-0.36202
1.94,-0.37122
1.942,-0.38043
1.944,-0.38963
1.946,-0.4019
1.948,-0.41417
1.95,-0.42645
1.952,-0.43872
1.954,-0.45099
1.956,-0.46326
1.958,-0.4786
1.96,-0.49087
1.962,-0.50621
1.964,-0.52462
1.966,-0.53996
1.968,-0.5553
1.97,-0.57371
1.972,-0.58905
1.974,-0.60746
1.976,-0.62586
1.978,-0.64427
1.98,-0.66268
1.982,-0.68416
1.984,-0.70563
1.986,-0.72404
1.988,-0.74551
1.99,-0.77006
1.992,-0.79153
1.994,-0.81301
1.996,-0.83755
1.998,-0.8621
2,-0.88664
2.002,-0.91118
2.004,-0.93573
2.006,-0.96334
2.008,-0.99095
2.01,-1.0155
2.012,-1.0431
2.014,-1.0738
2.016,-1.1014
2.018,-1.1321
2.02,-1.1628
2.022,-1.1934
2.024,-1.2241
2.026,-1.2548
2.028,-1.2885
2.03,-1.3223
2.032,-1.356
2.034,-1.3929
2.036,-1.4266
2.038,-1.4634
2.04,-1.5002
2.042,-1.537
2.044,-1.5739
2.046,-1.6137
2.048,-1.6536
2.05,-1.6935
2.052,-1.7365
2.054,-1.7733
2.056,-1.8162
2.058,-1.8561
2.06,-1.8991
2.062,-1.939
2.064,-1.9819
2.066,-2.0218
2.068,-2.0617
2.07,-2.1046
2.072,-2.1445
2.074,-2.1844
2.076,-2.2212
2.078,-2.2611
2.08,-2.2979
2.082,-2.3347
2.084,-2.3715
2.086,-2.4053
2.088,-2.439
2.09,-2.4728
2.092,-2.5065
2.094,-2.5403
2.096,-2.571
2.098,-2.6016
2.1,-2.6323
2.102,-2.663
2.104,-2.6906
2.106,-2.7213
2.108,-2.7489
2.11,-2.7734
2.112,-2.801
2.114,-2.8287
2.116,-2.8532
2.118,-2.8777
2.12,-2.9023
2.122,-2.9268
2.124,-2.9514
2.126,-2.9729
2.128,-2.9974
2.13,-3.0189
2.132,-3.0403
2.134,-3.0618
2.136,-3.0802
2.138,-3.1017
2.14,-3.1201
2.142,-3.1385
2.144,3.1263
2.146,3.1078
2.148,3.0894
2.15,3.0741
2.152,3.0557
2.154,3.0403
2.156,3.025
2.158,3.0097
2.16,2.9943
2.162,2.9821
2.164,2.9667
2.166,2.9544
2.168,2.9422
2.17,2.9299
2.172,2.9176
2.174,2.9084
2.176,2.8962
2.178,2.887
2.18,2.8777
2.182,2.8685
2.184,2.8593
2.186,2.8501
2.188,2.844
2.19,2.8348
2.192,2.8287
2.194,2.8225
2.196,2.8164
2.198,2.8103
2.2,2.8072
2.202,2.801
2.204,2.798
2.206,2.7949
2.208,2.7918
2.21,2.7888
2.212,2.7857
2.214,2.7857
2.216,2.7857
2.218,2.7826
2.22,2.7826
2.222,2.7826
2.224,2.7826
2.226,2.7857
2.228,2.7888
2.23,2.7888
2.232,2.7918
2.234,2.7949
2.236,2.801
2.238,2.8041
2.24,2.8103
2.242,2.8133
2.244,2.8225
2.246,2.8287
2.248,2.8348
2.25,2.8409
2.252,2.8501
2.254,2.8593
2.256,2.8685
2.258,2.8777
2.26,2.887
2.262,2.8962
2.264,2.9084
2.266,2.9176
2.268,2.9299
2.27,2.9422
2.272,2.9544
2.274,2.9698
2.276,2.9821
2.278,2.9974
2.28,3.0127
2.282,3.0281
2.284,3.0434
2.286,3.0588
2.288,3.0772
2.29,3.0925
2.292,3.1109
2.294,3.1293
2.296,-3.1324
2.298,-3.114
2.3,-3.0925
2.302,-3.0741
2.304,-3.0526
2.306,-3.0281
2.308,-3.0066
2.31,-2.9821
2.312,-2.9606
2.314,-2.936
2.316,-2.9084
2.318,-2.8839
2.32,-2.8563
2.322,-2.8287
2.324,-2.801
2.326,-2.7734
2.328,-2.7458
2.33,-2.7151
2.332,-2.6845
2.334,-2.6507
2.336,-2.62
2.338,-2.5863
2.34,-2.5525
2.342,-2.5157
2.344,-2.4789
2.346,-2.4421
2.348,-2.4053
2.35,-2.3654
2.352,-2.3255
2.354,-2.2826
2.356,-2.2427
2.358,-2.1997
2.36,-2.1537
2.362,-2.1108
2.364,-2.0647
2.366,-2.0187
2.368,-1.9727
2.37,-1.9236
2.372,-1.8776
2.374,-1.8316
2.376,-1.7856
2.378,-1.7395
2.38,-1.6935
2.382,-1.6475
2.384,-1.6045
2.386,-1.5585
2.388,-1.5156
2.39,-1.4757
2.392,-1.4358
2.394,-1.3959
2.396,-1.356
2.398,-1.3192
2.4,-1.2824
2.402,-1.2456
2.404,-1.2088
2.406,-1.175
2.408,-1.1413
2.41,-1.1075
2.412,-1.0769
2.414,-1.0431
2.416,-1.0124
2.418,-0.98482
2.42,-0.95414
2.422,-0.92346
2.424,-0.89584
2.426,-0.86823
2.428,-0.84062
2.43,-0.81608
2.432,-0.78847
2.434,-0.76392
2.436,-0.73938
2.438,-0.71484
2.44,-0.69029
2.442,-0.66575
2.444,-0.64427
2.446,-0.6228
2.448,-0.60132
2.45,-0.57984
2.452,-0.56144
2.454,-0.53996
2.456,-0.51849
2.458,-0.50315
2.46,-0.48167
2.462,-0.46633
2.464,-0.44792
2.466,-0.42951
2.468,-0.41417
2.47,-0.39884
2.472,-0.3835
2.474,-0.36816
2.476,-0.35282
2.478,-0.34054
2.48,-0.3252
2.482,-0.31293
2.484,-0.30066
2.486,-0.28839
2.488,-0.27612
2.49,-0.26384
2.492,-0.25464
2.494,-0.24544
2.496,-0.23623
2.498,-0.22396
2.5,-0.21783
2.502,-0.20862
2.504,-0.20249
2.506,-0.19635
2.508,-0.19021
2.51,-0.18408
2.512,-0.17794
2.514,-0.17487
2.516,-0.17181
2.518,-0.16874
2.52,-0.16567
2.522,-0.1626
2.524,-0.1626
2.526,-0.15953
2.528,-0.15953
2.53,-0.15953
2.532,-0.15953
2.534,-0.15953
2.536,-0.1626
2.538,-0.16567
2.54,-0.16567
2.542,-0.17181
2.544,-0.17487
2.546,-0.17794
2.548,-0.18408
2.55,-0.19021
2.552,-0.19635
2.554,-0.20249
2.556,-0.20862
2.558,-0.21783
2.56,-0.22396
2.562,-0.23317
2.564,-0.24237
2.566,-0.25157
2.568,-0.26078
2.57,-0.27305
2.572,-0.28225
2.574,-0.29452
2.576,-0.3068
2.578,-0.31907
2.58,-0.33134
2.582,-0.34361
2.584,-0.35895
2.586,-0.37122
2.588,-0.3835
2.59,-0.39884
2.592,-0.41417
2.594,-0.43258
2.596,-0.44792
2.598,-0.46633
2.6,-0.48167
2.602,-0.50008
2.604,-0.51849
2.606,-0.53689
2.608,-0.55837
2.61,-0.57678
2.612,-0.59825
2.614,-0.61973
2.616,-0.6412
2.618,-0.66268
2.62,-0.68416
2.622,-0.7087
2.624,-0.73017
2.626,-0.75472
2.628,-0.77926
2.63,-0.80381
2.632,-0.83142
2.634,-0.85596
2.636,-0.88357
2.638,-0.91118
2.64,-0.9388
2.642,-0.96641
2.644,-0.99709
2.646,-1.0247
2.648,-1.0554
2.65,-1.0861
2.652,-1.1198
2.654,-1.1505
2.656,-1.1842
2.658,-1.218
2.66,-1.2517
2.662,-1.2855
2.664,-1.3223
2.666,-1.3591
2.668,-1.3959
2.67,-1.4327
2.672,-1.4726
2.674,-1.5125
2.676,-1.5493
2.678,-1.5923
2.68,-1.6322
2.682,-1.6751
2.684,-1.7181
2.686,-1.761
2.688,-1.804
2.69,-1.85
2.692,-1.8929
2.694,-1.939
2.696,-1.9819
2.698,-2.0279
2.7,-2.0709
2.702,-2.1138
2.704,-2.1568
2.706,-2.1997
2.708,-2.2427
2.71,-2.2826
2.712,-2.3224
2.714,-2.3623
2.716,-2.4022
2.718,-2.439
2.72,-2.4789
2.722,-2.5157
2.724,-2.5495
2.726,-2.5863
2.728,-2.62
2.73,-2.6538
2.732,-2.6875
2.734,-2.7213
2.736,-2.752
2.738,-2.7826
2.74,-2.8164
2.742,-2.844
2.744,-2.8747
2.746,-2.9054
2.748,-2.933
2.75,-2.9606
2.752,-2.9882
2.754,-3.0158
2.756,-3.0434
2.758,-3.068
2.76,-3.0925
2.762,-3.117
2.764,-3.1416
2.766,3.117
2.768,3.0925
2.77,3.071
2.772,3.0465
2.774,3.025
2.776,3.0035
2.778,2.9851
2.78,2.9637
2.782,2.9452
2.784,2.9238
2.786,2.9054
2.788,2.887
2.79,2.8685
2.792,2.8501
2.794,2.8348
2.796,2.8164
2.798,2.801
2.8,2.7857
2.802,2.7704
2.804,2.7581
2.806,2.7428
2.808,2.7274
2.81,2.7151
2.812,2.7029
2.814,2.6906
2.816,2.6783
2.818,2.6691
2.82,2.6569
2.822,2.6477
2.824,2.6384
2.826,2.6292
2.828,2.62
2.83,2.6108
2.832,2.6047
2.834,2.5955
2.836,2.5894
2.838,2.5832
2.84,2.5771
2.842,2.574
2.844,2.5679
2.846,2.5648
2.848,2.5617
2.85,2.5587
2.852,2.5556
2.854,2.5525
2.856,2.5525
2.858,2.5495
2.86,2.5495
2.862,2.5495
2.864,2.5495
2.866,2.5495
2.868,2.5495
2.87,2.5525
2.872,2.5556
2.874,2.5587
2.876,2.5617
2.878,2.5648
2.88,2.5679
2.882,2.574
2.884,2.5802
2.886,2.5863
2.888,2.5924
2.89,2.5986
2.892,2.6047
2.894,2.6139
2.896,2.6231
2.898,2.6292
2.9,2.6415
2.902,2.6507
2.904,2.6599
2.906,2.6691
2.908,2.6814
2.91,2.6937
2.912,2.7029
2.914,2.7182
2.916,2.7305
2.918,2.7428
2.92,2.7581
2.922,2.7704
2.924,2.7857
2.926,2.801
2.928,2.8164
2.93,2.8317
2.932,2.8501
2.934,2.8685
2.936,2.8839
2.938,2.9023
2.94,2.9207
2.942,2.9422
2.944,2.9606
2.946,2.979
2.948,3.0005
2.95,3.0219
2.952,3.0434
2.954,3.0649
2.956,3.0894
2.958,3.114
2.96,3.1355
2.962,-3.1232
2.964,-3.0956
2.966,-3.071
2.968,-3.0465
2.97,-3.0189
2.972,-2.9913
2.974,-2.9637
2.976,-2.933
2.978,-2.9054
2.98,-2.8747
2.982,-2.844
2.984,-2.8133
2.986,-2.7796
2.988,-2.7489
2.99,-2.7121
2.992,-2.6783
2.994,-2.6446
2.996,-2.6078
2.998,-2.571
3,-2.5341
3.002,-2.4943
3.004,-2.4544
3.006,-2.4145
3.008,-2.3715
3.01,-2.3286
3.012,-2.2856
3.014,-2.2427
3.016,-2.1967
3.018,-2.1506
3.02,-2.1046
3.022,-2.0555
3.024,-2.0064
3.026,-1.9574
3.028,-1.9113
3.03,-1.8623
3.032,-1.8132
3.034,-1.7641
3.036,-1.7181
3.038,-1.669
3.04,-1.623
3.042,-1.5769
3.044,-1.534
3.046,-1.491
3.048,-1.4481
3.05,-1.4082
3.052,-1.3652
3.054,-1.3254
3.056,-1.2885
3.058,-1.2517
3.06,-1.2149
3.062,-1.175
3.064,-1.1413
3.066,-1.1075
3.068,-1.0738
3.07,-1.04
3.072,-1.0094
3.074,-0.97868
3.076,-0.948
3.078,-0.91732
3.08,-0.88664
3.082,-0.85903
3.084,-0.83142
3.086,-0.80381
3.088,-0.77619
3.09,-0.74858
3.092,-0.72404
3.094,-0.69643
3.096,-0.67188
3.098,-0.64734
3.1,-0.62586
3.102,-0.60132
3.104,-0.57984
3.106,-0.55837
3.108,-0.53383
3.11,-0.51542
3.112,-0.49394
3.114,-0.47247
3.116,-0.45406
3.118,-0.43565
3.12,-0.41724
3.122,-0.39884
3.124,-0.38043
3.126,-0.36509
3.128,-0.34668
3.13,-0.33134
3.132,-0.316
3.134,-0.29759
3.136,-0.28532
3.138,-0.26998
3.14,-0.25771
3.142,-0.24237
3.144,-0.2301
3.146,-0.21783
3.148,-0.20862
3.15,-0.19635
3.152,-0.18715
3.154,-0.17794
3.156,-0.16874
3.158,-0.15953
3.16,-0.15033
3.162,-0.14419
3.164,-0.13499
3.166,-0.12885
3.168,-0.12272
3.17,-0.11965
3.172,-0.11351
3.174,-0.11045
3.176,-0.10738
3.178,-0.10431
3.18,-0.10431
3.182,-0.10124
3.184,-0.10124
3.186,-0.10124
3.188,-0.10124
3.19,-0.10124
3.192,-0.10431
3.194,-0.10738
3.196,-0.11045
3.198,-0.11351
3.2,-0.11965
3.202,-0.12272
3.204,-0.12885
3.206,-0.13499
3.208,-0.14419
3.21,-0.15033
3.212,-0.15953
3.214,-0.16874
3.216,-0.17794
3.218,-0.18715
3.22,-0.19942
3.222,-0.21169
3.224,-0.22089
3.226,-0.23623
3.228,-0.2485
3.23,-0.26078
3.232,-0.27612
3.234,-0.29146
3.236,-0.3068
3.238,-0.32214
3.24,-0.34054
3.242,-0.35588
3.244,-0.37122
3.246,-0.38963
3.248,-0.40497
3.25,-0.42645
3.252,-0.44485
3.254,-0.46326
3.256,-0.48474
3.258,-0.50315
3.26,-0.52462
3.262,-0.5461
3.264,-0.56757
3.266,-0.58905
3.268,-0.61359
3.27,-0.63507
3.272,-0.65961
3.274,-0.68416
3.276,-0.70563
3.278,-0.73324
3.28,-0.75779
3.282,-0.78233
3.284,-0.80687
3.286,-0.83449
3.288,-0.8621
3.29,-0.88971
3.292,-0.91732
3.294,-0.94493
3.296,-0.97254
3.298,-1.0032
3.3,-1.0339
3.302,-1.0615
3.304,-1.0922
3.306,-1.1259
3.308,-1.1566
3.31,-1.1873
3.312,-1.221
3.314,-1.2548
3.316,-1.2885
3.318,-1.3223
3.32,-1.3591
3.322,-1.3959
3.324,-1.4419
3.326,-1.4941
3.328,-1.5432
3.33,-1.5861
3.332,-1.6383
3.334,-1.6904
3.336,-1.7426
3.338,-1.7948
3.34,-1.853
3.342,-1.9083
3.344,-1.9635
3.346,-2.0187
3.348,-2.077
3.35,-2.1322
3.352,-2.1844
3.354,-2.2365
3.356,-2.2887
3.358,-2.3378
3.36,-2.3838
3.362,-2.4268
3.364,-2.4574
3.366,-2.4912
3.368,-2.528
3.37,-2.5679
3.372,-2.6078
3.374,-2.6384
3.376,-2.6661
3.378,-2.6906
3.38,-2.7121
3.382,-2.7397
3.384,-2.7704
3.386,-2.8041
3.388,-2.8256
3.39,-2.8256
3.392,-2.8256
3.394,-2.844
3.396,-2.8655
3.398,-2.89
3.4,-2.9176
3.402,-2.9452
3.404,-2.9698
3.406,-2.9882
3.408,-3.0066
3.41,-3.0281
3.412,-3.0496
3.414,-3.071
3.416,-3.0925
3.418,-3.1109
3.42,-3.1293
3.422,3.1355
3.424,3.117
3.426,3.0986
3.428,3.0802
3.43,3.0649
3.432,3.0496
3.434,3.0342
3.436,3.0189
3.438,3.0035
3.44,2.9913
3.442,2.9759
3.444,2.9637
3.446,2.9514
3.448,2.9391
3.45,2.9268
3.452,2.9146
3.454,2.9054
3.456,2.8962
3.458,2.8839
3.46,2.8747
3.462,2.8685
3.464,2.8593
3.466,2.8501
3.468,2.844
3.47,2.8379
3.472,2.8317
3.474,2.8256
3.476,2.8195
3.478,2.8133
3.48,2.8103
3.482,2.8072
3.484,2.8041
3.486,2.8041
3.488,2.8072
3.49,2.8072
3.492,2.8072
3.494,2.8041
3.496,2.8041
3.498,2.8041
3.5,2.8041
3.502,2.8041
3.504,2.8072
3.506,2.8072
3.508,2.8072
3.51,2.8041
3.512,2.8041
3.514,2.8072
3.516,2.8041
3.518,2.8072
3.52,2.8041
3.522,2.8041
3.524,2.8041
3.526,2.8072
3.528,2.8041
3.53,2.8072
3.532,2.8041
3.534,2.8041
3.536,2.8072
3.538,2.8072
3.54,2.8072
3.542,2.8072
3.544,2.8041
3.546,2.8041
3.548,2.8041
3.55,2.8041
3.552,2.8072
3.554,2.8072
3.556,2.8072
3.558,2.8072
3.56,2.8041
3.562,2.8041
3.564,2.8072
3.566,2.8041
3.568,2.8072
3.57,2.8072
3.572,2.8072
3.574,2.8072
3.576,2.8195
3.578,2.8379
3.58,2.8563
3.582,2.8777
3.584,2.8992
3.586,2.9207
3.588,2.9422
3.59,2.9667
3.592,2.9882
3.594,3.0127
3.596,3.0373
3.598,3.0618
3.6,3.0894
3.602,3.117
3.604,-3.1416
3.606,-3.114
3.608,-3.0833
3.61,-3.0557
3.612,-3.025
3.614,-2.9943
3.616,-2.9637
3.618,-2.933
3.62,-2.8992
3.622,-2.8655
3.624,-2.8317
3.626,-2.7949
3.628,-2.7612
3.63,-2.7213
3.632,-2.6845
3.634,-2.6446
3.636,-2.6078
3.638,-2.5648
3.64,-2.5249
3.642,-2.482
3.644,-2.439
3.646,-2.3961
3.648,-2.3501
3.65,-2.304
3.652,-2.258
3.654,-2.212
3.656,-2.166
3.658,-2.12
3.66,-2.077
3.662,-2.031
3.664,-1.988
3.666,-1.942
3.668,-1.8991
3.67,-1.8561
3.672,-1.8162
3.674,-1.7763
3.676,-1.7365
3.678,-1.6966
3.68,-1.6598
3.682,-1.623
3.684,-1.5861
3.686,-1.5524
3.688,-1.5156
3.69,-1.4818
3.692,-1.4481
3.694,-1.4174
3.696,-1.3867
3.698,-1.356
3.7,-1.3254
3.702,-1.2977
3.704,-1.2671
3.706,-1.2395
3.708,-1.2118
3.71,-1.1873
3.712,-1.1597
3.714,-1.1351
3.716,-1.1106
3.718,-1.0861
3.72,-1.0615
3.722,-1.037
3.724,-1.0155
3.726,-0.99402
3.728,-0.97254
3.73,-0.95107
3.732,-0.92959
3.734,-0.91118
3.736,-0.88971
3.738,-0.8713
3.74,-0.85289
3.742,-0.83449
3.744,-0.81915
3.746,-0.80074
3.748,-0.78233
3.75,-0.76699
3.752,-0.75165
3.754,-0.73631
3.756,-0.72404
3.758,-0.7087
3.76,-0.69643
3.762,-0.68416
3.764,-0.67188
3.766,-0.65961
3.768,-0.64734
3.77,-0.63507
3.772,-0.62586
3.774,-0.61359
3.776,-0.60439
3.778,-0.59518
3.78,-0.58598
3.782,-0.57984
3.784,-0.57064
3.786,-0.5645
3.788,-0.55837
3.79,-0.55223
3.792,-0.5461
3.794,-0.53996
3.796,-0.53689
3.798,-0.53076
3.8,-0.52769
3.802,-0.52462
3.804,-0.52155
3.806,-0.51849
3.808,-0.51542
3.81,-0.51542
3.812,-0.51542
3.814,-0.51235
3.816,-0.51235
3.818,-0.51235
3.82,-0.51542
3.822,-0.51542
3.824,-0.51849
3.826,-0.52155
3.828,-0.52462
3.83,-0.52769
3.832,-0.53076
3.834,-0.53689
3.836,-0.53996
3.838,-0.5461
3.84,-0.55223
3.842,-0.55837
3.844,-0.5645
3.846,-0.57371
3.848,-0.57984
3.85,-0.58905
3.852,-0.59825
3.854,-0.60746
3.856,-0.61666
3.858,-0.62893
3.86,-0.63814
3.862,-0.65041
3.864,-0.65961
3.866,-0.67188
3.868,-0.68722
3.87,-0.6995
3.872,-0.71177
3.874,-0.72711
3.876,-0.74245
3.878,-0.75779
3.88,-0.77313
3.882,-0.78847
3.884,-0.80381
3.886,-0.82221
3.888,-0.84062
3.89,-0.85903
3.892,-0.87744
3.894,-0.89584
3.896,-0.91425
3.898,-0.93573
3.9,-0.95414
3.902,-0.97561
3.904,-0.99709
3.906,-1.0186
3.908,-1.0431
3.91,-1.0646
3.912,-1.0891
3.914,-1.1137
3.916,-1.1382
3.918,-1.1628
3.92,-1.1873
3.922,-1.2149
3.924,-1.2425
3.926,-1.2701
3.928,-1.2977
3.93,-1.3254
3.932,-1.353
3.934,-1.3837
3.936,-1.4143
3.938,-1.445
3.94,-1.4757
3.942,-1.5094
3.944,-1.5432
3.946,-1.5739
3.948,-1.6107
3.95,-1.6444
3.952,-1.6812
3.954,-1.715
3.956,-1.7549
3.958,-1.7917
3.96,-1.8285
3.962,-1.8684
3.964,-1.9113
3.966,-1.9512
3.968,-1.9911
3.97,-2.0341
3.972,-2.077
3.974,-2.12
3.976,-2.1629
3.978,-2.2089
3.98,-2.2519
3.982,-2.2948
3.984,-2.3378
3.986,-2.3807
3.988,-2.4237
3.99,-2.4666
3.992,-2.5065
3.994,-2.5495
3.996,-2.5894
3.998,-2.6262
4,-2.6661
4.002,-2.7029
4.004,-2.7397
4.006,-2.7765
4.008,-2.8133
4.01,-2.8471
4.012,-2.8808
4.014,-2.9146
4.016,-2.9483
4.018,-2.979
4.02,-3.0097
4.022,-3.0434
4.024,-3.071
4.026,-3.1017
4.028,-3.1324
4.03,3.1232
4.032,3.0956
4.034,3.068
4.036,3.0403
4.038,3.0158
4.04,2.9882
4.042,2.9637
4.044,2.9391
4.046,2.9146
4.048,2.89
4.05,2.8685
4.052,2.844
4.054,2.8225
4.056,2.801
4.058,2.7796
4.06,2.7581
4.062,2.7366
4.064,2.7182
4.066,2.6998
4.068,2.6783
4.07,2.6599
4.072,2.6415
4.074,2.6262
4.076,2.6078
4.078,2.5924
4.08,2.5771
4.082,2.5617
4.084,2.5464
4.086,2.5311
4.088,2.5157
4.09,2.5035
4.092,2.4912
4.094,2.4789
4.096,2.4666
4.098,2.4544
4.1,2.4421
4.102,2.4329
4.104,2.4237
4.106,2.4145
4.108,2.4053
4.11,2.3961
4.112,2.3869
4.114,2.3807
4.116,2.3715
4.118,2.3654
4.12,2.3593
4.122,2.3531
4.124,2.3501
4.126,2.3439
4.128,2.3409
4.13,2.3347
4.132,2.3317
4.134,2.3317
4.136,2.3286
4.138,2.3286
4.14,2.3255
4.142,2.3255
4.144,2.3255
4.146,2.3255
4.148,2.3255
4.15,2.3255
4.152,2.3286
4.154,2.3317
4.156,2.3347
4.158,2.3378
4.16,2.3409
4.162,2.347
4.164,2.3531
4.166,2.3562
4.168,2.3654
4.17,2.3715
4.172,2.3777
4.174,2.3838
4.176,2.393
4.178,2.4022
4.18,2.4114
4.182,2.4206
4.184,2.4298
4.186,2.439
4.188,2.4513
4.19,2.4636
4.192,2.4758
4.194,2.4881
4.196,2.5004
4.198,2.5127
4.2,2.5249
4.202,2.5403
4.204,2.5556
4.206,2.571
4.208,2.5863
4.21,2.6016
4.212,2.62
4.214,2.6354
4.216,2.6538
4.218,2.6722
4.22,2.6906
4.222,2.709
4.224,2.7305
4.226,2.7489
4.228,2.7704
4.23,2.7918
4.232,2.8133
4.234,2.8379
4.236,2.8593
4.238,2.8839
4.24,2.9084
4.242,2.933
4.244,2.9575
4.246,2.9821
4.248,3.0097
4.25,3.0373
4.252,3.0649
4.254,3.0925
4.256,3.1201
4.258,-3.1324
4.26,-3.1017
4.262,-3.071
4.264,-3.0373
4.266,-3.0066
4.268,-2.9729
4.27,-2.9391
4.272,-2.9023
4.274,-2.8655
4.276,-2.8317
4.278,-2.7918
4.28,-2.752
4.282,-2.7121
4.284,-2.6722
4.286,-2.6292
4.288,-2.5863
4.29,-2.5433
4.292,-2.4973
4.294,-2.4513
4.296,-2.4053
4.298,-2.3562
4.3,-2.3102
4.302,-2.2611
4.304,-2.212
4.306,-2.1629
4.308,-2.1138
4.31,-2.0647
4.312,-2.0157
4.314,-1.9696
4.316,-1.9205
4.318,-1.8745
4.32,-1.8316
4.322,-1.7856
4.324,-1.7426
4.326,-1.6997
4.328,-1.6598
4.33,-1.6168
4.332,-1.5769
4.334,-1.5401
4.336,-1.5002
4.338,-1.4634
4.34,-1.4266
4.342,-1.3929
4.344,-1.356
4.346,-1.3223
4.348,-1.2916
4.35,-1.2579
4.352,-1.2241
4.354,-1.1934
4.356,-1.1628
4.358,-1.1321
4.36,-1.1045
4.362,-1.0769
4.364,-1.0462
4.366,-1.0186
4.368,-0.99402
4.37,-0.96641
4.372,-0.9388
4.374,-0.91425
4.376,-0.88971
4.378,-0.86517
4.38,-0.84369
4.382,-0.81915
4.384,-0.7946
4.386,-0.77313
4.388,-0.75165
4.39,-0.73017
4.392,-0.7087
4.394,-0.69029
4.396,-0.66882
4.398,-0.65041
4.4,-0.632
4.402,-0.61359
4.404,-0.59518
4.406,-0.57984
4.408,-0.56144
4.41,-0.5461
4.412,-0.53076
4.414,-0.51542
4.416,-0.50008
4.418,-0.48474
4.42,-0.47247
4.422,-0.45713
4.424,-0.44485
4.426,-0.43258
4.428,-0.42031
4.43,-0.40804
4.432,-0.39884
4.434,-0.38656
4.436,-0.37736
4.438,-0.36816
4.44,-0.35895
4.442,-0.34975
4.444,-0.34054
4.446,-0.33441
4.448,-0.3252
4.45,-0.31907
4.452,-0.31293
4.454,-0.3068
4.456,-0.30066
4.458,-0.29759
4.46,-0.29452
4.462,-0.29146
4.464,-0.28839
4.466,-0.28532
4.468,-0.28225
4.47,-0.27918
4.472,-0.27918
4.474,-0.27918
4.476,-0.27918
4.478,-0.27918
4.48,-0.27918
4.482,-0.27918
4.484,-0.27918
4.486,-0.27918
4.488,-0.28225
4.49,-0.28225
4.492,-0.28532
4.494,-0.28839
4.496,-0.29146
4.498,-0.29452
4.5,-0.29759
4.502,-0.30066
4.504,-0.3068
4.506,-0.30986
4.508,-0.316
4.51,-0.31907
4.512,-0.3252
4.514,-0.33134
4.516,-0.33748
4.518,-0.34361
4.52,-0.34975
4.522,-0.35895
4.524,-0.36509
4.526,-0.37429
4.528,-0.3835
4.53,-0.3927
4.532,-0.4019
4.534,-0.41417
4.536,-0.42338
4.538,-0.43565
4.54,-0.44485
4.542,-0.46019
4.544,-0.47247
4.546,-0.48474
4.548,-0.50008
4.55,-0.51235
4.552,-0.52769
4.554,-0.54303
4.556,-0.56144
4.558,-0.57678
4.56,-0.59212
4.562,-0.61052
4.564,-0.62893
4.566,-0.64734
4.568,-0.66575
4.57,-0.68416
4.572,-0.70256
4.574,-0.72404
4.576,-0.74551
4.578,-0.76699
4.58,-0.78847
4.582,-0.80994
4.584,-0.83142
4.586,-0.85596
4.588,-0.8805
4.59,-0.90198
4.592,-0.92652
4.594,-0.95414
4.596,-0.97868
4.598,-1.0032
4.6,-1.0308
4.602,-1.0584
4.604,-1.0861
4.606,-1.1137
4.608,-1.1413
4.61,-1.172
4.612,-1.1996
4.614,-1.2303
4.616,-1.2609
4.618,-1.2916
4.62,-1.3254
4.622,-1.356
4.624,-1.3898
4.626,-1.4235
4.628,-1.4573
4.63,-1.491
4.632,-1.5248
4.634,-1.5616
4.636,-1.5984
4.638,-1.6352
4.64,-1.672
4.642,-1.7119
4.644,-1.7487
4.646,-1.7886
4.648,-1.8285
4.65,-1.8715
4.652,-1.9113
4.654,-1.9543
4.656,-1.9972
4.658,-2.0402
4.66,-2.0862
4.662,-2.1292
4.664,-2.1721
4.666,-2.2181
4.668,-2.2611
4.67,-2.304
4.672,-2.347
4.674,-2.3899
4.676,-2.4329
4.678,-2.4758
4.68,-2.5157
4.682,-2.5556
4.684,-2.5955
4.686,-2.6354
4.688,-2.6722
4.69,-2.709
4.692,-2.7458
4.694,-2.7796
4.696,-2.8133
4.698,-2.8471
4.7,-2.8808
4.702,-2.9146
4.704,-2.9452
4.706,-2.9759
4.708,-3.0066
4.71,-3.0373
4.712,-3.0649
4.714,-3.0956
4.716,-3.1232
4.718,3.1324
4.72,3.1078
4.722,3.0802
4.724,3.0557
4.726,3.0311
4.728,3.0066
4.73,2.9821
4.732,2.9575
4.734,2.936
4.736,2.9115
4.738,2.89
4.74,2.8685
4.742,2.8501
4.744,2.8287
4.746,2.8103
4.748,2.7888
4.75,2.7704
4.752,2.752
4.754,2.7397
4.756,2.7182
4.758,2.7029
4.76,2.6937
4.762,2.6814
4.764,2.6661
4.766,2.6538
4.768,2.6477
4.77,2.6323
4.772,2.62
4.774,2.6108
4.776,2.6047
4.778,2.5955
4.78,2.5863
4.782,2.5771
4.784,2.571
4.786,2.5617
4.788,2.5556
4.79,2.5525
4.792,2.5464
4.794,2.5403
4.796,2.5341
4.798,2.5311
4.8,2.528
4.802,2.5249
4.804,2.5219
4.806,2.5219
4.808,2.5188
4.81,2.5157
4.812,2.5157
4.814,2.5157
4.816,2.5157
4.818,2.5157
4.82,2.5157
4.822,2.5188
4.824,2.5188
4.826,2.5219
4.828,2.528
4.83,2.5311
4.832,2.5341
4.834,2.5403
4.836,2.5433
4.838,2.5525
4.84,2.5556
4.842,2.5648
4.844,2.571
4.846,2.5802
4.848,2.5863
4.85,2.5955
4.852,2.6047
4.854,2.6139
4.856,2.6262
4.858,2.6354
4.86,2.6477
4.862,2.6569
4.864,2.6691
4.866,2.6814
4.868,2.6937
4.87,2.709
4.872,2.7243
4.874,2.7366
4.876,2.752
4.878,2.7673
4.88,2.7857
4.882,2.801
4.884,2.8195
4.886,2.8379
4.888,2.8532
4.89,2.8747
4.892,2.8931
4.894,2.9115
4.896,2.933
4.898,2.9544
4.9,2.9759
4.902,2.9974
4.904,3.0189
4.906,3.0434
4.908,3.068
4.91,3.0925
4.912,3.117
4.914,-3.1416
4.916,-3.114
4.918,-3.0864
4.92,-3.0588
4.922,-3.0311
4.924,-3.0035
4.926,-2.9729
4.928,-2.9452
4.93,-2.9115
4.932,-2.8808
4.934,-2.8501
4.936,-2.8164
4.938,-2.7826
4.94,-2.7489
4.942,-2.7121
4.944,-2.6753
4.946,-2.6384
4.948,-2.6016
4.95,-2.5617
4.952,-2.5249
4.954,-2.485
4.956,-2.4421
4.958,-2.4022
4.96,-2.3593
4.962,-2.3163
4.964,-2.2734
4.966,-2.2304
4.968,-2.1875
4.97,-2.1445
4.972,-2.1016
4.974,-2.0586
4.976,-2.0187
4.978,-1.9758
4.98,-1.9359
4.982,-1.8929
4.984,-1.853
4.986,-1.8162
4.988,-1.7763
4.99,-1.7395
4.992,-1.7027
4.994,-1.6659
4.996,-1.6291
4.998,-1.5953
5,-1.5616
5.002,-1.5278
5.004,-1.4972
5.006,-1.4634
5.008,-1.4327
5.01,-1.4021
5.012,-1.3714
5.014,-1.3407
5.016,-1.3131
5.018,-1.2855
5.02,-1.2579
5.022,-1.2303
5.024,-1.2026
5.026,-1.1781
5.028,-1.1536
5.03,-1.129
5.032,-1.1045
5.034,-1.0799
5.036,-1.0584
5.038,-1.0339
5.04,-1.0124
5.042,-0.99095
5.044,-0.96948
5.046,-0.948
5.048,-0.92959
5.05,-0.91118
5.052,-0.88971
5.054,-0.8713
5.056,-0.85596
5.058,-0.83755
5.06,-0.81915
5.062,-0.80381
5.064,-0.7854
5.066,-0.77006
5.068,-0.75779
5.07,-0.74245
5.072,-0.72711
5.074,-0.71484
5.076,-0.6995
5.078,-0.68722
5.08,-0.67495
5.082,-0.66268
5.084,-0.65348
5.086,-0.6412
5.088,-0.632
5.09,-0.6228
5.092,-0.61359
5.094,-0.60439
5.096,-0.59518
5.098,-0.58905
5.1,-0.57984
5.102,-0.57371
5.104,-0.56757
5.106,-0.56144
5.108,-0.5553
5.11,-0.55223
5.112,-0.5461
5.114,-0.54303
5.116,-0.53996
5.118,-0.53689
5.12,-0.53383
5.122,-0.53383
5.124,-0.53076
5.126,-0.53076
5.128,-0.53076
5.13,-0.53076
5.132,-0.53076
5.134,-0.53076
5.136,-0.53076
5.138,-0.53383
5.14,-0.53689
5.142,-0.53996
5.144,-0.54303
5.146,-0.5461
5.148,-0.55223
5.15,-0.5553
5.152,-0.56144
5.154,-0.56757
5.156,-0.57371
5.158,-0.57984
5.16,-0.58905
5.162,-0.59518
5.164,-0.60439
5.166,-0.61359
5.168,-0.6228
5.17,-0.632
5.172,-0.6412
5.174,-0.65348
5.176,-0.66268
5.178,-0.67495
5.18,-0.68722
5.182,-0.6995
5.184,-0.71177
5.186,-0.72711
5.188,-0.73938
5.19,-0.75472
5.192,-0.77006
5.194,-0.7854
5.196,-0.80381
5.198,-0.81915
5.2,-0.83755
5.202,-0.85289
5.204,-0.8713
5.206,-0.88971
5.208,-0.90812
5.21,-0.92959
5.212,-0.948
5.214,-0.96948
5.216,-0.99095
5.218,-1.0124
5.22,-1.0339
5.222,-1.0554
5.224,-1.0799
5.226,-1.1014
5.228,-1.1259
5.23,-1.1505
5.232,-1.175
5.234,-1.2026
5.236,-1.2272
5.238,-1.2548
5.24,-1.2824
5.242,-1.31
5.244,-1.3376
5.246,-1.3683
5.248,-1.3959
5.25,-1.4266
5.252,-1.4573
5.254,-1.488
5.256,-1.5217
5.258,-1.5555
5.26,-1.5861
5.262,-1.6199
5.264,-1.6567
5.266,-1.6904
5.268,-1.7273
5.27,-1.7641
5.272,-1.804
5.274,-1.8408
5.276,-1.8807
5.278,-1.9205
5.28,-1.9635
5.282,-2.0034
5.284,-2.0494
5.286,-2.0893
5.288,-2.1322
5.29,-2.1783
5.292,-2.2212
5.294,-2.2672
5.296,-2.3102
5.298,-2.3531
5.3,-2.3961
5.302,-2.439
5.304,-2.482
5.306,-2.5249
5.308,-2.5648
5.31,-2.6047
5.312,-2.6477
5.314,-2.6845
5.316,-2.7243
5.318,-2.7612
5.32,-2.798
5.322,-2.8348
5.324,-2.8716
5.326,-2.9054
5.328,-2.9391
5.33,-2.9729
5.332,-3.0066
5.334,-3.0403
5.336,-3.071
5.338,-3.1017
5.34,-3.1324
5.342,3.1201
5.344,3.0894
5.346,3.0618
5.348,3.0342
5.35,3.0035
5.352,2.979
5.354,2.9514
5.356,2.9238
5.358,2.8992
5.36,2.8747
5.362,2.8501
5.364,2.8256
5.366,2.801
5.368,2.7765
5.37,2.755
5.372,2.7336
5.374,2.709
5.376,2.6875
5.378,2.6691
5.38,2.6477
5.382,2.6292
5.384,2.6108
5.386,2.5894
5.388,2.571
5.39,2.5525
5.392,2.5372
5.394,2.5188
5.396,2.5035
5.398,2.4881
5.4,2.4728
5.402,2.4574
5.404,2.4421
5.406,2.4268
5.408,2.4145
5.41,2.4022
5.412,2.3899
5.414,2.3777
5.416,2.3654
5.418,2.3562
5.42,2.3439
5.422,2.3347
5.424,2.3224
5.426,2.3163
5.428,2.3071
5.43,2.2979
5.432,2.2918
5.434,2.2826
5.436,2.2764
5.438,2.2703
5.44,2.2672
5.442,2.2611
5.444,2.255
5.446,2.2519
5.448,2.2488
5.45,2.2457
5.452,2.2427
5.454,2.2427
5.456,2.2396
5.458,2.2396
5.46,2.2365
5.462,2.2365
5.464,2.2365
5.466,2.2365
5.468,2.2396
5.47,2.2427
5.472,2.2427
5.474,2.2457
5.476,2.2488
5.478,2.255
5.48,2.258
5.482,2.2642
5.484,2.2703
5.486,2.2764
5.488,2.2826
5.49,2.2887
5.492,2.2948
5.494,2.304
5.496,2.3132
5.498,2.3224
5.5,2.3317
5.502,2.3409
5.504,2.3501
5.506,2.3593
5.508,2.3715
5.51,2.3838
5.512,2.3961
5.514,2.4083
5.516,2.4206
5.518,2.4329
5.52,2.4482
5.522,2.4636
5.524,2.4758
5.526,2.4912
5.528,2.5065
5.53,2.5249
5.532,2.5403
5.534,2.5587
5.536,2.5771
5.538,2.5924
5.54,2.6139
5.542,2.6323
5.544,2.6507
5.546,2.6722
5.548,2.6937
5.55,2.7151
5.552,2.7366
5.554,2.7581
5.556,2.7826
5.558,2.8041
5.56,2.8287
5.562,2.8532
5.564,2.8777
5.566,2.9023
5.568,2.9299
5.57,2.9575
5.572,2.9851
5.574,3.0127
5.576,3.0403
5.578,3.071
5.58,3.1017
5.582,3.1324
5.584,-3.1201
5.586,-3.0894
5.588,-3.0557
5.59,-3.0219
5.592,-2.9882
5.594,-2.9514
5.596,-2.9176
5.598,-2.8808
5.6,-2.8409
5.602,-2.8041
5.604,-2.7642
5.606,-2.7213
5.608,-2.6814
5.61,-2.6384
5.612,-2.5955
5.614,-2.5495
5.616,-2.5065
5.618,-2.4574
5.62,-2.4114
5.622,-2.3623
5.624,-2.3163
5.626,-2.2672
5.628,-2.2181
5.63,-2.169
5.632,-2.12
5.634,-2.0709
5.636,-2.0218
5.638,-1.9758
5.64,-1.9267
5.642,-1.8807
5.644,-1.8377
5.646,-1.7948
5.648,-1.7518
5.65,-1.7089
5.652,-1.6659
5.654,-1.626
5.656,-1.5861
5.658,-1.5493
5.66,-1.5125
5.662,-1.4757
5.664,-1.4389
5.666,-1.4051
5.668,-1.3714
5.67,-1.3376
5.672,-1.3039
5.674,-1.2732
5.676,-1.2425
5.678,-1.2118
5.68,-1.1812
5.682,-1.1536
5.684,-1.1259
5.686,-1.0953
5.688,-1.0677
5.69,-1.0431
5.692,-1.0155
5.694,-0.99095
5.696,-0.96641
5.698,-0.94186
5.7,-0.91732
5.702,-0.89584
5.704,-0.8713
5.706,-0.84983
5.708,-0.82835
5.71,-0.80687
5.712,-0.7854
5.714,-0.76699
5.716,-0.74551
5.718,-0.72711
5.72,-0.7087
5.722,-0.69029
5.724,-0.67188
5.726,-0.65654
5.728,-0.63814
5.73,-0.6228
5.732,-0.60746
5.734,-0.59212
5.736,-0.57678
5.738,-0.56144
5.74,-0.54917
5.742,-0.53689
5.744,-0.52155
5.746,-0.50928
5.748,-0.49701
5.75,-0.48781
5.752,-0.47553
5.754,-0.46633
5.756,-0.45713
5.758,-0.44485
5.76,-0.43872
5.762,-0.42951
5.764,-0.42031
5.766,-0.41417
5.768,-0.40497
5.77,-0.39884
5.772,-0.3927
5.774,-0.38656
5.776,-0.3835
5.778,-0.37736
5.78,-0.37122
5.782,-0.36816
5.784,-0.36509
5.786,-0.36202
5.788,-0.35895
5.79,-0.35895
5.792,-0.35588
5.794,-0.35588
5.796,-0.35588
5.798,-0.35282
5.8,-0.35282
5.802,-0.35282
5.804,-0.35588
5.806,-0.35588
5.808,-0.35895
5.81,-0.36202
5.812,-0.36509
5.814,-0.36816
5.816,-0.37429
5.818,-0.37736
5.82,-0.3835
5.822,-0.38963
5.824,-0.39577
5.826,-0.4019
5.828,-0.40804
5.83,-0.41417
5.832,-0.42338
5.834,-0.42951
5.836,-0.43872
5.838,-0.44792
5.84,-0.46019
5.842,-0.4694
5.844,-0.4786
5.846,-0.49087
5.848,-0.50315
5.85,-0.51235
5.852,-0.52769
5.854,-0.53996
5.856,-0.55223
5.858,-0.56757
5.86,-0.57984
5.862,-0.59518
5.864,-0.61052
5.866,-0.62586
5.868,-0.64427
5.87,-0.65961
5.872,-0.67802
5.874,-0.69643
5.876,-0.71484
5.878,-0.73324
5.88,-0.75165
5.882,-0.77006
5.884,-0.79153
5.886,-0.81301
5.888,-0.83449
5.89,-0.85596
5.892,-0.87744
5.894,-0.90198
5.896,-0.92346
5.898,-0.948
5.9,-0.97254
5.902,-0.99709
5.904,-1.0216
5.906,-1.0492
5.908,-1.0769
5.91,-1.1045
5.912,-1.129
5.914,-1.1597
5.916,-1.1873
5.918,-1.218
5.92,-1.2487
5.922,-1.2793
5.924,-1.31
5.926,-1.3407
5.928,-1.3744
5.93,-1.4082
5.932,-1.4419
5.934,-1.4788
5.936,-1.5125
5.938,-1.5493
5.94,-1.5861
5.942,-1.626
5.944,-1.6659
5.946,-1.7058
5.948,-1.7457
5.95,-1.7886
5.952,-1.8285
5.954,-1.8745
5.956,-1.9175
5.958,-1.9635
5.96,-2.0095
5.962,-2.0586
5.964,-2.1046
5.966,-2.1537
5.968,-2.2028
5.97,-2.2519
5.972,-2.2979
5.974,-2.347
5.976,-2.3961
5.978,-2.4421
5.98,-2.4881
5.982,-2.5341
5.984,-2.5771
5.986,-2.6231
5.988,-2.6661
5.99,-2.709
5.992,-2.7489
5.994,-2.7888
5.996,-2.8287
5.998,-2.8685
6,-2.9054
6.002,-2.9422
6.004,-2.979
6.006,-3.0158
6.008,-3.0496
6.01,-3.0833
6.012,-3.117
6.014,3.1324
6.016,3.1017
6.018,3.068
6.02,3.0373
6.022,3.0066
6.024,2.979
6.026,2.9483
6.028,2.9207
6.03,2.8931
6.032,2.8655
6.034,2.8379
6.036,2.8103
6.038,2.7857
6.04,2.7581
6.042,2.7336
6.044,2.709
6.046,2.6845
6.048,2.663
6.05,2.6384
6.052,2.617
6.054,2.5924
6.056,2.574
6.058,2.5525
6.06,2.5311
6.062,2.5096
6.064,2.4912
6.066,2.4728
6.068,2.4544
6.07,2.436
6.072,2.4176
6.074,2.4022
6.076,2.3838
6.078,2.3685
6.08,2.3531
6.082,2.3378
6.084,2.3224
6.086,2.3071
6.088,2.2948
6.09,2.2826
6.092,2.2672
6.094,2.258
6.096,2.2457
6.098,2.2335
6.1,2.2243
6.102,2.212
6.104,2.2028
6.106,2.1936
6.108,2.1844
6.11,2.1752
6.112,2.169
6.114,2.1598
6.116,2.1537
6.118,2.1476
6.12,2.1414
6.122,2.1384
6.124,2.1322
6.126,2.1292
6.128,2.123
6.13,2.123
6.132,2.12
6.134,2.1169
6.136,2.1138
6.138,2.1138
6.14,2.1138
6.142,2.1138
6.144,2.1138
6.146,2.1138
6.148,2.1138
6.15,2.1138
6.152,2.1169
6.154,2.12
6.156,2.123
6.158,2.1261
6.16,2.1322
6.162,2.1384
6.164,2.1445
6.166,2.1506
6.168,2.1568
6.17,2.1629
6.172,2.169
6.174,2.1783
6.176,2.1875
6.178,2.1936
6.18,2.2028
6.182,2.212
6.184,2.2243
6.186,2.2335
6.188,2.2457
6.19,2.255
6.192,2.2672
6.194,2.2795
6.196,2.2918
6.198,2.304
6.2,2.3194
6.202,2.3317
6.204,2.347
6.206,2.3623
6.208,2.3777
6.21,2.393
6.212,2.4083
6.214,2.4268
6.216,2.4421
6.218,2.4605
6.22,2.4789
6.222,2.4973
6.224,2.5157
6.226,2.5372
6.228,2.5556
6.23,2.5771
6.232,2.5986
6.234,2.62
6.236,2.6415
6.238,2.663
6.24,2.6875
6.242,2.709
6.244,2.7336
6.246,2.7581
6.248,2.7857
6.25,2.8103
6.252,2.8379
6.254,2.8655
6.256,2.8931
6.258,2.9207
6.26,2.9483
6.262,2.979
6.264,3.0066
6.266,3.0403
6.268,3.071
6.27,3.1017
6.272,3.1355
6.274,-3.114
6.276,-3.0802
6.278,-3.0434
6.28,-3.0097
6.282,-2.9729
6.284,-2.933
6.286,-2.8962
6.288,-2.8563
6.29,-2.8164
6.292,-2.7734
6.294,-2.7274
6.296,-2.6875
6.298,-2.6415
6.3,-2.5986
6.302,-2.5495
6.304,-2.5004
6.306,-2.4513
6.308,-2.4022
6.31,-2.3531
6.312,-2.301
6.314,-2.2488
6.316,-2.1967
6.318,-2.1445
6.32,-2.0923
6.322,-2.0402
6.324,-1.9911
6.326,-1.939
6.328,-1.8899
6.33,-1.8438
6.332,-1.7948
6.334,-1.7518
6.336,-1.7058
6.338,-1.6628
6.34,-1.6598
6.342,-1.6506
6.344,-1.6107
6.346,-1.5708
6.348,-1.5309
6.35,-1.4941
6.352,-1.4542
6.354,-1.4205
6.356,-1.3837
6.358,-1.3499
6.36,-1.3131
6.362,-1.2824
6.364,-1.2487
6.366,-1.218
6.368,-1.1842
6.37,-1.1536
6.372,-1.1259
6.374,-1.0953
6.376,-1.0677
6.378,-1.037
6.38,-1.0094
6.382,-0.98175
6.384,-0.9572
6.386,-0.92959
6.388,-0.90505
6.39,-0.8805
6.392,-0.85596
6.394,-0.83142
6.396,-0.80687
6.398,-0.7854
6.4,-0.76392
6.402,-0.73938
6.404,-0.7179
6.406,-0.6995
6.408,-0.67802
6.41,-0.65654
6.412,-0.63814
6.414,-0.61973
6.416,-0.60132
6.418,-0.58291
6.42,-0.5645
6.422,-0.54917
6.424,-0.53076
6.426,-0.51542
6.428,-0.50008
6.43,-0.48474
6.432,-0.4694
6.434,-0.45406
6.436,-0.44179
6.438,-0.42645
6.44,-0.41417
6.442,-0.4019
6.444,-0.38963
6.446,-0.37736
6.448,-0.36816
6.45,-0.35588
6.452,-0.34668
6.454,-0.33441
6.456,-0.3252
6.458,-0.31907
6.46,-0.30986
6.462,-0.30373
6.464,-0.29759
6.466,-0.29146
6.468,-0.28532
6.47,-0.28225
6.472,-0.27612
6.474,-0.27305
6.476,-0.27305
6.478,-0.26998
6.48,-0.26691
6.482,-0.26691
6.484,-0.26691
6.486,-0.26691
6.488,-0.26691
6.49,-0.26998
6.492,-0.26998
6.494,-0.27305
6.496,-0.27612
6.498,-0.27918
6.5,-0.28532
6.502,-0.28839
6.504,-0.29452
6.506,-0.29759
6.508,-0.30373
6.51,-0.30986
6.512,-0.316
6.514,-0.32214
6.516,-0.32827
6.518,-0.33441
6.52,-0.34054
6.522,-0.34975
6.524,-0.35588
6.526,-0.36509
6.528,-0.37429
6.53,-0.3835
6.532,-0.3927
6.534,-0.4019
6.536,-0.41111
6.538,-0.42338
6.54,-0.43565
6.542,-0.44792
6.544,-0.46019
6.546,-0.47247
6.548,-0.48474
6.55,-0.49701
6.552,-0.51235
6.554,-0.52769
6.556,-0.54303
6.558,-0.5553
6.56,-0.57371
6.562,-0.58905
6.564,-0.60439
6.566,-0.6228
6.568,-0.6412
6.57,-0.65961
6.572,-0.67802
6.574,-0.69643
6.576,-0.7179
6.578,-0.73631
6.58,-0.75779
6.582,-0.77926
6.584,-0.80074
6.586,-0.82221
6.588,-0.84676
6.59,-0.86823
6.592,-0.89278
6.594,-0.91732
6.596,-0.94186
6.598,-0.96641
6.6,-0.99095
6.602,-1.0186
6.604,-1.0462
6.606,-1.0738
6.608,-1.1014
6.61,-1.129
6.612,-1.1597
6.614,-1.1873
6.616,-1.218
6.618,-1.2487
6.62,-1.2793
6.622,-1.3131
6.624,-1.3468
6.626,-1.3806
6.628,-1.4143
6.63,-1.4481
6.632,-1.4849
6.634,-1.5186
6.636,-1.5585
6.638,-1.5953
6.64,-1.6352
6.642,-1.672
6.644,-1.715
6.646,-1.7549
6.648,-1.7978
6.65,-1.8408
6.652,-1.8868
6.654,-1.9297
6.656,-1.9788
6.658,-2.0249
6.66,-2.0739
6.662,-2.123
6.664,-2.1721
6.666,-2.2243
6.668,-2.2734
6.67,-2.3255
6.672,-2.3746
6.674,-2.4268
6.676,-2.4758
6.678,-2.5249
6.68,-2.571
6.682,-2.62
6.684,-2.6661
6.686,-2.7121
6.688,-2.755
6.69,-2.801
6.692,-2.844
6.694,-2.8839
6.696,-2.9268
6.698,-2.9667
6.7,-3.0035
6.702,-3.0434
6.704,-3.0802
6.706,-3.117
6.708,3.1293
6.71,3.0925
6.712,3.0588
6.714,3.025
6.716,2.9913
6.718,2.9575
6.72,2.9268
6.722,2.8931
6.724,2.8624
6.726,2.8317
6.728,2.8041
6.73,2.7734
6.732,2.7458
6.734,2.7151
6.736,2.6875
6.738,2.663
6.74,2.6354
6.742,2.6078
6.744,2.5832
6.746,2.5587
6.748,2.5341
6.75,2.5096
6.752,2.485
6.754,2.4636
6.756,2.439
6.758,2.4176
6.76,2.3961
6.762,2.3746
6.764,2.3531
6.766,2.3347
6.768,2.3132
6.77,2.2948
6.772,2.2764
6.774,2.258
6.776,2.2396
6.778,2.2212
6.78,2.2059
6.782,2.1905
6.784,2.1752
6.786,2.1598
6.788,2.1445
6.79,2.1292
6.792,2.1138
6.794,2.1016
6.796,2.0893
6.798,2.077
6.8,2.0647
6.802,2.0525
6.804,2.0402
6.806,2.031
6.808,2.0218
6.81,2.0095
6.812,2.0003
6.814,1.9942
6.816,1.985
6.818,1.9758
6.82,1.9696
6.822,1.9635
6.824,1.9574
6.826,1.9512
6.828,1.9482
6.83,1.942
6.832,1.939
6.834,1.9359
6.836,1.9297
6.838,1.9297
6.84,1.9267
6.842,1.9236
6.844,1.9236
6.846,1.9236
6.848,1.9236
6.85,1.9236
6.852,1.9236
6.854,1.9236
6.856,1.9267
6.858,1.9297
6.86,1.9328
6.862,1.9359
6.864,1.939
6.866,1.9451
6.868,1.9482
6.87,1.9543
6.872,1.9604
6.874,1.9666
6.876,1.9727
6.878,1.9819
6.88,1.988
6.882,1.9972
6.884,2.0034
6.886,2.0126
6.888,2.0249
6.89,2.0341
6.892,2.0433
6.894,2.0525
6.896,2.0647
6.898,2.077
6.9,2.0893
6.902,2.1016
6.904,2.1138
6.906,2.1261
6.908,2.1414
6.91,2.1537
6.912,2.169
6.914,2.1844
6.916,2.1997
6.918,2.2151
6.92,2.2304
6.922,2.2488
6.924,2.2642
6.926,2.2826
6.928,2.301
6.93,2.3194
6.932,2.3378
6.934,2.3593
6.936,2.3777
6.938,2.3991
6.94,2.4176
6.942,2.439
6.944,2.4605
6.946,2.485
6.948,2.5065
6.95,2.5311
6.952,2.5556
6.954,2.5802
6.956,2.6047
6.958,2.6292
6.96,2.6538
6.962,2.6814
6.964,2.709
6.966,2.7366
6.968,2.7642
6.97,2.7918
6.972,2.8225
6.974,2.8501
6.976,2.8808
6.978,2.9146
6.98,2.9452
6.982,2.979
6.984,3.0127
6.986,3.0465
6.988,3.0802
6.99,3.117
6.992,-3.1293
6.994,-3.0925
6.996,-3.0557
6.998,-3.0158
7,-2.9759
7.002,-2.936
7.004,-2.8931
7.006,-2.8501
7.008,-2.8072
7.01,-2.7612
7.012,-2.7151
7.014,-2.6661
7.016,-2.62
7.018,-2.5679
7.02,-2.5188
7.022,-2.4666
7.024,-2.4145
7.026,-2.3593
7.028,-2.3071
7.03,-2.2519
7.032,-2.1997
7.034,-2.1445
7.036,-2.0923
7.038,-2.0402
7.04,-1.9911
7.042,-1.939
7.044,-1.8899
7.046,-1.8438
7.048,-1.7948
7.05,-1.7487
7.052,-1.7058
7.054,-1.6598
7.056,-1.6168
7.058,-1.5769
7.06,-1.537
7.062,-1.4972
7.064,-1.4573
7.066,-1.4205
7.068,-1.3806
7.07,-1.3468
7.072,-1.31
7.074,-1.2732
7.076,-1.2395
7.078,-1.2057
7.08,-1.175
7.082,-1.1413
7.084,-1.1106
7.086,-1.0799
7.088,-1.0492
7.09,-1.0186
7.092,-0.98788
7.094,-0.96027
7.096,-0.93266
7.098,-0.90505
7.1,-0.87744
7.102,-0.84983
7.104,-0.82528
7.106,-0.80074
7.108,-0.77313
7.11,-0.74858
7.112,-0.72711
7.114,-0.70256
7.116,-0.67802
7.118,-0.65654
7.12,-0.63507
7.122,-0.61359
7.124,-0.59212
7.126,-0.57064
7.128,-0.55223
7.13,-0.53076
7.132,-0.51235
7.134,-0.49394
7.136,-0.47553
7.138,-0.45713
7.14,-0.43872
7.142,-0.42338
7.144,-0.40497
7.146,-0.38963
7.148,-0.37429
7.15,-0.35895
7.152,-0.34361
7.154,-0.32827
7.156,-0.316
7.158,-0.30066
7.16,-0.29146
7.162,-0.27918
7.164,-0.26691
7.166,-0.25464
7.168,-0.24544
7.17,-0.23623
7.172,-0.2301
7.174,-0.22089
7.176,-0.21476
7.178,-0.20862
7.18,-0.20249
7.182,-0.19942
7.184,-0.19328
7.186,-0.19021
7.188,-0.18715
7.19,-0.18715
7.192,-0.18408
7.194,-0.18408
7.196,-0.18408
7.198,-0.18715
7.2,-0.18715
7.202,-0.19021
7.204,-0.19328
7.206,-0.19942
7.208,-0.20555
7.21,-0.20862
7.212,-0.21783
7.214,-0.22396
7.216,-0.2301
7.218,-0.2393
7.22,-0.2485
7.222,-0.25771
7.224,-0.26691
7.226,-0.27918
7.228,-0.28839
7.23,-0.29759
7.232,-0.30986
7.234,-0.32214
7.236,-0.33441
7.238,-0.34668
7.24,-0.35895
7.242,-0.37122
7.244,-0.3835
7.246,-0.39577
7.248,-0.41111
7.25,-0.42645
7.252,-0.43872
7.254,-0.45406
7.256,-0.47247
7.258,-0.48781
7.26,-0.50315
7.262,-0.52155
7.264,-0.53996
7.266,-0.55837
7.268,-0.57678
7.27,-0.59518
7.272,-0.61359
7.274,-0.63507
7.276,-0.65348
7.278,-0.67495
7.28,-0.69643
7.282,-0.72097
7.284,-0.74245
7.286,-0.76392
7.288,-0.78847
7.29,-0.81301
7.292,-0.83755
7.294,-0.8621
7.296,-0.88664
7.298,-0.91118
7.3,-0.9388
7.302,-0.96641
7.304,-0.99402
7.306,-1.0216
7.308,-1.0492
7.31,-1.0799
7.312,-1.1075
7.314,-1.1382
7.316,-1.1689
7.318,-1.2026
7.32,-1.2333
7.322,-1.2671
7.324,-1.3008
7.326,-1.3346
7.328,-1.3683
7.33,-1.4021
7.332,-1.4389
7.334,-1.4757
7.336,-1.5125
7.338,-1.5524
7.34,-1.5923
7.342,-1.6322
7.344,-1.672
7.346,-1.715
7.348,-1.7579
7.35,-1.8009
7.352,-1.8469
7.354,-1.8929
7.356,-1.939
7.358,-1.988
7.36,-2.0371
7.362,-2.0862
7.364,-2.1384
7.366,-2.1905
7.368,-2.2427
7.37,-2.2948
7.372,-2.347
7.374,-2.3991
7.376,-2.4513
7.378,-2.5035
7.38,-2.5525
7.382,-2.6016
7.384,-2.6507
7.386,-2.6998
7.388,-2.7458
7.39,-2.7918
7.392,-2.8379
7.394,-2.8839
7.396,-2.9268
7.398,-2.9698
7.4,-3.0097
7.402,-3.0496
7.404,-3.0894
7.406,-3.1293
7.408,3.114
7.41,3.0772
7.412,3.0403
7.414,3.0035
7.416,2.9667
7.418,2.933
7.42,2.8962
7.422,2.8624
7.424,2.8317
7.426,2.798
7.428,2.7642
7.43,2.7336
7.432,2.7029
7.434,2.6722
7.436,2.6415
7.438,2.6108
7.44,2.5832
7.442,2.5556
7.444,2.528
7.446,2.5004
7.448,2.4728
7.45,2.4452
7.452,2.4206
7.454,2.393
7.456,2.3685
7.458,2.3439
7.46,2.3194
7.462,2.2979
7.464,2.2734
7.466,2.2488
7.468,2.2273
7.47,2.2059
7.472,2.1844
7.474,2.166
7.476,2.1445
7.478,2.1261
7.48,2.1046
7.482,2.0862
7.484,2.0678
7.486,2.0494
7.488,2.0341
7.49,2.0157
7.492,1.9972
7.494,1.9819
7.496,1.9666
7.498,1.9512
7.5,1.939
7.502,1.9236
7.504,1.9083
7.506,1.896
7.508,1.8837
7.51,1.8715
7.512,1.8592
7.514,1.85
7.516,1.8377
7.518,1.8285
7.52,1.8162
7.522,1.807
7.524,1.8009
7.526,1.7917
7.528,1.7825
7.53,1.7763
7.532,1.7702
7.534,1.7641
7.536,1.7579
7.538,1.7518
7.54,1.7487
7.542,1.7426
7.544,1.7395
7.546,1.7365
7.548,1.7334
7.55,1.7303
7.552,1.7303
7.554,1.7303
7.556,1.7273
7.558,1.7273
7.56,1.7273
7.562,1.7273
7.564,1.7303
7.566,1.7303
7.568,1.7334
7.57,1.7365
7.572,1.7395
7.574,1.7457
7.576,1.7487
7.578,1.7518
7.58,1.7579
7.582,1.7641
7.584,1.7702
7.586,1.7794
7.588,1.7856
7.59,1.7917
7.592,1.8009
7.594,1.807
7.596,1.8162
7.598,1.8254
7.6,1.8346
7.602,1.8438
7.604,1.8561
7.606,1.8653
7.608,1.8776
7.61,1.8868
7.612,1.8991
7.614,1.9113
7.616,1.9236
7.618,1.939
7.62,1.9512
7.622,1.9666
7.624,1.9788
7.626,1.9942
7.628,2.0095
7.63,2.0249
7.632,2.0402
7.634,2.0555
7.636,2.0739
7.638,2.0893
7.64,2.1077
7.642,2.1261
7.644,2.1445
7.646,2.1629
7.648,2.1813
7.65,2.1997
7.652,2.2212
7.654,2.2396
7.656,2.2611
7.658,2.2826
7.66,2.304
7.662,2.3286
7.664,2.3501
7.666,2.3715
7.668,2.3961
7.67,2.4206
7.672,2.4452
7.674,2.4697
7.676,2.4973
7.678,2.5219
7.68,2.5495
7.682,2.5771
7.684,2.6047
7.686,2.6323
7.688,2.6599
7.69,2.6906
7.692,2.7182
7.694,2.7489
7.696,2.7796
7.698,2.8133
7.7,2.844
7.702,2.8777
7.704,2.9115
7.706,2.9452
7.708,2.9821
7.71,3.0158
7.712,3.0526
7.714,3.0894
7.716,3.1263
7.718,-3.117
7.72,-3.0772
7.722,-3.0373
7.724,-2.9974
7.726,-2.9544
7.728,-2.9115
7.73,-2.8685
7.732,-2.8225
7.734,-2.7765
7.736,-2.7274
7.738,-2.6783
7.74,-2.6292
7.742,-2.5771
7.744,-2.5249
7.746,-2.4758
7.748,-2.4206
7.75,-2.3654
7.752,-2.3132
7.754,-2.258
7.756,-2.2028
7.758,-2.1506
7.76,-2.0954
7.762,-2.0463
7.764,-1.9942
7.766,-1.9451
7.768,-1.896
7.77,-1.85
7.772,-1.8009
7.774,-1.7549
7.776,-1.7119
7.778,-1.6659
7.78,-1.626
7.782,-1.5861
7.784,-1.5463
7.786,-1.5064
7.788,-1.4696
7.79,-1.4297
7.792,-1.3929
7.794,-1.356
7.796,-1.3223
7.798,-1.2885
7.8,-1.2548
7.802,-1.2241
7.804,-1.1904
7.806,-1.1597
7.808,-1.129
7.81,-1.0983
7.812,-1.0707
7.814,-1.04
7.816,-1.0124
7.818,-0.98482
7.82,-0.9572
7.822,-0.93266
7.824,-0.90505
7.826,-0.88357
7.828,-0.85596
7.83,-0.83142
7.832,-0.80994
7.834,-0.78847
7.836,-0.76699
7.838,-0.74245
7.84,-0.72404
7.842,-0.70256
7.844,-0.68109
7.846,-0.66268
7.848,-0.64427
7.85,-0.62586
7.852,-0.60439
7.854,-0.58905
7.856,-0.57064
7.858,-0.5553
7.86,-0.53689
7.862,-0.52155
7.864,-0.50621
7.866,-0.49087
7.868,-0.4786
7.87,-0.46326
7.872,-0.45099
7.874,-0.43565
7.876,-0.42338
7.878,-0.41111
7.88,-0.39884
7.882,-0.38963
7.884,-0.37736
7.886,-0.36816
7.888,-0.35588
7.89,-0.34668
7.892,-0.33748
7.894,-0.32827
7.896,-0.32214
7.898,-0.316
7.9,-0.3068
7.902,-0.30066
7.904,-0.29759
7.906,-0.29146
7.908,-0.28839
7.91,-0.28532
7.912,-0.28225
7.914,-0.27918
7.916,-0.27918
7.918,-0.27918
7.92,-0.27612
7.922,-0.27612
7.924,-0.27612
7.926,-0.27612
7.928,-0.27918
7.93,-0.28225
7.932,-0.28532
7.934,-0.28839
7.936,-0.29146
7.938,-0.29452
7.94,-0.29759
7.942,-0.30066
7.944,-0.3068
7.946,-0.30986
7.948,-0.316
7.95,-0.32214
7.952,-0.32827
7.954,-0.33441
7.956,-0.34054
7.958,-0.34668
7.96,-0.35282
7.962,-0.35895
7.964,-0.36816
7.966,-0.37736
7.968,-0.3835
7.97,-0.3927
7.972,-0.4019
7.974,-0.41417
7.976,-0.42338
7.978,-0.43258
7.98,-0.44485
7.982,-0.45713
7.984,-0.4694
7.986,-0.48167
7.988,-0.49394
7.99,-0.50928
7.992,-0.52462
7.994,-0.53689
7.996,-0.55223
7.998,-0.56757
8,-0.58291
8.002,-0.60132
8.004,-0.61666
8.006,-0.63507
8.008,-0.65348
8.01,-0.67188
8.012,-0.69029
8.014,-0.7087
8.016,-0.73017
8.018,-0.74858
8.02,-0.77006
8.022,-0.79153
8.024,-0.81301
8.026,-0.83449
8.028,-0.85903
8.03,-0.8805
8.032,-0.90505
8.034,-0.92959
8.036,-0.95414
8.038,-0.97868
8.04,-1.0063
8.042,-1.0308
8.044,-1.0584
8.046,-1.0615
8.048,-1.0615
8.05,-1.0584
8.052,-1.0615
8.054,-1.0584
8.056,-1.0584
8.058,-1.0584
8.06,-1.0615
8.062,-1.0584
8.064,-1.0769
8.066,-1.1106
8.068,-1.1443
8.07,-1.1781
8.072,-1.2149
8.074,-1.2517
8.076,-1.2885
8.078,-1.3254
8.08,-1.3652
8.082,-1.4021
8.084,-1.4419
8.086,-1.4849
8.088,-1.5248
8.09,-1.5677
8.092,-1.6107
8.094,-1.6567
8.096,-1.7027
8.098,-1.7457
8.1,-1.7948
8.102,-1.8408
8.104,-1.8899
8.106,-1.939
8.108,-1.985
8.11,-2.0341
8.112,-2.0862
8.114,-2.1322
8.116,-2.1783
8.118,-2.2273
8.12,-2.2734
8.122,-2.3194
8.124,-2.3623
8.126,-2.4083
8.128,-2.4513
8.13,-2.4912
8.132,-2.5341
8.134,-2.574
8.136,-2.6139
8.138,-2.6507
8.14,-2.6906
8.142,-2.7274
8.144,-2.7642
8.146,-2.798
8.148,-2.8348
8.15,-2.8624
8.152,-2.887
8.154,-2.9146
8.156,-2.9422
8.158,-2.9667
8.16,-2.9943
8.162,-3.0158
8.164,-3.0403
8.166,-3.0618
8.168,-3.0833
8.17,-3.1048
8.172,-3.1263
8.174,3.1355
8.176,3.114
8.178,3.0956
8.18,3.0772
8.182,3.0588
8.184,3.0403
8.186,3.0219
8.188,3.0035
8.19,2.9851
8.192,2.9698
8.194,2.9544
8.196,2.9391
8.198,2.9238
8.2,2.9084
8.202,2.8962
8.204,2.8808
8.206,2.8685
8.208,2.8563
8.21,2.844
8.212,2.8317
8.214,2.8195
8.216,2.8103
8.218,2.798
8.22,2.7888
8.222,2.7796
8.224,2.7704
8.226,2.7612
8.228,2.755
8.23,2.7458
8.232,2.7397
8.234,2.7336
8.236,2.7274
8.238,2.7213
8.24,2.7182
8.242,2.7121
8.244,2.709
8.246,2.7059
8.248,2.7029
8.25,2.6998
8.252,2.6967
8.254,2.6967
8.256,2.6937
8.258,2.6937
8.26,2.6937
8.262,2.6937
8.264,2.6937
8.266,2.6937
8.268,2.6967
8.27,2.6998
8.272,2.7029
8.274,2.7059
8.276,2.709
8.278,2.7121
8.28,2.7182
8.282,2.7243
8.284,2.7305
8.286,2.7366
8.288,2.7428
8.29,2.7489
8.292,2.7581
8.294,2.7673
8.296,2.7734
8.298,2.7826
8.3,2.7949
8.302,2.8041
8.304,2.8133
8.306,2.8256
8.308,2.8379
8.31,2.8501
8.312,2.8624
8.314,2.8747
8.316,2.887
8.318,2.9023
8.32,2.9176
8.322,2.933
8.324,2.9483
8.326,2.9637
8.328,2.979
8.33,2.9974
8.332,3.0158
8.334,3.0342
8.336,3.0526
8.338,3.071
8.34,3.0925
8.342,3.1109
8.344,3.1324
8.346,-3.1293
8.348,-3.1078
8.35,-3.0833
8.352,-3.0618
8.354,-3.0373
8.356,-3.0127
8.358,-2.9882
8.36,-2.9606
8.362,-2.936
8.364,-2.9084
8.366,-2.8808
8.368,-2.8532
8.37,-2.8225
8.372,-2.7949
8.374,-2.7642
8.376,-2.7336
8.378,-2.6998
8.38,-2.6661
8.382,-2.6354
8.384,-2.5986
8.386,-2.5648
8.388,-2.528
8.39,-2.4912
8.392,-2.4513
8.394,-2.4145
8.396,-2.3746
8.398,-2.3317
8.4,-2.2918
8.402,-2.2488
8.404,-2.2028
8.406,-2.1598
8.408,-2.1138
8.41,-2.0709
8.412,-2.0249
8.414,-1.9788
8.416,-1.9328
8.418,-1.8868
8.42,-1.8408
8.422,-1.7948
8.424,-1.7518
8.426,-1.7089
8.428,-1.6628
8.43,-1.623
8.432,-1.58
8.434,-1.5401
8.436,-1.5002
8.438,-1.4634
8.44,-1.4235
8.442,-1.3867
8.444,-1.353
8.446,-1.3162
8.448,-1.2824
8.45,-1.2487
8.452,-1.2149
8.454,-1.1842
8.456,-1.1536
8.458,-1.1229
8.46,-1.0922
8.462,-1.0615
8.464,-1.0339
8.466,-1.0063
8.468,-0.97868
8.47,-0.95107
8.472,-0.92346
8.474,-0.89891
8.476,-0.87437
8.478,-0.84983
8.48,-0.82528
8.482,-0.80074
8.484,-0.77926
8.486,-0.75472
8.488,-0.73324
8.49,-0.71177
8.492,-0.69029
8.494,-0.67188
8.496,-0.65041
8.498,-0.632
8.5,-0.61359
8.502,-0.59518
8.504,-0.57678
8.506,-0.55837
8.508,-0.54303
8.51,-0.52462
8.512,-0.50928
8.514,-0.49394
8.516,-0.4786
8.518,-0.46326
8.52,-0.45099
8.522,-0.43872
8.524,-0.42645
8.526,-0.41111
8.528,-0.4019
8.53,-0.38963
8.532,-0.37736
8.534,-0.36509
8.536,-0.35588
8.538,-0.34668
8.54,-0.33748
8.542,-0.32827
8.544,-0.31907
8.546,-0.31293
8.548,-0.3068
8.55,-0.30066
8.552,-0.29452
8.554,-0.28839
8.556,-0.28225
8.558,-0.27918
8.56,-0.27612
8.562,-0.27305
8.564,-0.26998
8.566,-0.26691
8.568,-0.26384
8.57,-0.26384
8.572,-0.26384
8.574,-0.26078
8.576,-0.26078
8.578,-0.26078
8.58,-0.26384
8.582,-0.26384
8.584,-0.26691
8.586,-0.26998
8.588,-0.26998
8.59,-0.27305
8.592,-0.27918
8.594,-0.28225
8.596,-0.28532
8.598,-0.29146
8.6,-0.29759
8.602,-0.30066
8.604,-0.3068
8.606,-0.316
8.608,-0.32214
8.61,-0.32827
8.612,-0.33748
8.614,-0.34668
8.616,-0.35282
8.618,-0.36202
8.62,-0.37122
8.622,-0.3835
8.624,-0.3927
8.626,-0.40497
8.628,-0.41724
8.63,-0.42951
8.632,-0.44179
8.634,-0.45406
8.636,-0.46633
8.638,-0.48167
8.64,-0.49394
8.642,-0.50928
8.644,-0.52462
8.646,-0.54303
8.648,-0.55837
8.65,-0.57371
8.652,-0.59212
8.654,-0.61052
8.656,-0.62893
8.658,-0.64734
8.66,-0.66575
8.662,-0.68722
8.664,-0.70563
8.666,-0.72711
8.668,-0.74858
8.67,-0.77006
8.672,-0.7946
8.674,-0.81608
8.676,-0.84062
8.678,-0.8621
8.68,-0.88664
8.682,-0.91118
8.684,-0.9388
8.686,-0.96334
8.688,-0.99095
8.69,-1.0186
8.692,-1.0462
8.694,-1.0738
8.696,-1.1014
8.698,-1.129
8.7,-1.1597
8.702,-1.1904
8.704,-1.221
8.706,-1.2517
8.708,-1.2855
8.71,-1.3162
8.712,-1.353
8.714,-1.3867
8.716,-1.4205
8.718,-1.4573
8.72,-1.491
8.722,-1.5278
8.724,-1.5647
8.726,-1.6045
8.728,-1.6414
8.73,-1.6812
8.732,-1.7211
8.734,-1.7641
8.736,-1.804
8.738,-1.8438
8.74,-1.8868
8.742,-1.9297
8.744,-1.9727
8.746,-2.0157
8.748,-2.0586
8.75,-2.0985
8.752,-2.1414
8.754,-2.1844
8.756,-2.2243
8.758,-2.2672
8.76,-2.3071
8.762,-2.347
8.764,-2.3838
8.766,-2.4206
8.768,-2.4574
8.77,-2.4943
8.772,-2.5311
8.774,-2.5648
8.776,-2.6016
8.778,-2.6354
8.78,-2.6661
8.782,-2.6998
8.784,-2.7305
8.786,-2.7612
8.788,-2.7918
8.79,-2.8225
8.792,-2.8501
8.794,-2.8808
8.796,-2.9084
8.798,-2.936
8.8,-2.9606
8.802,-2.9882
8.804,-3.0127
8.806,-3.0403
8.808,-3.0649
8.81,-3.0894
8.812,-3.1109
8.814,-3.1355
8.816,3.1263
8.818,3.1048
8.82,3.0833
8.822,3.0618
8.824,3.0403
8.826,3.0189
8.828,3.0005
8.83,2.9821
8.832,2.9637
8.834,2.9452
8.836,2.9268
8.838,2.9084
8.84,2.8931
8.842,2.8747
8.844,2.8593
8.846,2.844
8.848,2.8317
8.85,2.8164
8.852,2.801
8.854,2.7888
8.856,2.7765
8.858,2.7642
8.86,2.752
8.862,2.7397
8.864,2.7274
8.866,2.7182
8.868,2.709
8.87,2.6998
8.872,2.6906
8.874,2.6814
8.876,2.6722
8.878,2.6661
8.88,2.6599
8.882,2.6507
8.884,2.6477
8.886,2.6415
8.888,2.6354
8.89,2.6292
8.892,2.6262
8.894,2.6231
8.896,2.62
8.898,2.617
8.9,2.6139
8.902,2.6139
8.904,2.6108
8.906,2.6108
8.908,2.6108
8.91,2.6108
8.912,2.6108
8.914,2.6139
8.916,2.6139
8.918,2.617
8.92,2.62
8.922,2.6231
8.924,2.6262
8.926,2.6323
8.928,2.6354
8.93,2.6415
8.932,2.6477
8.934,2.6538
8.936,2.6599
8.938,2.6691
8.94,2.6753
8.942,2.6845
8.944,2.6937
8.946,2.7029
8.948,2.7121
8.95,2.7213
8.952,2.7336
8.954,2.7428
8.956,2.755
8.958,2.7673
8.96,2.7796
8.962,2.7949
8.964,2.8072
8.966,2.8225
8.968,2.8348
8.97,2.8501
8.972,2.8655
8.974,2.8839
8.976,2.8992
8.978,2.9176
8.98,2.933
8.982,2.9514
8.984,2.9698
8.986,2.9913
8.988,3.0097
8.99,3.0311
8.992,3.0526
8.994,3.0741
8.996,3.0956
8.998,3.117
9,-3.1416
9.002,-3.1201
9.004,-3.0956
9.006,-3.068
9.008,-3.0434
9.01,-3.0158
9.012,-2.9882
9.014,-2.9606
9.016,-2.933
9.018,-2.9054
9.02,-2.8747
9.022,-2.844
9.024,-2.8133
9.026,-2.7796
9.028,-2.7458
9.03,-2.7121
9.032,-2.6783
9.034,-2.6415
9.036,-2.6047
9.038,-2.5679
9.04,-2.528
9.042,-2.4881
9.044,-2.4482
9.046,-2.4053
9.048,-2.3623
9.05,-2.3194
9.052,-2.2734
9.054,-2.2273
9.056,-2.1813
9.058,-2.1353
9.06,-2.0862
9.062,-2.0371
9.064,-1.988
9.066,-1.939
9.068,-1.8899
9.07,-1.8438
9.072,-1.7948
9.074,-1.7487
9.076,-1.7027
9.078,-1.6567
9.08,-1.6107
9.082,-1.5677
9.084,-1.5248
9.086,-1.4818
9.088,-1.4419
9.09,-1.4021
9.092,-1.3622
9.094,-1.3254
9.096,-1.2885
9.098,-1.2517
9.1,-1.2149
9.102,-1.1812
9.104,-1.1474
9.106,-1.1137
9.108,-1.083
9.11,-1.0492
9.112,-1.0186
9.114,-0.98788
9.116,-0.9572
9.118,-0.92959
9.12,-0.89891
9.122,-0.8713
9.124,-0.84676
9.126,-0.81915
9.128,-0.79153
9.13,-0.76699
9.132,-0.73938
9.134,-0.71484
9.136,-0.69336
9.138,-0.66882
9.14,-0.64734
9.142,-0.6228
9.144,-0.60132
9.146,-0.57984
9.148,-0.55837
9.15,-0.53689
9.152,-0.51849
9.154,-0.49701
9.156,-0.4786
9.158,-0.46019
9.16,-0.44179
9.162,-0.42645
9.164,-0.40804
9.166,-0.3927
9.168,-0.37429
9.17,-0.35895
9.172,-0.34361
9.174,-0.32827
9.176,-0.316
9.178,-0.30066
9.18,-0.28839
9.182,-0.27612
9.184,-0.26384
9.186,-0.25157
9.188,-0.24237
9.19,-0.2301
9.192,-0.22089
9.194,-0.21169
9.196,-0.20555
9.198,-0.19635
9.2,-0.18715
9.202,-0.18101
9.204,-0.17487
9.206,-0.16874
9.208,-0.16567
9.21,-0.1626
9.212,-0.15647
9.214,-0.1534
9.216,-0.15033
9.218,-0.15033
9.22,-0.14726
9.222,-0.14726
9.224,-0.14726
9.226,-0.14726
9.228,-0.14726
9.23,-0.15033
9.232,-0.1534
9.234,-0.15647
9.236,-0.15953
9.238,-0.1626
9.24,-0.16874
9.242,-0.17181
9.244,-0.17794
9.246,-0.18715
9.248,-0.19328
9.25,-0.19942
9.252,-0.20862
9.254,-0.21476
9.256,-0.22396
9.258,-0.23317
9.26,-0.24237
9.262,-0.25157
9.264,-0.26078
9.266,-0.27305
9.268,-0.28225
9.27,-0.29452
9.272,-0.3068
9.274,-0.31907
9.276,-0.33134
9.278,-0.34361
9.28,-0.35895
9.282,-0.37122
9.284,-0.38656
9.286,-0.4019
9.288,-0.41724
9.29,-0.43258
9.292,-0.44792
9.294,-0.46633
9.296,-0.48167
9.298,-0.50008
9.3,-0.51849
9.302,-0.53689
9.304,-0.5553
9.306,-0.57678
9.308,-0.59825
9.31,-0.61666
9.312,-0.63814
9.314,-0.65961
9.316,-0.68416
9.318,-0.70563
9.32,-0.73017
9.322,-0.75165
9.324,-0.77926
9.326,-0.80381
9.328,-0.82835
9.33,-0.85289
9.332,-0.8805
9.334,-0.90812
9.336,-0.93573
9.338,-0.96334
9.34,-0.99095
9.342,-1.0216
9.344,-1.0523
9.346,-1.083
9.348,-1.1137
9.35,-1.1443
9.352,-1.1781
9.354,-1.2118
9.356,-1.2456
9.358,-1.2793
9.36,-1.3162
9.362,-1.353
9.364,-1.3867
9.366,-1.4266
9.368,-1.4634
9.37,-1.5033
9.372,-1.5432
9.374,-1.5831
9.376,-1.626
9.378,-1.669
9.38,-1.7119
9.382,-1.7549
9.384,-1.8009
9.386,-1.8438
9.388,-1.8899
9.39,-1.939
9.392,-1.985
9.394,-2.031
9.396,-2.077
9.398,-2.123
9.4,-2.169
9.402,-2.2151
9.404,-2.258
9.406,-2.304
9.408,-2.347
9.41,-2.3899
9.412,-2.4298
9.414,-2.4728
9.416,-2.5127
9.418,-2.5525
9.42,-2.5894
9.422,-2.6292
9.424,-2.663
9.426,-2.6998
9.428,-2.7366
9.43,-2.7704
9.432,-2.8041
9.434,-2.8379
9.436,-2.8716
9.438,-2.9023
9.44,-2.936
9.442,-2.9667
9.444,-2.9974
9.446,-3.025
9.448,-3.0557
9.45,-3.0833
9.452,-3.1109
9.454,-3.1385
9.456,3.117
9.458,3.0894
9.46,3.0649
9.462,3.0403
9.464,3.0158
9.466,2.9913
9.468,2.9667
9.47,2.9422
9.472,2.9207
9.474,2.8992
9.476,2.8747
9.478,2.8563
9.48,2.8348
9.482,2.8133
9.484,2.7949
9.486,2.7734
9.488,2.755
9.49,2.7366
9.492,2.7182
9.494,2.7029
9.496,2.6845
9.498,2.6691
9.5,2.6538
9.502,2.6384
9.504,2.6231
9.506,2.6078
9.508,2.5924
9.51,2.5802
9.512,2.5679
9.514,2.5556
9.516,2.5433
9.518,2.5311
9.52,2.5188
9.522,2.5096
9.524,2.5004
9.526,2.4881
9.528,2.4789
9.53,2.4728
9.532,2.4636
9.534,2.4574
9.536,2.4482
9.538,2.4421
9.54,2.436
9.542,2.4298
9.544,2.4268
9.546,2.4206
9.548,2.4176
9.55,2.4145
9.552,2.4114
9.554,2.4083
9.556,2.4053
9.558,2.4053
9.56,2.4022
9.562,2.4022
9.564,2.4022
9.566,2.4022
9.568,2.4022
9.57,2.4053
9.572,2.4053
9.574,2.4083
9.576,2.4114
9.578,2.4145
9.58,2.4176
9.582,2.4237
9.584,2.4268
9.586,2.4329
9.588,2.4421
9.59,2.4482
9.592,2.4544
9.594,2.4605
9.596,2.4697
9.598,2.4758
9.6,2.485
9.602,2.4943
9.604,2.5035
9.606,2.5127
9.608,2.5249
9.61,2.5341
9.612,2.5464
9.614,2.5587
9.616,2.571
9.618,2.5832
9.62,2.5955
9.622,2.6108
9.624,2.6231
9.626,2.6384
9.628,2.6538
9.63,2.6691
9.632,2.6845
9.634,2.7029
9.636,2.7182
9.638,2.7366
9.64,2.752
9.642,2.7734
9.644,2.7918
9.646,2.8103
9.648,2.8317
9.65,2.8501
9.652,2.8716
9.654,2.8931
9.656,2.9146
9.658,2.936
9.66,2.9606
9.662,2.9851
9.664,3.0066
9.666,3.0311
9.668,3.0588
9.67,3.0833
9.672,3.1109
9.674,3.1355
9.676,-3.1201
9.678,-3.0894
9.68,-3.0618
9.682,-3.0311
9.684,-3.0035
9.686,-2.9698
9.688,-2.9391
9.69,-2.9084
9.692,-2.8747
9.694,-2.8409
9.696,-2.8072
9.698,-2.7704
9.7,-2.7366
9.702,-2.6967
9.704,-2.6599
9.706,-2.6231
9.708,-2.5832
9.71,-2.5403
9.712,-2.5004
9.714,-2.4574
9.716,-2.4114
9.718,-2.3685
9.72,-2.3224
9.722,-2.2764
9.724,-2.2273
9.726,-2.1783
9.728,-2.1292
9.73,-2.0801
9.732,-2.031
9.734,-1.9819
9.736,-1.9297
9.738,-1.8807
9.74,-1.8316
9.742,-1.7825
9.744,-1.7365
9.746,-1.6874
9.748,-1.6414
9.75,-1.5984
9.752,-1.5524
9.754,-1.5094
9.756,-1.4665
9.758,-1.4266
9.76,-1.3867
9.762,-1.3468
9.764,-1.31
9.766,-1.2732
9.768,-1.2333
9.77,-1.1996
9.772,-1.1628
9.774,-1.129
9.776,-1.0953
9.778,-1.0646
9.78,-1.0308
9.782,-1.0002
9.784,-0.96948
9.786,-0.9388
9.788,-0.90812
9.79,-0.8805
9.792,-0.84983
9.794,-0.82221
9.796,-0.7946
9.798,-0.77006
9.8,-0.74245
9.802,-0.7179
9.804,-0.69336
9.806,-0.66882
9.808,-0.64427
9.81,-0.61973
9.812,-0.59825
9.814,-0.57371
9.816,-0.55223
9.818,-0.53076
9.82,-0.51235
9.822,-0.49087
9.824,-0.4694
9.826,-0.45099
9.828,-0.43258
9.83,-0.41417
9.832,-0.39577
9.834,-0.38043
9.836,-0.36202
9.838,-0.34668
9.84,-0.32827
9.842,-0.31293
9.844,-0.29759
9.846,-0.28532
9.848,-0.26998
9.85,-0.25771
9.852,-0.24237
9.854,-0.2301
9.856,-0.22089
9.858,-0.20862
9.86,-0.19942
9.862,-0.19021
9.864,-0.18101
9.866,-0.17181
9.868,-0.1626
9.87,-0.15647
9.872,-0.14726
9.874,-0.14113
9.876,-0.13806
9.878,-0.13192
9.88,-0.12885
9.882,-0.12579
9.884,-0.12272
9.886,-0.11965
9.888,-0.11965
9.89,-0.11965
9.892,-0.11658
9.894,-0.11658
9.896,-0.11965
9.898,-0.12272
9.9,-0.12579
9.902,-0.12885
9.904,-0.13192
9.906,-0.13806
9.908,-0.14113
9.91,-0.15033
9.912,-0.15647
9.914,-0.1626
9.916,-0.17181
9.918,-0.18101
9.92,-0.19021
9.922,-0.20249
9.924,-0.21169
9.926,-0.22396
9.928,-0.23623
9.93,-0.25157
9.932,-0.26384
9.934,-0.27612
9.936,-0.29146
9.938,-0.3068
9.94,-0.32214
9.942,-0.33748
9.944,-0.35282
9.946,-0.37122
9.948,-0.38656
9.95,-0.40497
9.952,-0.42338
9.954,-0.44179
9.956,-0.46019
9.958,-0.4786
9.96,-0.50008
9.962,-0.51849
9.964,-0.53996
9.966,-0.56144
9.968,-0.58598
9.97,-0.60746
9.972,-0.62893
9.974,-0.65348
9.976,-0.67802
9.978,-0.6995
9.98,-0.72404
9.982,-0.74858
9.984,-0.77619
9.986,-0.80074
9.988,-0.82835
9.99,-0.85596
9.992,-0.88357
9.994,-0.91118
9.996,-0.9388
9.998,-0.96641
10,-0.99709
