0,-0.42031
0.002,-0.42031
0.004,-0.42031
0.006,-0.42031
0.008,-0.42031
0.01,-0.42031
0.012,-0.42031
0.014,-0.42338
0.016,-0.42338
0.018,-0.42645
0.02,-0.42951
0.022,-0.42951
0.024,-0.43258
0.026,-0.43565
0.028,-0.43872
0.03,-0.44179
0.032,-0.44485
0.034,-0.44792
0.036,-0.45406
0.038,-0.45713
0.04,-0.46019
0.042,-0.46633
0.044,-0.4694
0.046,-0.47553
0.048,-0.4786
0.05,-0.48474
0.052,-0.49087
0.054,-0.49701
0.056,-0.50315
0.058,-0.50621
0.06,-0.51542
0.062,-0.52155
0.064,-0.52769
0.066,-0.53383
0.068,-0.53996
0.07,-0.54917
0.072,-0.5553
0.074,-0.56144
0.076,-0.56757
0.078,-0.57678
0.08,-0.58598
0.082,-0.59212
0.084,-0.60132
0.086,-0.60746
0.088,-0.61666
0.09,-0.6228
0.092,-0.632
0.094,-0.6412
0.096,-0.65041
0.098,-0.65654
0.1,-0.66575
0.102,-0.67495
0.104,-0.68416
0.106,-0.69029
0.108,-0.6995
0.11,-0.7087
0.112,-0.7179
0.114,-0.72711
0.116,-0.73631
0.118,-0.74551
0.12,-0.75472
0.122,-0.76392
0.124,-0.77313
0.126,-0.78233
0.128,-0.79153
0.13,-0.80074
0.132,-0.80994
0.134,-0.82221
0.136,-0.83142
0.138,-0.83755
0.14,-0.84983
0.142,-0.85903
0.144,-0.86823
0.146,-0.87744
0.148,-0.88664
0.15,-0.89584
0.152,-0.90812
0.154,-0.91732
0.156,-0.92346
0.158,-0.93573
0.16,-0.94493
0.162,-0.95414
0.164,-0.96334
0.166,-0.97254
0.168,-0.98482
0.17,-0.99402
0.172,-1.0032
0.174,-1.0124
0.176,-1.0216
0.178,-1.0308
0.18,-1.0431
0.182,-1.0523
0.184,-1.0615
0.186,-1.0707
0.188,-1.0799
0.19,-1.0922
0.192,-1.1014
0.194,-1.1106
0.196,-1.1198
0.198,-1.129
0.2,-1.1382
0.202,-1.1505
0.204,-1.1597
0.206,-1.1689
0.208,-1.1781
0.21,-1.1904
0.212,-1.1996
0.214,-1.2088
0.216,-1.218
0.218,-1.2272
0.22,-1.2395
0.222,-1.2487
0.224,-1.2579
0.226,-1.2671
0.228,-1.2763
0.23,-1.2885
0.232,-1.2947
0.234,-1.3039
0.236,-1.3131
0.238,-1.3223
0.24,-1.3284
0.242,-1.3376
0.244,-1.3438
0.246,-1.3499
0.248,-1.3591
0.25,-1.3652
0.252,-1.3714
0.254,-1.3744
0.256,-1.3806
0.258,-1.3867
0.26,-1.3898
0.262,-1.3929
0.264,-1.3959
0.266,-1.399
0.268,-1.4021
0.27,-1.4051
0.272,-1.4082
0.274,-1.4082
0.276,-1.4113
0.278,-1.4113
0.28,-1.4113
0.282,-1.4113
0.284,-1.4113
0.286,-1.4113
0.288,-1.4082
0.29,-1.4082
0.292,-1.4051
0.294,-1.4021
0.296,-1.399
0.298,-1.3959
0.3,-1.3929
0.302,-1.3898
0.304,-1.3837
0.306,-1.3806
0.308,-1.3744
0.31,-1.3714
0.312,-1.3652
0.314,-1.3622
0.316,-1.356
0.318,-1.3499
0.32,-1.3438
0.322,-1.3376
0.324,-1.3315
0.326,-1.3254
0.328,-1.3223
0.33,-1.3162
0.332,-1.31
0.334,-1.3039
0.336,-1.2977
0.338,-1.2916
0.34,-1.2885
0.342,-1.2793
0.344,-1.2763
0.346,-1.2701
0.348,-1.264
0.35,-1.2609
0.352,-1.2548
0.354,-1.2517
0.356,-1.2456
0.358,-1.2395
0.36,-1.2364
0.362,-1.2303
0.364,-1.2272
0.366,-1.221
0.368,-1.218
0.37,-1.2149
0.372,-1.2088
0.374,-1.2057
0.376,-1.2026
0.378,-1.1965
0.38,-1.1934
0.382,-1.1904
0.384,-1.1873
0.386,-1.1812
0.388,-1.1781
0.39,-1.175
0.392,-1.172
0.394,-1.1689
0.396,-1.1658
0.398,-1.1628
0.4,-1.1597
0.402,-1.1566
0.404,-1.1566
0.406,-1.1536
0.408,-1.1505
0.41,-1.1474
0.412,-1.1474
0.414,-1.1443
0.416,-1.1443
0.418,-1.1413
0.42,-1.1413
0.422,-1.1382
0.424,-1.1382
0.426,-1.1382
0.428,-1.1351
0.43,-1.1351
0.432,-1.1351
0.434,-1.1351
0.436,-1.1351
0.438,-1.1351
0.44,-1.1351
0.442,-1.1351
0.444,-1.1351
0.446,-1.1351
0.448,-1.1351
0.45,-1.1351
0.452,-1.1382
0.454,-1.1382
0.456,-1.1413
0.458,-1.1413
0.46,-1.1413
0.462,-1.1443
0.464,-1.1443
0.466,-1.1474
0.468,-1.1505
0.47,-1.1536
0.472,-1.1566
0.474,-1.1597
0.476,-1.1628
0.478,-1.1658
0.48,-1.1689
0.482,-1.175
0.484,-1.1781
0.486,-1.1842
0.488,-1.1904
0.49,-1.1934
0.492,-1.1996
0.494,-1.2057
0.496,-1.2118
0.498,-1.218
0.5,-1.2272
0.502,-1.2333
0.504,-1.2395
0.506,-1.2487
0.508,-1.2579
0.51,-1.2671
0.512,-1.2763
0.514,-1.2855
0.516,-1.2947
0.518,-1.307
0.52,-1.3162
0.522,-1.3284
0.524,-1.3407
0.526,-1.353
0.528,-1.3652
0.53,-1.3806
0.532,-1.3929
0.534,-1.4082
0.536,-1.4235
0.538,-1.4389
0.54,-1.4542
0.542,-1.4696
0.544,-1.488
0.546,-1.5033
0.548,-1.5217
0.55,-1.537
0.552,-1.5555
0.554,-1.5739
0.556,-1.5923
0.558,-1.6107
0.56,-1.6291
0.562,-1.6475
0.564,-1.6659
0.566,-1.6812
0.568,-1.6997
0.57,-1.7181
0.572,-1.7334
0.574,-1.7518
0.576,-1.7671
0.578,-1.7825
0.58,-1.8009
0.582,-1.8162
0.584,-1.8285
0.586,-1.8438
0.588,-1.8592
0.59,-1.8715
0.592,-1.8868
0.594,-1.8991
0.596,-1.9113
0.598,-1.9236
0.6,-1.9359
0.602,-1.9482
0.604,-1.9574
0.606,-1.9696
0.608,-1.9788
0.61,-1.9911
0.612,-2.0003
0.614,-2.0095
0.616,-2.0187
0.618,-2.0279
0.62,-2.0371
0.622,-2.0463
0.624,-2.0525
0.626,-2.0617
0.628,-2.0709
0.63,-2.077
0.632,-2.0862
0.634,-2.0923
0.636,-2.0985
0.638,-2.1077
0.64,-2.1138
0.642,-2.12
0.644,-2.1261
0.646,-2.1322
0.648,-2.1384
0.65,-2.1476
0.652,-2.1506
0.654,-2.1568
0.656,-2.1629
0.658,-2.169
0.66,-2.1752
0.662,-2.1813
0.664,-2.1844
0.666,-2.1905
0.668,-2.1967
0.67,-2.1997
0.672,-2.2059
0.674,-2.2089
0.676,-2.2151
0.678,-2.2212
0.68,-2.2243
0.682,-2.2304
0.684,-2.2335
0.686,-2.2365
0.688,-2.2427
0.69,-2.2457
0.692,-2.2519
0.694,-2.255
0.696,-2.258
0.698,-2.2611
0.7,-2.2672
0.702,-2.2703
0.704,-2.2734
0.706,-2.2795
0.708,-2.2826
0.71,-2.2856
0.712,-2.2887
0.714,-2.2918
0.716,-2.2948
0.718,-2.2979
0.72,-2.301
0.722,-2.304
0.724,-2.304
0.726,-2.3071
0.728,-2.3102
0.73,-2.3102
0.732,-2.3102
0.734,-2.3132
0.736,-2.3132
0.738,-2.3132
0.74,-2.3163
0.742,-2.3163
0.744,-2.3163
0.746,-2.3132
0.748,-2.3132
0.75,-2.3132
0.752,-2.3102
0.754,-2.3102
0.756,-2.3071
0.758,-2.304
0.76,-2.301
0.762,-2.2979
0.764,-2.2948
0.766,-2.2887
0.768,-2.2856
0.77,-2.2795
0.772,-2.2734
0.774,-2.2672
0.776,-2.2611
0.778,-2.255
0.78,-2.2457
0.782,-2.2365
0.784,-2.2304
0.786,-2.2212
0.788,-2.2089
0.79,-2.1997
0.792,-2.1875
0.794,-2.1752
0.796,-2.1629
0.798,-2.1476
0.8,-2.1353
0.802,-2.12
0.804,-2.1046
0.806,-2.0893
0.808,-2.0709
0.81,-2.0525
0.812,-2.0371
0.814,-2.0187
0.816,-2.0003
0.818,-1.9819
0.82,-1.9635
0.822,-1.942
0.824,-1.9236
0.826,-1.9052
0.828,-1.8868
0.83,-1.8684
0.832,-1.85
0.834,-1.8346
0.836,-1.8162
0.838,-1.8009
0.84,-1.7825
0.842,-1.7671
0.844,-1.7518
0.846,-1.7395
0.848,-1.7242
0.85,-1.7089
0.852,-1.6966
0.854,-1.6843
0.856,-1.6751
0.858,-1.6628
0.86,-1.6506
0.862,-1.6414
0.864,-1.6322
0.866,-1.623
0.868,-1.6107
0.87,-1.6045
0.872,-1.5953
0.874,-1.5861
0.876,-1.58
0.878,-1.5708
0.88,-1.5616
0.882,-1.5555
0.884,-1.5493
0.886,-1.5401
0.888,-1.534
0.89,-1.5278
0.892,-1.5217
0.894,-1.5125
0.896,-1.5094
0.898,-1.5002
0.9,-1.4972
0.902,-1.488
0.904,-1.4849
0.906,-1.4757
0.908,-1.4726
0.91,-1.4665
0.912,-1.4603
0.914,-1.4542
0.916,-1.4481
0.918,-1.4419
0.92,-1.4358
0.922,-1.4327
0.924,-1.4266
0.926,-1.4205
0.928,-1.4143
0.93,-1.4082
0.932,-1.4021
0.934,-1.3959
0.936,-1.3898
0.938,-1.3867
0.94,-1.3775
0.942,-1.3744
0.944,-1.3683
0.946,-1.3622
0.948,-1.356
0.95,-1.3499
0.952,-1.3438
0.954,-1.3376
0.956,-1.3315
0.958,-1.3254
0.96,-1.3192
0.962,-1.3131
0.964,-1.307
0.966,-1.3008
0.968,-1.2916
0.97,-1.2855
0.972,-1.2793
0.974,-1.2732
0.976,-1.2671
0.978,-1.2579
0.98,-1.2517
0.982,-1.2456
0.984,-1.2395
0.986,-1.2303
0.988,-1.2241
0.99,-1.2149
0.992,-1.2088
0.994,-1.2026
0.996,-1.1934
0.998,-1.1873
1,-1.1812
1.002,-1.172
1.004,-1.1658
1.006,-1.1597
1.008,-1.1536
1.01,-1.1443
1.012,-1.1413
1.014,-1.1321
1.016,-1.129
1.018,-1.1198
1.02,-1.1167
1.022,-1.1106
1.024,-1.1045
1.026,-1.1014
1.028,-1.0953
1.03,-1.0922
1.032,-1.0861
1.034,-1.083
1.036,-1.0769
1.038,-1.0738
1.04,-1.0707
1.042,-1.0646
1.044,-1.0584
1.046,-1.0554
1.048,-1.0523
1.05,-1.0462
1.052,-1.0431
1.054,-1.04
1.056,-1.037
1.058,-1.0339
1.06,-1.0308
1.062,-1.0278
1.064,-1.0278
1.066,-1.0247
1.068,-1.0216
1.07,-1.0216
1.072,-1.0216
1.074,-1.0216
1.076,-1.0216
1.078,-1.0216
1.08,-1.0216
1.082,-1.0216
1.084,-1.0216
1.086,-1.0247
1.088,-1.0278
1.09,-1.0308
1.092,-1.0339
1.094,-1.04
1.096,-1.0431
1.098,-1.0492
1.1,-1.0554
1.102,-1.0615
1.104,-1.0677
1.106,-1.0769
1.108,-1.083
1.11,-1.0953
1.112,-1.1045
1.114,-1.1137
1.116,-1.1259
1.118,-1.1382
1.12,-1.1505
1.122,-1.1658
1.124,-1.1781
1.126,-1.1934
1.128,-1.2057
1.13,-1.221
1.132,-1.2364
1.134,-1.2517
1.136,-1.2671
1.138,-1.2824
1.14,-1.2947
1.142,-1.31
1.144,-1.3223
1.146,-1.3346
1.148,-1.3468
1.15,-1.3591
1.152,-1.3714
1.154,-1.3806
1.156,-1.3898
1.158,-1.399
1.16,-1.4051
1.162,-1.4143
1.164,-1.4205
1.166,-1.4266
1.168,-1.4327
1.17,-1.4358
1.172,-1.4419
1.174,-1.445
1.176,-1.4481
1.178,-1.4511
1.18,-1.4542
1.182,-1.4573
1.184,-1.4603
1.186,-1.4603
1.188,-1.4634
1.19,-1.4634
1.192,-1.4634
1.194,-1.4634
1.196,-1.4634
1.198,-1.4634
1.2,-1.4634
1.202,-1.4634
1.204,-1.4634
1.206,-1.4634
1.208,-1.4603
1.21,-1.4603
1.212,-1.4603
1.214,-1.4573
1.216,-1.4542
1.218,-1.4542
1.22,-1.4511
1.222,-1.4481
1.224,-1.4481
1.226,-1.445
1.228,-1.4419
1.23,-1.4389
1.232,-1.4358
1.234,-1.4327
1.236,-1.4297
1.238,-1.4266
1.24,-1.4235
1.242,-1.4235
1.244,-1.4174
1.246,-1.4143
1.248,-1.4113
1.25,-1.4082
1.252,-1.4051
1.254,-1.4021
1.256,-1.399
1.258,-1.3959
1.26,-1.3929
1.262,-1.3898
1.264,-1.3867
1.266,-1.3806
1.268,-1.3775
1.27,-1.3744
1.272,-1.3714
1.274,-1.3652
1.276,-1.3622
1.278,-1.3591
1.28,-1.356
1.282,-1.353
1.284,-1.3499
1.286,-1.3438
1.288,-1.3407
1.29,-1.3376
1.292,-1.3346
1.294,-1.3284
1.296,-1.3254
1.298,-1.3223
1.3,-1.3192
1.302,-1.3131
1.304,-1.31
1.306,-1.307
1.308,-1.3039
1.31,-1.2977
1.312,-1.2947
1.314,-1.2916
1.316,-1.2885
1.318,-1.2824
1.32,-1.2793
1.322,-1.2732
1.324,-1.2701
1.326,-1.264
1.328,-1.2609
1.33,-1.2548
1.332,-1.2517
1.334,-1.2487
1.336,-1.2425
1.338,-1.2364
1.34,-1.2333
1.342,-1.2272
1.344,-1.221
1.346,-1.2149
1.348,-1.2118
1.35,-1.2057
1.352,-1.1996
1.354,-1.1934
1.356,-1.1873
1.358,-1.1812
1.36,-1.175
1.362,-1.1689
1.364,-1.1597
1.366,-1.1536
1.368,-1.1474
1.37,-1.1382
1.372,-1.1321
1.374,-1.1229
1.376,-1.1137
1.378,-1.1045
1.38,-1.0953
1.382,-1.0861
1.384,-1.0769
1.386,-1.0677
1.388,-1.0554
1.39,-1.0462
1.392,-1.0339
1.394,-1.0216
1.396,-1.0094
1.398,-0.99709
1.4,-0.98482
1.402,-0.96948
1.404,-0.9572
1.406,-0.94186
1.408,-0.92652
1.41,-0.91118
1.412,-0.89584
1.414,-0.87744
1.416,-0.85903
1.418,-0.84062
1.42,-0.82221
1.422,-0.80381
1.424,-0.7854
1.426,-0.76392
1.428,-0.74551
1.43,-0.72404
1.432,-0.70256
1.434,-0.68109
1.436,-0.65961
1.438,-0.63814
1.44,-0.61973
1.442,-0.59825
1.444,-0.57678
1.446,-0.5553
1.448,-0.53996
1.45,-0.51849
1.452,-0.50315
1.454,-0.48474
1.456,-0.46633
1.458,-0.45099
1.46,-0.43258
1.462,-0.41724
1.464,-0.40497
1.466,-0.38963
1.468,-0.37429
1.47,-0.36202
1.472,-0.34975
1.474,-0.33748
1.476,-0.3252
1.478,-0.31293
1.48,-0.30373
1.482,-0.29146
1.484,-0.28225
1.486,-0.26998
1.488,-0.26078
1.49,-0.25157
1.492,-0.24237
1.494,-0.23317
1.496,-0.22396
1.498,-0.21783
1.5,-0.20862
1.502,-0.19942
1.504,-0.19328
1.506,-0.18715
1.508,-0.17794
1.51,-0.17181
1.512,-0.1626
1.514,-0.15647
1.516,-0.15033
1.518,-0.14419
1.52,-0.13806
1.522,-0.13192
1.524,-0.12579
1.526,-0.11965
1.528,-0.11351
1.53,-0.10738
1.532,-0.10124
1.534,-0.095107
1.536,-0.085903
1.538,-0.082835
1.54,-0.076699
1.542,-0.070563
1.544,-0.064427
1.546,-0.058291
1.548,-0.052155
1.55,-0.046019
1.552,-0.039884
1.554,-0.033748
1.556,-0.027612
1.558,-0.021476
1.56,-0.01534
1.562,-0.0092039
1.564,-0.003068
1.566,0.003068
1.568,0.012272
1.57,0.01534
1.572,0.024544
1.574,0.03068
1.576,0.036816
1.578,0.042951
1.58,0.049087
1.582,0.055223
1.584,0.061359
1.586,0.070563
1.588,0.076699
1.59,0.082835
1.592,0.092039
1.594,0.098175
1.596,0.10431
1.598,0.11351
1.6,0.11965
1.602,0.12579
1.604,0.13499
1.606,0.14113
1.608,0.15033
1.61,0.15647
1.612,0.16567
1.614,0.17181
1.616,0.17794
1.618,0.18715
1.62,0.19328
1.622,0.19942
1.624,0.20862
1.626,0.21476
1.628,0.22089
1.63,0.22703
1.632,0.23317
1.634,0.2393
1.636,0.24544
1.638,0.25157
1.64,0.25771
1.642,0.26384
1.644,0.26998
1.646,0.27305
1.648,0.27918
1.65,0.28225
1.652,0.28839
1.654,0.29146
1.656,0.29452
1.658,0.30066
1.66,0.30373
1.662,0.3068
1.664,0.30986
1.666,0.31293
1.668,0.316
1.67,0.316
1.672,0.31907
1.674,0.31907
1.676,0.32214
1.678,0.32214
1.68,0.32214
1.682,0.32214
1.684,0.32214
1.686,0.32214
1.688,0.32214
1.69,0.31907
1.692,0.31907
1.694,0.316
1.696,0.31293
1.698,0.30986
1.7,0.30373
1.702,0.30066
1.704,0.29452
1.706,0.28839
1.708,0.28225
1.71,0.27612
1.712,0.26691
1.714,0.25771
1.716,0.2485
1.718,0.2393
1.72,0.22703
1.722,0.21476
1.724,0.20249
1.726,0.18715
1.728,0.17487
1.73,0.15953
1.732,0.14419
1.734,0.12579
1.736,0.11045
1.738,0.092039
1.74,0.073631
1.742,0.058291
1.744,0.039884
1.746,0.021476
1.748,0.0061359
1.75,-0.012272
1.752,-0.027612
1.754,-0.042951
1.756,-0.058291
1.758,-0.070563
1.76,-0.082835
1.762,-0.095107
1.764,-0.10738
1.766,-0.11965
1.768,-0.12885
1.77,-0.13806
1.772,-0.14726
1.774,-0.1534
1.776,-0.15953
1.778,-0.16874
1.78,-0.17487
1.782,-0.18101
1.784,-0.18408
1.786,-0.19021
1.788,-0.19328
1.79,-0.19635
1.792,-0.19942
1.794,-0.20555
1.796,-0.20555
1.798,-0.20862
1.8,-0.21169
1.802,-0.21169
1.804,-0.21476
1.806,-0.21476
1.808,-0.21783
1.81,-0.21783
1.812,-0.21783
1.814,-0.21783
1.816,-0.21783
1.818,-0.21783
1.82,-0.21783
1.822,-0.21783
1.824,-0.21783
1.826,-0.21783
1.828,-0.21476
1.83,-0.21476
1.832,-0.21169
1.834,-0.21169
1.836,-0.21169
1.838,-0.20862
1.84,-0.20862
1.842,-0.20862
1.844,-0.20555
1.846,-0.20249
1.848,-0.20249
1.85,-0.19942
1.852,-0.19635
1.854,-0.19635
1.856,-0.19328
1.858,-0.19328
1.86,-0.19021
1.862,-0.18715
1.864,-0.18715
1.866,-0.18408
1.868,-0.18408
1.87,-0.18408
1.872,-0.18408
1.874,-0.18101
1.876,-0.18101
1.878,-0.18101
1.88,-0.18101
1.882,-0.18101
1.884,-0.18408
1.886,-0.18408
1.888,-0.18408
1.89,-0.18408
1.892,-0.18408
1.894,-0.18715
1.896,-0.18715
1.898,-0.18715
1.9,-0.19021
1.902,-0.19021
1.904,-0.19021
1.906,-0.19328
1.908,-0.19328
1.91,-0.19328
1.912,-0.19328
1.914,-0.19328
1.916,-0.19328
1.918,-0.19021
1.92,-0.19021
1.922,-0.18715
1.924,-0.18408
1.926,-0.18408
1.928,-0.18101
1.93,-0.17487
1.932,-0.17181
1.934,-0.16567
1.936,-0.1626
1.938,-0.15953
1.94,-0.1534
1.942,-0.14726
1.944,-0.14113
1.946,-0.13499
1.948,-0.13192
1.95,-0.12579
1.952,-0.11965
1.954,-0.11351
1.956,-0.10738
1.958,-0.10124
1.96,-0.095107
1.962,-0.088971
1.964,-0.082835
1.966,-0.076699
1.968,-0.070563
1.97,-0.064427
1.972,-0.058291
1.974,-0.049087
1.976,-0.042951
1.978,-0.036816
1.98,-0.027612
1.982,-0.021476
1.984,-0.01534
1.986,-0.0061359
1.988,-0
1.99,0.0092039
1.992,0.018408
1.994,0.027612
1.996,0.036816
1.998,0.046019
2,0.055223
2.002,0.064427
2.004,0.076699
2.006,0.085903
2.008,0.098175
2.01,0.11045
2.012,0.12272
2.014,0.13499
2.016,0.14726
2.018,0.15953
2.02,0.17181
2.022,0.18715
2.024,0.20249
2.026,0.21783
2.028,0.23317
2.03,0.2485
2.032,0.26691
2.034,0.28532
2.036,0.30373
2.038,0.32214
2.04,0.34361
2.042,0.36202
2.044,0.3835
2.046,0.40497
2.048,0.42645
2.05,0.45099
2.052,0.47553
2.054,0.49701
2.056,0.52155
2.058,0.5461
2.06,0.57064
2.062,0.59518
2.064,0.61973
2.066,0.64427
2.068,0.66575
2.07,0.69029
2.072,0.71177
2.074,0.73631
2.076,0.75779
2.078,0.77926
2.08,0.79767
2.082,0.81915
2.084,0.83755
2.086,0.85596
2.088,0.87437
2.09,0.88971
2.092,0.90505
2.094,0.92039
2.096,0.93573
2.098,0.95107
2.1,0.96641
2.102,0.97868
2.104,0.99095
2.106,1.0032
2.108,1.0155
2.11,1.0278
2.112,1.037
2.114,1.0492
2.116,1.0584
2.118,1.0677
2.12,1.0799
2.122,1.0891
2.124,1.0953
2.126,1.1045
2.128,1.1137
2.13,1.1229
2.132,1.129
2.134,1.1382
2.136,1.1474
2.138,1.1536
2.14,1.1628
2.142,1.1689
2.144,1.175
2.146,1.1812
2.148,1.1904
2.15,1.1965
2.152,1.2026
2.154,1.2088
2.156,1.2149
2.158,1.221
2.16,1.2272
2.162,1.2333
2.164,1.2395
2.166,1.2456
2.168,1.2517
2.17,1.2579
2.172,1.264
2.174,1.2701
2.176,1.2763
2.178,1.2824
2.18,1.2885
2.182,1.2947
2.184,1.3008
2.186,1.307
2.188,1.3131
2.19,1.3192
2.192,1.3254
2.194,1.3315
2.196,1.3376
2.198,1.3438
2.2,1.3499
2.202,1.356
2.204,1.3622
2.206,1.3714
2.208,1.3744
2.21,1.3837
2.212,1.3898
2.214,1.3959
2.216,1.4021
2.218,1.4082
2.22,1.4143
2.222,1.4235
2.224,1.4297
2.226,1.4358
2.228,1.4419
2.23,1.4481
2.232,1.4573
2.234,1.4634
2.236,1.4696
2.238,1.4788
2.24,1.4849
2.242,1.491
2.244,1.4972
2.246,1.5064
2.248,1.5094
2.25,1.5186
2.252,1.5248
2.254,1.5309
2.256,1.537
2.258,1.5432
2.26,1.5463
2.262,1.5524
2.264,1.5585
2.266,1.5647
2.268,1.5677
2.27,1.5739
2.272,1.5769
2.274,1.5831
2.276,1.5861
2.278,1.5892
2.28,1.5923
2.282,1.5953
2.284,1.5984
2.286,1.6015
2.288,1.6045
2.29,1.6076
2.292,1.6076
2.294,1.6107
2.296,1.6107
2.298,1.6137
2.3,1.6137
2.302,1.6137
2.304,1.6137
2.306,1.6137
2.308,1.6137
2.31,1.6107
2.312,1.6107
2.314,1.6076
2.316,1.6076
2.318,1.6045
2.32,1.5984
2.322,1.5953
2.324,1.5923
2.326,1.5861
2.328,1.58
2.33,1.5739
2.332,1.5677
2.334,1.5585
2.336,1.5524
2.338,1.5432
2.34,1.534
2.342,1.5217
2.344,1.5094
2.346,1.4972
2.348,1.4849
2.35,1.4726
2.352,1.4573
2.354,1.4389
2.356,1.4235
2.358,1.4051
2.36,1.3867
2.362,1.3652
2.364,1.3468
2.366,1.3254
2.368,1.3039
2.37,1.2824
2.372,1.2609
2.374,1.2395
2.376,1.218
2.378,1.1965
2.38,1.175
2.382,1.1536
2.384,1.1351
2.386,1.1167
2.388,1.1014
2.39,1.083
2.392,1.0677
2.394,1.0523
2.396,1.04
2.398,1.0247
2.4,1.0124
2.402,1.0002
2.404,0.99095
2.406,0.97868
2.408,0.96948
2.41,0.96027
2.412,0.95414
2.414,0.94493
2.416,0.9388
2.418,0.93266
2.42,0.92346
2.422,0.92039
2.424,0.91425
2.426,0.90812
2.428,0.90505
2.43,0.89891
2.432,0.89584
2.434,0.89278
2.436,0.88664
2.438,0.88357
2.44,0.88357
2.442,0.8805
2.444,0.87744
2.446,0.87437
2.448,0.8713
2.45,0.8713
2.452,0.8713
2.454,0.86823
2.456,0.86823
2.458,0.86517
2.46,0.86517
2.462,0.86517
2.464,0.8621
2.466,0.8621
2.468,0.8621
2.47,0.8621
2.472,0.8621
2.474,0.8621
2.476,0.8621
2.478,0.8621
2.48,0.85903
2.482,0.85596
2.484,0.85596
2.486,0.85596
2.488,0.85289
2.49,0.85289
2.492,0.84983
2.494,0.84676
2.496,0.84369
2.498,0.84062
2.5,0.83449
2.502,0.83142
2.504,0.82528
2.506,0.81915
2.508,0.81301
2.51,0.80687
2.512,0.80074
2.514,0.7946
2.516,0.7854
2.518,0.77619
2.52,0.77006
2.522,0.75779
2.524,0.74858
2.526,0.73938
2.528,0.72711
2.53,0.7179
2.532,0.70563
2.534,0.69643
2.536,0.68416
2.538,0.67188
2.54,0.65961
2.542,0.64734
2.544,0.63507
2.546,0.6228
2.548,0.60746
2.55,0.59518
2.552,0.58291
2.554,0.57064
2.556,0.55837
2.558,0.5461
2.56,0.53383
2.562,0.51849
2.564,0.50928
2.566,0.49701
2.568,0.48781
2.57,0.47553
2.572,0.46633
2.574,0.45406
2.576,0.44485
2.578,0.43872
2.58,0.42951
2.582,0.42031
2.584,0.41417
2.586,0.40497
2.588,0.39884
2.59,0.3927
2.592,0.3835
2.594,0.37736
2.596,0.37122
2.598,0.36509
2.6,0.35895
2.602,0.35588
2.604,0.34668
2.606,0.34361
2.608,0.33748
2.61,0.33134
2.612,0.32827
2.614,0.32214
2.616,0.316
2.618,0.30986
2.62,0.3068
2.622,0.30373
2.624,0.29759
2.626,0.29452
2.628,0.29146
2.63,0.28839
2.632,0.28532
2.634,0.28225
2.636,0.27918
2.638,0.27918
2.64,0.27612
2.642,0.27305
2.644,0.27305
2.646,0.26998
2.648,0.26998
2.65,0.26998
2.652,0.26998
2.654,0.26998
2.656,0.26998
2.658,0.27305
2.66,0.27612
2.662,0.27918
2.664,0.28225
2.666,0.28532
2.668,0.28839
2.67,0.29452
2.672,0.29759
2.674,0.3068
2.676,0.31293
2.678,0.31907
2.68,0.32827
2.682,0.33441
2.684,0.34361
2.686,0.35282
2.688,0.36202
2.69,0.37429
2.692,0.3835
2.694,0.3927
2.696,0.40497
2.698,0.41417
2.7,0.42338
2.702,0.43258
2.704,0.44179
2.706,0.45099
2.708,0.46019
2.71,0.46633
2.712,0.47553
2.714,0.4786
2.716,0.48781
2.718,0.49087
2.72,0.49701
2.722,0.50008
2.724,0.50315
2.726,0.50621
2.728,0.50928
2.73,0.51235
2.732,0.51235
2.734,0.51542
2.736,0.51542
2.738,0.51542
2.74,0.51542
2.742,0.51542
2.744,0.51542
2.746,0.51542
2.748,0.51542
2.75,0.51542
2.752,0.51235
2.754,0.51235
2.756,0.50928
2.758,0.50621
2.76,0.50621
2.762,0.50315
2.764,0.50008
2.766,0.50008
2.768,0.49394
2.77,0.49087
2.772,0.49087
2.774,0.48781
2.776,0.48474
2.778,0.4786
2.78,0.4786
2.782,0.47553
2.784,0.4694
2.786,0.46633
2.788,0.46326
2.79,0.46019
2.792,0.45713
2.794,0.45406
2.796,0.45099
2.798,0.44485
2.8,0.44179
2.802,0.43872
2.804,0.43565
2.806,0.43258
2.808,0.42951
2.81,0.42645
2.812,0.42031
2.814,0.41724
2.816,0.41417
2.818,0.41417
2.82,0.40804
2.822,0.40497
2.824,0.40497
2.826,0.4019
2.828,0.39884
2.83,0.39577
2.832,0.3927
2.834,0.38963
2.836,0.38963
2.838,0.38656
2.84,0.3835
2.842,0.38043
2.844,0.38043
2.846,0.37736
2.848,0.37736
2.85,0.37429
2.852,0.37429
2.854,0.37122
2.856,0.37122
2.858,0.36816
2.86,0.36816
2.862,0.36816
2.864,0.36816
2.866,0.36816
2.868,0.36816
2.87,0.36816
2.872,0.36816
2.874,0.36816
2.876,0.36816
2.878,0.36816
2.88,0.36816
2.882,0.36816
2.884,0.36816
2.886,0.36816
2.888,0.36816
2.89,0.36816
2.892,0.36816
2.894,0.36816
2.896,0.36816
2.898,0.36816
2.9,0.36816
2.902,0.36816
2.904,0.36816
2.906,0.36816
2.908,0.36816
2.91,0.36816
2.912,0.36816
2.914,0.36509
2.916,0.36509
2.918,0.36509
2.92,0.36202
2.922,0.36202
2.924,0.35895
2.926,0.35895
2.928,0.35588
2.93,0.35588
2.932,0.35282
2.934,0.34975
2.936,0.34668
2.938,0.34361
2.94,0.34361
2.942,0.34054
2.944,0.33441
2.946,0.33134
2.948,0.32827
2.95,0.32214
2.952,0.31907
2.954,0.316
2.956,0.30986
2.958,0.30373
2.96,0.29759
2.962,0.29146
2.964,0.28532
2.966,0.27918
2.968,0.27305
2.97,0.26384
2.972,0.25771
2.974,0.2485
2.976,0.2393
2.978,0.2301
2.98,0.21783
2.982,0.20862
2.984,0.19635
2.986,0.18408
2.988,0.17181
2.99,0.15953
2.992,0.14419
2.994,0.12885
2.996,0.11351
2.998,0.098175
3,0.079767
3.002,0.061359
3.004,0.039884
3.006,0.021476
3.008,-0
3.01,-0.024544
3.012,-0.046019
3.014,-0.073631
3.016,-0.098175
3.018,-0.12272
3.02,-0.15033
3.022,-0.18101
3.024,-0.20862
3.026,-0.23623
3.028,-0.26691
3.03,-0.29759
3.032,-0.3252
3.034,-0.35588
3.036,-0.3835
3.038,-0.40804
3.04,-0.43565
3.042,-0.46326
3.044,-0.48781
3.046,-0.50928
3.048,-0.53076
3.05,-0.5553
3.052,-0.57371
3.054,-0.59518
3.056,-0.61359
3.058,-0.62893
3.06,-0.64734
3.062,-0.66268
3.064,-0.67802
3.066,-0.69029
3.068,-0.70563
3.07,-0.7179
3.072,-0.73017
3.074,-0.74245
3.076,-0.75472
3.078,-0.76392
3.08,-0.77619
3.082,-0.7854
3.084,-0.7946
3.086,-0.80074
3.088,-0.80994
3.09,-0.81915
3.092,-0.82528
3.094,-0.83449
3.096,-0.84062
3.098,-0.84676
3.1,-0.85596
3.102,-0.85903
3.104,-0.86517
3.106,-0.8713
3.108,-0.87744
3.11,-0.88357
3.112,-0.88664
3.114,-0.89278
3.116,-0.89584
3.118,-0.90198
3.12,-0.90505
3.122,-0.91118
3.124,-0.91425
3.126,-0.91732
3.128,-0.92039
3.13,-0.92959
3.132,-0.93266
3.134,-0.9388
3.136,-0.94186
3.138,-0.948
3.14,-0.95414
3.142,-0.9572
3.144,-0.96641
3.146,-0.97254
3.148,-0.97868
3.15,-0.98788
3.152,-0.99402
3.154,-1.0032
3.156,-1.0124
3.158,-1.0216
3.16,-1.0308
3.162,-1.0431
3.164,-1.0523
3.166,-1.0646
3.168,-1.0769
3.17,-1.0891
3.172,-1.1014
3.174,-1.1137
3.176,-1.129
3.178,-1.1413
3.18,-1.1566
3.182,-1.172
3.184,-1.1873
3.186,-1.2026
3.188,-1.221
3.19,-1.2364
3.192,-1.2548
3.194,-1.2732
3.196,-1.2916
3.198,-1.31
3.2,-1.3284
3.202,-1.3499
3.204,-1.3683
3.206,-1.3898
3.208,-1.4113
3.21,-1.4327
3.212,-1.4542
3.214,-1.4757
3.216,-1.4972
3.218,-1.5217
3.22,-1.5432
3.222,-1.5647
3.224,-1.5892
3.226,-1.6107
3.228,-1.6322
3.23,-1.6567
3.232,-1.6782
3.234,-1.6997
3.236,-1.7211
3.238,-1.7426
3.24,-1.7641
3.242,-1.7825
3.244,-1.807
3.246,-1.8254
3.248,-1.8438
3.25,-1.8623
3.252,-1.8837
3.254,-1.9021
3.256,-1.9205
3.258,-1.939
3.26,-1.9574
3.262,-1.9758
3.264,-1.9942
3.266,-2.0126
3.268,-2.0279
3.27,-2.0463
3.272,-2.0647
3.274,-2.0801
3.276,-2.0985
3.278,-2.1138
3.28,-2.1322
3.282,-2.1476
3.284,-2.1629
3.286,-2.1783
3.288,-2.1936
3.29,-2.2089
3.292,-2.2243
3.294,-2.2365
3.296,-2.2519
3.298,-2.2672
3.3,-2.2795
3.302,-2.2948
3.304,-2.3071
3.306,-2.3194
3.308,-2.3317
3.31,-2.3439
3.312,-2.3562
3.314,-2.3685
3.316,-2.3777
3.318,-2.3899
3.32,-2.3991
3.322,-2.4083
3.324,-2.4053
3.326,-2.3991
3.328,-2.3961
3.33,-2.393
3.332,-2.3869
3.334,-2.3807
3.336,-2.3746
3.338,-2.3654
3.34,-2.3531
3.342,-2.3439
3.344,-2.3317
3.346,-2.3224
3.348,-2.3102
3.35,-2.301
3.352,-2.2948
3.354,-2.2856
3.356,-2.2764
3.358,-2.2703
3.36,-2.2672
3.362,-2.2611
3.364,-2.2488
3.366,-2.2365
3.368,-2.2304
3.37,-2.2212
3.372,-2.2089
3.374,-2.2028
3.376,-2.1967
3.378,-2.1875
3.38,-2.1844
3.382,-2.1783
3.384,-2.1721
3.386,-2.166
3.388,-2.1598
3.39,-2.1568
3.392,-2.1506
3.394,-2.1506
3.396,-2.1476
3.398,-2.1414
3.4,-2.1384
3.402,-2.1353
3.404,-2.1322
3.406,-2.1292
3.408,-2.1261
3.41,-2.123
3.412,-2.123
3.414,-2.12
3.416,-2.1169
3.418,-2.1138
3.42,-2.1138
3.422,-2.1108
3.424,-2.1108
3.426,-2.1077
3.428,-2.1046
3.43,-2.1016
3.432,-2.1016
3.434,-2.0985
3.436,-2.0985
3.438,-2.0954
3.44,-2.0923
3.442,-2.0923
3.444,-2.0893
3.446,-2.0862
3.448,-2.0862
3.45,-2.0831
3.452,-2.0801
3.454,-2.077
3.456,-2.077
3.458,-2.0739
3.46,-2.0709
3.462,-2.0678
3.464,-2.0647
3.466,-2.0617
3.468,-2.0617
3.47,-2.0586
3.472,-2.0555
3.474,-2.0525
3.476,-2.0494
3.478,-2.0463
3.48,-2.0402
3.482,-2.0371
3.484,-2.0341
3.486,-2.031
3.488,-2.0279
3.49,-2.0249
3.492,-2.0187
3.494,-2.0157
3.496,-2.0126
3.498,-2.0064
3.5,-2.0003
3.502,-1.9972
3.504,-1.9911
3.506,-1.988
3.508,-1.9819
3.51,-1.9788
3.512,-1.9727
3.514,-1.9666
3.516,-1.9635
3.518,-1.9574
3.52,-1.9512
3.522,-1.9451
3.524,-1.939
3.526,-1.9359
3.528,-1.9297
3.53,-1.9236
3.532,-1.9175
3.534,-1.9113
3.536,-1.9052
3.538,-1.8991
3.54,-1.8929
3.542,-1.8868
3.544,-1.8807
3.546,-1.8745
3.548,-1.8653
3.55,-1.8592
3.552,-1.853
3.554,-1.8469
3.556,-1.8408
3.558,-1.8346
3.56,-1.8285
3.562,-1.8193
3.564,-1.8132
3.566,-1.807
3.568,-1.804
3.57,-1.7948
3.572,-1.7917
3.574,-1.7825
3.576,-1.7794
3.578,-1.7733
3.58,-1.7671
3.582,-1.7641
3.584,-1.7579
3.586,-1.7549
3.588,-1.7487
3.59,-1.7457
3.592,-1.7426
3.594,-1.7395
3.596,-1.7365
3.598,-1.7334
3.6,-1.7334
3.602,-1.7303
3.604,-1.7303
3.606,-1.7303
3.608,-1.7303
3.61,-1.7303
3.612,-1.7303
3.614,-1.7303
3.616,-1.7303
3.618,-1.7334
3.62,-1.7365
3.622,-1.7395
3.624,-1.7457
3.626,-1.7487
3.628,-1.7549
3.63,-1.761
3.632,-1.7702
3.634,-1.7763
3.636,-1.7856
3.638,-1.7948
3.64,-1.807
3.642,-1.8162
3.644,-1.8285
3.646,-1.8408
3.648,-1.8561
3.65,-1.8684
3.652,-1.8837
3.654,-1.896
3.656,-1.9113
3.658,-1.9267
3.66,-1.939
3.662,-1.9543
3.664,-1.9666
3.666,-1.9788
3.668,-1.9911
3.67,-2.0003
3.672,-2.0126
3.674,-2.0218
3.676,-2.031
3.678,-2.0371
3.68,-2.0463
3.682,-2.0525
3.684,-2.0586
3.686,-2.0647
3.688,-2.0678
3.69,-2.0739
3.692,-2.0739
3.694,-2.077
3.696,-2.0801
3.698,-2.0831
3.7,-2.0831
3.702,-2.0862
3.704,-2.0862
3.706,-2.0862
3.708,-2.0862
3.71,-2.0862
3.712,-2.0831
3.714,-2.0831
3.716,-2.0801
3.718,-2.077
3.72,-2.0739
3.722,-2.0739
3.724,-2.0709
3.726,-2.0647
3.728,-2.0617
3.73,-2.0586
3.732,-2.0555
3.734,-2.0525
3.736,-2.0463
3.738,-2.0433
3.74,-2.0371
3.742,-2.0341
3.744,-2.0279
3.746,-2.0249
3.748,-2.0187
3.75,-2.0126
3.752,-2.0095
3.754,-2.0034
3.756,-1.9972
3.758,-1.9911
3.76,-1.985
3.762,-1.9788
3.764,-1.9758
3.766,-1.9666
3.768,-1.9635
3.77,-1.9543
3.772,-1.9512
3.774,-1.9451
3.776,-1.939
3.778,-1.9328
3.78,-1.9267
3.782,-1.9175
3.784,-1.9144
3.786,-1.9052
3.788,-1.9021
3.79,-1.8929
3.792,-1.8868
3.794,-1.8807
3.796,-1.8745
3.798,-1.8684
3.8,-1.8623
3.802,-1.8561
3.804,-1.85
3.806,-1.8438
3.808,-1.8377
3.81,-1.8316
3.812,-1.8254
3.814,-1.8193
3.816,-1.8132
3.818,-1.807
3.82,-1.8009
3.822,-1.7948
3.824,-1.7886
3.826,-1.7825
3.828,-1.7763
3.83,-1.7702
3.832,-1.7641
3.834,-1.7579
3.836,-1.7518
3.838,-1.7457
3.84,-1.7426
3.842,-1.7334
3.844,-1.7303
3.846,-1.7211
3.848,-1.7181
3.85,-1.7119
3.852,-1.7058
3.854,-1.6997
3.856,-1.6935
3.858,-1.6874
3.86,-1.6812
3.862,-1.6751
3.864,-1.669
3.866,-1.6628
3.868,-1.6567
3.87,-1.6506
3.872,-1.6444
3.874,-1.6383
3.876,-1.6322
3.878,-1.626
3.88,-1.6199
3.882,-1.6107
3.884,-1.6076
3.886,-1.5984
3.888,-1.5923
3.89,-1.5861
3.892,-1.5769
3.894,-1.5708
3.896,-1.5616
3.898,-1.5555
3.9,-1.5463
3.902,-1.5401
3.904,-1.5309
3.906,-1.5217
3.908,-1.5125
3.91,-1.5033
3.912,-1.4972
3.914,-1.4849
3.916,-1.4757
3.918,-1.4665
3.92,-1.4573
3.922,-1.445
3.924,-1.4327
3.926,-1.4235
3.928,-1.4113
3.93,-1.399
3.932,-1.3867
3.934,-1.3714
3.936,-1.3591
3.938,-1.3438
3.94,-1.3284
3.942,-1.3131
3.944,-1.3008
3.946,-1.2824
3.948,-1.264
3.95,-1.2487
3.952,-1.2303
3.954,-1.2088
3.956,-1.1904
3.958,-1.1689
3.96,-1.1474
3.962,-1.1259
3.964,-1.1014
3.966,-1.0769
3.968,-1.0523
3.97,-1.0278
3.972,-1.0032
3.974,-0.97561
3.976,-0.948
3.978,-0.92039
3.98,-0.89584
3.982,-0.86823
3.984,-0.84062
3.986,-0.81608
3.988,-0.78847
3.99,-0.76392
3.992,-0.73938
3.994,-0.7179
3.996,-0.69336
3.998,-0.67188
4,-0.65041
4.002,-0.62893
4.004,-0.61052
4.006,-0.59212
4.008,-0.57371
4.01,-0.5553
4.012,-0.53689
4.014,-0.52155
4.016,-0.50621
4.018,-0.49087
4.02,-0.47553
4.022,-0.46019
4.024,-0.44792
4.026,-0.43258
4.028,-0.42031
4.03,-0.40804
4.032,-0.39577
4.034,-0.38656
4.036,-0.37429
4.038,-0.36509
4.04,-0.35282
4.042,-0.34361
4.044,-0.33134
4.046,-0.32214
4.048,-0.31293
4.05,-0.30373
4.052,-0.29452
4.054,-0.28532
4.056,-0.27612
4.058,-0.26691
4.06,-0.25771
4.062,-0.25157
4.064,-0.24237
4.066,-0.23317
4.068,-0.22703
4.07,-0.21783
4.072,-0.20862
4.074,-0.20249
4.076,-0.19635
4.078,-0.18715
4.08,-0.18101
4.082,-0.17181
4.084,-0.1626
4.086,-0.15647
4.088,-0.15033
4.09,-0.14113
4.092,-0.13499
4.094,-0.12579
4.096,-0.11965
4.098,-0.11045
4.1,-0.10431
4.102,-0.095107
4.104,-0.088971
4.106,-0.079767
4.108,-0.073631
4.11,-0.064427
4.112,-0.055223
4.114,-0.049087
4.116,-0.039884
4.118,-0.03068
4.12,-0.024544
4.122,-0.01534
4.124,-0.0061359
4.126,0.003068
4.128,0.012272
4.13,0.021476
4.132,0.027612
4.134,0.036816
4.136,0.046019
4.138,0.055223
4.14,0.064427
4.142,0.073631
4.144,0.082835
4.146,0.092039
4.148,0.10124
4.15,0.11045
4.152,0.12272
4.154,0.13192
4.156,0.14113
4.158,0.15033
4.16,0.15953
4.162,0.17181
4.164,0.18101
4.166,0.19021
4.168,0.19942
4.17,0.20862
4.172,0.22089
4.174,0.2301
4.176,0.2393
4.178,0.2485
4.18,0.25771
4.182,0.26691
4.184,0.27612
4.186,0.28532
4.188,0.29452
4.19,0.30373
4.192,0.31293
4.194,0.31907
4.196,0.32827
4.198,0.33748
4.2,0.34361
4.202,0.35282
4.204,0.35895
4.206,0.36816
4.208,0.37429
4.21,0.3835
4.212,0.38963
4.214,0.39577
4.216,0.4019
4.218,0.40804
4.22,0.41417
4.222,0.42031
4.224,0.42645
4.226,0.42951
4.228,0.43565
4.23,0.44179
4.232,0.44485
4.234,0.45099
4.236,0.45406
4.238,0.45713
4.24,0.46019
4.242,0.46326
4.244,0.46633
4.246,0.46633
4.248,0.4694
4.25,0.4694
4.252,0.4694
4.254,0.47247
4.256,0.47247
4.258,0.47247
4.26,0.4694
4.262,0.4694
4.264,0.46633
4.266,0.46326
4.268,0.46019
4.27,0.45713
4.272,0.45099
4.274,0.44485
4.276,0.43872
4.278,0.43258
4.28,0.42338
4.282,0.41417
4.284,0.40497
4.286,0.3927
4.288,0.38043
4.29,0.36816
4.292,0.35588
4.294,0.34054
4.296,0.3252
4.298,0.30986
4.3,0.29452
4.302,0.27612
4.304,0.25771
4.306,0.24237
4.308,0.22396
4.31,0.20555
4.312,0.18715
4.314,0.17181
4.316,0.15647
4.318,0.14113
4.32,0.12579
4.322,0.11351
4.324,0.10124
4.326,0.088971
4.328,0.079767
4.33,0.070563
4.332,0.061359
4.334,0.052155
4.336,0.042951
4.338,0.036816
4.34,0.03068
4.342,0.024544
4.344,0.021476
4.346,0.01534
4.348,0.012272
4.35,0.0092039
4.352,0.0061359
4.354,0.003068
4.356,-0
4.358,-0
4.36,-0.003068
4.362,-0.003068
4.364,-0.003068
4.366,-0.003068
4.368,-0.003068
4.37,-0.003068
4.372,-0.003068
4.374,-0.003068
4.376,-0
4.378,-0
4.38,-0
4.382,0.003068
4.384,0.0061359
4.386,0.0092039
4.388,0.0092039
4.39,0.012272
4.392,0.01534
4.394,0.018408
4.396,0.021476
4.398,0.024544
4.4,0.027612
4.402,0.03068
4.404,0.033748
4.406,0.036816
4.408,0.039884
4.41,0.042951
4.412,0.046019
4.414,0.049087
4.416,0.055223
4.418,0.058291
4.42,0.061359
4.422,0.064427
4.424,0.070563
4.426,0.073631
4.428,0.076699
4.43,0.082835
4.432,0.085903
4.434,0.088971
4.436,0.092039
4.438,0.098175
4.44,0.10124
4.442,0.10431
4.444,0.10738
4.446,0.11045
4.448,0.11351
4.45,0.11658
4.452,0.11965
4.454,0.12272
4.456,0.12579
4.458,0.12885
4.46,0.13192
4.462,0.13499
4.464,0.13499
4.466,0.13806
4.468,0.14113
4.47,0.14419
4.472,0.14726
4.474,0.14726
4.476,0.15033
4.478,0.15647
4.48,0.15953
4.482,0.15953
4.484,0.16567
4.486,0.16874
4.488,0.17181
4.49,0.17794
4.492,0.18408
4.494,0.18715
4.496,0.19635
4.498,0.20249
4.5,0.20862
4.502,0.21476
4.504,0.22089
4.506,0.2301
4.508,0.2393
4.51,0.2485
4.512,0.25771
4.514,0.26691
4.516,0.27918
4.518,0.28839
4.52,0.30066
4.522,0.3068
4.524,0.31907
4.526,0.33134
4.528,0.34361
4.53,0.35282
4.532,0.36509
4.534,0.37736
4.536,0.38656
4.538,0.39884
4.54,0.40804
4.542,0.42031
4.544,0.42951
4.546,0.44179
4.548,0.45406
4.55,0.46326
4.552,0.47553
4.554,0.48474
4.556,0.49701
4.558,0.50621
4.56,0.51849
4.562,0.53076
4.564,0.53996
4.566,0.55223
4.568,0.5645
4.57,0.57678
4.572,0.58598
4.574,0.59825
4.576,0.61052
4.578,0.6228
4.58,0.63507
4.582,0.64734
4.584,0.65961
4.586,0.67188
4.588,0.68416
4.59,0.69643
4.592,0.71177
4.594,0.72404
4.596,0.73631
4.598,0.75165
4.6,0.76699
4.602,0.78233
4.604,0.79767
4.606,0.80994
4.608,0.82835
4.61,0.84369
4.612,0.85903
4.614,0.87744
4.616,0.89584
4.618,0.91118
4.62,0.93266
4.622,0.95107
4.624,0.96948
4.626,0.99095
4.628,1.0094
4.63,1.0308
4.632,1.0554
4.634,1.0769
4.636,1.1014
4.638,1.1259
4.64,1.1505
4.642,1.175
4.644,1.2026
4.646,1.2303
4.648,1.2579
4.65,1.2885
4.652,1.3162
4.654,1.3499
4.656,1.3806
4.658,1.4113
4.66,1.445
4.662,1.4757
4.664,1.5094
4.666,1.5432
4.668,1.5769
4.67,1.6076
4.672,1.6414
4.674,1.672
4.676,1.7027
4.678,1.7334
4.68,1.761
4.682,1.7917
4.684,1.8162
4.686,1.8438
4.688,1.8684
4.69,1.8929
4.692,1.9175
4.694,1.942
4.696,1.9635
4.698,1.985
4.7,2.0034
4.702,2.0249
4.704,2.0433
4.706,2.0617
4.708,2.0801
4.71,2.0985
4.712,2.1138
4.714,2.1292
4.716,2.1445
4.718,2.1598
4.72,2.1752
4.722,2.1875
4.724,2.2028
4.726,2.2151
4.728,2.2273
4.73,2.2396
4.732,2.2519
4.734,2.2642
4.736,2.2764
4.738,2.2856
4.74,2.2979
4.742,2.3071
4.744,2.3194
4.746,2.3286
4.748,2.3378
4.75,2.347
4.752,2.3562
4.754,2.3654
4.756,2.3777
4.758,2.3746
4.76,2.3685
4.762,2.3623
4.764,2.3593
4.766,2.3531
4.768,2.347
4.77,2.3439
4.772,2.3409
4.774,2.3347
4.776,2.3286
4.778,2.3255
4.78,2.3194
4.782,2.3163
4.784,2.3102
4.786,2.304
4.788,2.301
4.79,2.2948
4.792,2.2887
4.794,2.2856
4.796,2.2795
4.798,2.2734
4.8,2.2703
4.802,2.2672
4.804,2.2611
4.806,2.255
4.808,2.2519
4.81,2.2457
4.812,2.2427
4.814,2.2365
4.816,2.2335
4.818,2.2304
4.82,2.2243
4.822,2.2212
4.824,2.2151
4.826,2.212
4.828,2.2059
4.83,2.2028
4.832,2.1967
4.834,2.1936
4.836,2.1905
4.838,2.1844
4.84,2.1813
4.842,2.1752
4.844,2.1721
4.846,2.166
4.848,2.1598
4.85,2.1568
4.852,2.1506
4.854,2.1445
4.856,2.1384
4.858,2.1353
4.86,2.1292
4.862,2.123
4.864,2.1138
4.866,2.1108
4.868,2.1016
4.87,2.0954
4.872,2.0893
4.874,2.0831
4.876,2.0739
4.878,2.0647
4.88,2.0586
4.882,2.0494
4.884,2.0402
4.886,2.031
4.888,2.0218
4.89,2.0126
4.892,2.0034
4.894,1.9942
4.896,1.9819
4.898,1.9727
4.9,1.9604
4.902,1.9482
4.904,1.9359
4.906,1.9236
4.908,1.9113
4.91,1.8991
4.912,1.8837
4.914,1.8684
4.916,1.8561
4.918,1.8408
4.92,1.8254
4.922,1.807
4.924,1.7886
4.926,1.7702
4.928,1.7518
4.93,1.7334
4.932,1.7119
4.934,1.6904
4.936,1.669
4.938,1.6475
4.94,1.623
4.942,1.5984
4.944,1.5739
4.946,1.5463
4.948,1.5217
4.95,1.4941
4.952,1.4634
4.954,1.4327
4.956,1.4021
4.958,1.3714
4.96,1.3376
4.962,1.307
4.964,1.2732
4.966,1.2395
4.968,1.2057
4.97,1.172
4.972,1.1382
4.974,1.1045
4.976,1.0738
4.978,1.0431
4.98,1.0094
4.982,0.97868
4.984,0.95107
4.986,0.92039
4.988,0.89278
4.99,0.86517
4.992,0.83755
4.994,0.81301
4.996,0.78847
4.998,0.76392
5,0.74245
5.002,0.72097
5.004,0.6995
5.006,0.67802
5.008,0.65961
5.01,0.63814
5.012,0.61973
5.014,0.60132
5.016,0.58598
5.018,0.56757
5.02,0.55223
5.022,0.53689
5.024,0.52155
5.026,0.50621
5.028,0.49087
5.03,0.4786
5.032,0.46326
5.034,0.45099
5.036,0.43872
5.038,0.42645
5.04,0.41417
5.042,0.4019
5.044,0.3927
5.046,0.38043
5.048,0.36816
5.05,0.35895
5.052,0.34668
5.054,0.33748
5.056,0.32827
5.058,0.316
5.06,0.3068
5.062,0.29759
5.064,0.28839
5.066,0.27918
5.068,0.26998
5.07,0.26078
5.072,0.25157
5.074,0.24237
5.076,0.23317
5.078,0.22396
5.08,0.21783
5.082,0.20862
5.084,0.19942
5.086,0.19328
5.088,0.18408
5.09,0.17487
5.092,0.16567
5.094,0.15953
5.096,0.15033
5.098,0.14113
5.1,0.13499
5.102,0.12579
5.104,0.11658
5.106,0.11045
5.108,0.10124
5.11,0.095107
5.112,0.085903
5.114,0.076699
5.116,0.070563
5.118,0.061359
5.12,0.052155
5.122,0.046019
5.124,0.036816
5.126,0.027612
5.128,0.021476
5.13,0.012272
5.132,0.003068
5.134,-0.003068
5.136,-0.012272
5.138,-0.018408
5.14,-0.027612
5.142,-0.036816
5.144,-0.042951
5.146,-0.052155
5.148,-0.061359
5.15,-0.067495
5.152,-0.076699
5.154,-0.082835
5.156,-0.092039
5.158,-0.098175
5.16,-0.10738
5.162,-0.11351
5.164,-0.12272
5.166,-0.13192
5.168,-0.13806
5.17,-0.14726
5.172,-0.1534
5.174,-0.1626
5.176,-0.16874
5.178,-0.17794
5.18,-0.18408
5.182,-0.19328
5.184,-0.19942
5.186,-0.20862
5.188,-0.21476
5.19,-0.22089
5.192,-0.2301
5.194,-0.23623
5.196,-0.24237
5.198,-0.2485
5.2,-0.25771
5.202,-0.26384
5.204,-0.26998
5.206,-0.27612
5.208,-0.28225
5.21,-0.28839
5.212,-0.29452
5.214,-0.29759
5.216,-0.3068
5.218,-0.30986
5.22,-0.316
5.222,-0.32214
5.224,-0.3252
5.226,-0.33134
5.228,-0.33441
5.23,-0.34054
5.232,-0.34361
5.234,-0.34668
5.236,-0.34975
5.238,-0.35282
5.24,-0.35588
5.242,-0.35895
5.244,-0.35895
5.246,-0.36202
5.248,-0.36509
5.25,-0.36509
5.252,-0.36816
5.254,-0.36816
5.256,-0.36816
5.258,-0.36816
5.26,-0.36816
5.262,-0.36509
5.264,-0.36202
5.266,-0.36202
5.268,-0.35895
5.27,-0.35588
5.272,-0.34975
5.274,-0.34361
5.276,-0.34054
5.278,-0.33134
5.28,-0.3252
5.282,-0.31907
5.284,-0.30986
5.286,-0.30066
5.288,-0.29146
5.29,-0.28225
5.292,-0.27305
5.294,-0.26384
5.296,-0.25464
5.298,-0.24544
5.3,-0.23623
5.302,-0.22703
5.304,-0.21783
5.306,-0.20862
5.308,-0.20249
5.31,-0.19635
5.312,-0.19021
5.314,-0.18408
5.316,-0.17794
5.318,-0.17487
5.32,-0.17181
5.322,-0.16567
5.324,-0.1626
5.326,-0.15953
5.328,-0.15953
5.33,-0.15647
5.332,-0.15647
5.334,-0.1534
5.336,-0.1534
5.338,-0.1534
5.34,-0.1534
5.342,-0.1534
5.344,-0.1534
5.346,-0.1534
5.348,-0.15647
5.35,-0.15647
5.352,-0.15647
5.354,-0.15953
5.356,-0.15953
5.358,-0.1626
5.36,-0.16567
5.362,-0.16874
5.364,-0.17181
5.366,-0.17181
5.368,-0.17487
5.37,-0.17794
5.372,-0.18101
5.374,-0.18408
5.376,-0.18715
5.378,-0.19021
5.38,-0.19328
5.382,-0.19635
5.384,-0.19942
5.386,-0.20555
5.388,-0.20862
5.39,-0.21169
5.392,-0.21476
5.394,-0.21783
5.396,-0.22089
5.398,-0.22396
5.4,-0.2301
5.402,-0.23317
5.404,-0.23623
5.406,-0.2393
5.408,-0.24237
5.41,-0.24544
5.412,-0.2485
5.414,-0.25157
5.416,-0.25464
5.418,-0.25771
5.42,-0.26078
5.422,-0.26384
5.424,-0.26691
5.426,-0.26998
5.428,-0.27305
5.43,-0.27612
5.432,-0.27918
5.434,-0.27918
5.436,-0.28225
5.438,-0.28532
5.44,-0.28532
5.442,-0.28839
5.444,-0.29146
5.446,-0.29146
5.448,-0.29452
5.45,-0.29452
5.452,-0.29759
5.454,-0.29759
5.456,-0.29759
5.458,-0.30066
5.46,-0.30066
5.462,-0.30066
5.464,-0.30373
5.466,-0.30373
5.468,-0.30373
5.47,-0.30373
5.472,-0.30373
5.474,-0.30373
5.476,-0.30373
5.478,-0.30373
5.48,-0.30373
5.482,-0.30373
5.484,-0.30373
5.486,-0.30373
5.488,-0.30373
5.49,-0.30373
5.492,-0.30373
5.494,-0.30066
5.496,-0.30066
5.498,-0.30066
5.5,-0.30066
5.502,-0.30066
5.504,-0.30066
5.506,-0.30066
5.508,-0.30066
5.51,-0.30066
5.512,-0.30373
5.514,-0.30373
5.516,-0.30373
5.518,-0.30373
5.52,-0.3068
5.522,-0.3068
5.524,-0.3068
5.526,-0.30986
5.528,-0.30986
5.53,-0.31293
5.532,-0.316
5.534,-0.316
5.536,-0.31907
5.538,-0.32214
5.54,-0.32214
5.542,-0.3252
5.544,-0.32827
5.546,-0.33134
5.548,-0.33441
5.55,-0.34054
5.552,-0.34361
5.554,-0.34668
5.556,-0.35282
5.558,-0.35895
5.56,-0.36202
5.562,-0.36816
5.564,-0.37429
5.566,-0.38043
5.568,-0.38656
5.57,-0.39577
5.572,-0.4019
5.574,-0.41111
5.576,-0.42031
5.578,-0.42951
5.58,-0.43872
5.582,-0.44792
5.584,-0.45713
5.586,-0.4694
5.588,-0.48167
5.59,-0.49394
5.592,-0.50928
5.594,-0.52155
5.596,-0.53689
5.598,-0.55223
5.6,-0.57064
5.602,-0.58905
5.604,-0.60746
5.606,-0.62586
5.608,-0.64734
5.61,-0.66882
5.612,-0.69336
5.614,-0.71484
5.616,-0.74245
5.618,-0.76699
5.62,-0.7946
5.622,-0.82221
5.624,-0.84983
5.626,-0.8805
5.628,-0.90812
5.63,-0.93573
5.632,-0.96641
5.634,-0.99402
5.636,-1.0216
5.638,-1.0492
5.64,-1.0769
5.642,-1.1014
5.644,-1.1259
5.646,-1.1505
5.648,-1.172
5.65,-1.1934
5.652,-1.2149
5.654,-1.2333
5.656,-1.2517
5.658,-1.2701
5.66,-1.2855
5.662,-1.3039
5.664,-1.3162
5.666,-1.3315
5.668,-1.3438
5.67,-1.3591
5.672,-1.3714
5.674,-1.3806
5.676,-1.3929
5.678,-1.4021
5.68,-1.4113
5.682,-1.4205
5.684,-1.4297
5.686,-1.4389
5.688,-1.445
5.69,-1.4511
5.692,-1.4603
5.694,-1.4665
5.696,-1.4726
5.698,-1.4788
5.7,-1.4849
5.702,-1.491
5.704,-1.4941
5.706,-1.5002
5.708,-1.5064
5.71,-1.5094
5.712,-1.5125
5.714,-1.5186
5.716,-1.5217
5.718,-1.5248
5.72,-1.5278
5.722,-1.5309
5.724,-1.534
5.726,-1.537
5.728,-1.5401
5.73,-1.5432
5.732,-1.5463
5.734,-1.5493
5.736,-1.5493
5.738,-1.5524
5.74,-1.5555
5.742,-1.5585
5.744,-1.5616
5.746,-1.5616
5.748,-1.5647
5.75,-1.5677
5.752,-1.5677
5.754,-1.5708
5.756,-1.5708
5.758,-1.5739
5.76,-1.5769
5.762,-1.5769
5.764,-1.58
5.766,-1.58
5.768,-1.5831
5.77,-1.5831
5.772,-1.5861
5.774,-1.5861
5.776,-1.5892
5.778,-1.5923
5.78,-1.5923
5.782,-1.5953
5.784,-1.5953
5.786,-1.5984
5.788,-1.5984
5.79,-1.6015
5.792,-1.6045
5.794,-1.6045
5.796,-1.6076
5.798,-1.6076
5.8,-1.6107
5.802,-1.6107
5.804,-1.6137
5.806,-1.6168
5.808,-1.6168
5.81,-1.6199
5.812,-1.6199
5.814,-1.623
5.816,-1.626
5.818,-1.626
5.82,-1.6291
5.822,-1.6322
5.824,-1.6322
5.826,-1.6352
5.828,-1.6352
5.83,-1.6383
5.832,-1.6383
5.834,-1.6414
5.836,-1.6444
5.838,-1.6444
5.84,-1.6475
5.842,-1.6475
5.844,-1.6475
5.846,-1.6506
5.848,-1.6536
5.85,-1.6536
5.852,-1.6567
5.854,-1.6567
5.856,-1.6567
5.858,-1.6598
5.86,-1.6598
5.862,-1.6598
5.864,-1.6628
5.866,-1.6628
5.868,-1.6628
5.87,-1.6628
5.872,-1.6659
5.874,-1.6659
5.876,-1.6659
5.878,-1.6659
5.88,-1.6659
5.882,-1.6659
5.884,-1.6659
5.886,-1.6628
5.888,-1.6628
5.89,-1.6628
5.892,-1.6598
5.894,-1.6598
5.896,-1.6567
5.898,-1.6567
5.9,-1.6536
5.902,-1.6506
5.904,-1.6475
5.906,-1.6444
5.908,-1.6414
5.91,-1.6383
5.912,-1.6352
5.914,-1.6291
5.916,-1.623
5.918,-1.6199
5.92,-1.6137
5.922,-1.6076
5.924,-1.6015
5.926,-1.5953
5.928,-1.5861
5.93,-1.58
5.932,-1.5708
5.934,-1.5616
5.936,-1.5493
5.938,-1.5401
5.94,-1.5309
5.942,-1.5186
5.944,-1.5064
5.946,-1.491
5.948,-1.4757
5.95,-1.4603
5.952,-1.445
5.954,-1.4266
5.956,-1.4113
5.958,-1.3898
5.96,-1.3714
5.962,-1.3499
5.964,-1.3284
5.966,-1.31
5.968,-1.2885
5.97,-1.264
5.972,-1.2425
5.974,-1.221
5.976,-1.2026
5.978,-1.1812
5.98,-1.1597
5.982,-1.1413
5.984,-1.1229
5.986,-1.1075
5.988,-1.0891
5.99,-1.0738
5.992,-1.0584
5.994,-1.0462
5.996,-1.0308
5.998,-1.0186
6,-1.0094
6.002,-0.99709
6.004,-0.98482
6.006,-0.97561
6.008,-0.96641
6.01,-0.9572
6.012,-0.95107
6.014,-0.94186
6.016,-0.93573
6.018,-0.92959
6.02,-0.92039
6.022,-0.91425
6.024,-0.90812
6.026,-0.90505
6.028,-0.89891
6.03,-0.89278
6.032,-0.88971
6.034,-0.88357
6.036,-0.8805
6.038,-0.87744
6.04,-0.8713
6.042,-0.8713
6.044,-0.86517
6.046,-0.8621
6.048,-0.85903
6.05,-0.85596
6.052,-0.85289
6.054,-0.84983
6.056,-0.84676
6.058,-0.84676
6.06,-0.84369
6.062,-0.84062
6.064,-0.83755
6.066,-0.83755
6.068,-0.83449
6.07,-0.83142
6.072,-0.82835
6.074,-0.82528
6.076,-0.82528
6.078,-0.82221
6.08,-0.81915
6.082,-0.81915
6.084,-0.81608
6.086,-0.81301
6.088,-0.80994
6.09,-0.80994
6.092,-0.80687
6.094,-0.80381
6.096,-0.80074
6.098,-0.79767
6.1,-0.7946
6.102,-0.79153
6.104,-0.78847
6.106,-0.7854
6.108,-0.78233
6.11,-0.77926
6.112,-0.77619
6.114,-0.77313
6.116,-0.77006
6.118,-0.76392
6.12,-0.76085
6.122,-0.75779
6.124,-0.75165
6.126,-0.74858
6.128,-0.74551
6.13,-0.73938
6.132,-0.73631
6.134,-0.73017
6.136,-0.72404
6.138,-0.72097
6.14,-0.71484
6.142,-0.71177
6.144,-0.70256
6.146,-0.6995
6.148,-0.69336
6.15,-0.68722
6.152,-0.68109
6.154,-0.67495
6.156,-0.66882
6.158,-0.66268
6.16,-0.65654
6.162,-0.65041
6.164,-0.64427
6.166,-0.63814
6.168,-0.632
6.17,-0.62586
6.172,-0.61973
6.174,-0.61359
6.176,-0.60746
6.178,-0.60132
6.18,-0.59518
6.182,-0.58905
6.184,-0.58291
6.186,-0.57678
6.188,-0.57064
6.19,-0.5645
6.192,-0.56144
6.194,-0.5553
6.196,-0.54917
6.198,-0.54303
6.2,-0.53996
6.202,-0.53383
6.204,-0.53076
6.206,-0.52462
6.208,-0.52155
6.21,-0.51542
6.212,-0.51235
6.214,-0.50928
6.216,-0.50315
6.218,-0.50008
6.22,-0.49701
6.222,-0.49394
6.224,-0.49087
6.226,-0.48781
6.228,-0.48474
6.23,-0.48167
6.232,-0.48167
6.234,-0.4786
6.236,-0.4786
6.238,-0.47553
6.24,-0.47553
6.242,-0.47553
6.244,-0.47553
6.246,-0.47553
6.248,-0.47553
6.25,-0.47553
6.252,-0.47553
6.254,-0.47553
6.256,-0.4786
6.258,-0.4786
6.26,-0.48167
6.262,-0.48474
6.264,-0.49087
6.266,-0.49394
6.268,-0.49701
6.27,-0.50315
6.272,-0.50621
6.274,-0.51542
6.276,-0.52155
6.278,-0.52769
6.28,-0.53689
6.282,-0.5461
6.284,-0.5553
6.286,-0.56757
6.288,-0.57984
6.29,-0.59212
6.292,-0.60439
6.294,-0.61973
6.296,-0.63507
6.298,-0.65348
6.3,-0.66882
6.302,-0.69029
6.304,-0.7087
6.306,-0.73017
6.308,-0.75165
6.31,-0.77619
6.312,-0.79767
6.314,-0.82221
6.316,-0.84676
6.318,-0.8713
6.32,-0.89584
6.322,-0.91732
6.324,-0.94186
6.326,-0.96334
6.328,-0.98482
6.33,-1.0063
6.332,-1.0247
6.334,-1.0431
6.336,-1.0584
6.338,-1.0738
6.34,-1.0891
6.342,-1.1045
6.344,-1.1167
6.346,-1.129
6.348,-1.1413
6.35,-1.1505
6.352,-1.1597
6.354,-1.1689
6.356,-1.1781
6.358,-1.1842
6.36,-1.1934
6.362,-1.1996
6.364,-1.2057
6.366,-1.2118
6.368,-1.2149
6.37,-1.218
6.372,-1.2241
6.374,-1.2272
6.376,-1.2303
6.378,-1.2333
6.38,-1.2364
6.382,-1.2395
6.384,-1.2395
6.386,-1.2425
6.388,-1.2425
6.39,-1.2425
6.392,-1.2425
6.394,-1.2456
6.396,-1.2456
6.398,-1.2456
6.4,-1.2456
6.402,-1.2456
6.404,-1.2456
6.406,-1.2456
6.408,-1.2425
6.41,-1.2425
6.412,-1.2425
6.414,-1.2425
6.416,-1.2395
6.418,-1.2395
6.42,-1.2364
6.422,-1.2364
6.424,-1.2333
6.426,-1.2333
6.428,-1.2303
6.43,-1.2303
6.432,-1.2272
6.434,-1.2272
6.436,-1.2241
6.438,-1.221
6.44,-1.218
6.442,-1.218
6.444,-1.2149
6.446,-1.2149
6.448,-1.2118
6.45,-1.2088
6.452,-1.2088
6.454,-1.2057
6.456,-1.2088
6.458,-1.2057
6.46,-1.2057
6.462,-1.2057
6.464,-1.2057
6.466,-1.2088
6.468,-1.2118
6.47,-1.2118
6.472,-1.2149
6.474,-1.218
6.476,-1.221
6.478,-1.2241
6.48,-1.2303
6.482,-1.2333
6.484,-1.2395
6.486,-1.2425
6.488,-1.2487
6.49,-1.2548
6.492,-1.2609
6.494,-1.264
6.496,-1.2701
6.498,-1.2763
6.5,-1.2824
6.502,-1.2885
6.504,-1.2916
6.506,-1.2977
6.508,-1.3039
6.51,-1.307
6.512,-1.3131
6.514,-1.3162
6.516,-1.3192
6.518,-1.3223
6.52,-1.3254
6.522,-1.3254
6.524,-1.3315
6.526,-1.3315
6.528,-1.3346
6.53,-1.3376
6.532,-1.3376
6.534,-1.3407
6.536,-1.3407
6.538,-1.3438
6.54,-1.3438
6.542,-1.3468
6.544,-1.3468
6.546,-1.3499
6.548,-1.3499
6.55,-1.353
6.552,-1.353
6.554,-1.356
6.556,-1.356
6.558,-1.3591
6.56,-1.3591
6.562,-1.3622
6.564,-1.3622
6.566,-1.3622
6.568,-1.3622
6.57,-1.3652
6.572,-1.3652
6.574,-1.3652
6.576,-1.3652
6.578,-1.3652
6.58,-1.3652
6.582,-1.3652
6.584,-1.3652
6.586,-1.3652
6.588,-1.3652
6.59,-1.3652
6.592,-1.3622
6.594,-1.3622
6.596,-1.3591
6.598,-1.3591
6.6,-1.356
6.602,-1.353
6.604,-1.3499
6.606,-1.3499
6.608,-1.3468
6.61,-1.3407
6.612,-1.3376
6.614,-1.3346
6.616,-1.3284
6.618,-1.3254
6.62,-1.3192
6.622,-1.3131
6.624,-1.307
6.626,-1.3008
6.628,-1.2916
6.63,-1.2855
6.632,-1.2763
6.634,-1.2671
6.636,-1.2579
6.638,-1.2456
6.64,-1.2364
6.642,-1.2241
6.644,-1.2118
6.646,-1.1965
6.648,-1.1812
6.65,-1.1658
6.652,-1.1505
6.654,-1.1321
6.656,-1.1137
6.658,-1.0922
6.66,-1.0738
6.662,-1.0523
6.664,-1.0308
6.666,-1.0063
6.668,-0.98482
6.67,-0.96027
6.672,-0.9388
6.674,-0.91732
6.676,-0.89584
6.678,-0.87437
6.68,-0.85289
6.682,-0.83449
6.684,-0.81608
6.686,-0.79767
6.688,-0.78233
6.69,-0.76392
6.692,-0.74858
6.694,-0.73631
6.696,-0.72404
6.698,-0.7087
6.7,-0.6995
6.702,-0.68722
6.704,-0.67495
6.706,-0.66575
6.708,-0.65654
6.71,-0.65041
6.712,-0.6412
6.714,-0.63507
6.716,-0.62586
6.718,-0.61973
6.72,-0.61359
6.722,-0.60746
6.724,-0.60132
6.726,-0.59825
6.728,-0.59212
6.73,-0.58905
6.732,-0.58291
6.734,-0.57984
6.736,-0.57678
6.738,-0.57371
6.74,-0.56757
6.742,-0.5645
6.744,-0.5645
6.746,-0.56144
6.748,-0.55837
6.75,-0.5553
6.752,-0.55223
6.754,-0.55223
6.756,-0.54917
6.758,-0.5461
6.76,-0.54303
6.762,-0.54303
6.764,-0.53996
6.766,-0.53996
6.768,-0.53689
6.77,-0.53689
6.772,-0.53383
6.774,-0.53076
6.776,-0.53076
6.778,-0.53076
6.78,-0.52769
6.782,-0.52769
6.784,-0.52462
6.786,-0.52462
6.788,-0.52155
6.79,-0.51849
6.792,-0.51849
6.794,-0.51542
6.796,-0.51542
6.798,-0.51235
6.8,-0.50928
6.802,-0.50621
6.804,-0.50621
6.806,-0.50315
6.808,-0.50008
6.81,-0.50008
6.812,-0.49701
6.814,-0.49394
6.816,-0.49087
6.818,-0.48781
6.82,-0.48474
6.822,-0.48167
6.824,-0.4786
6.826,-0.47553
6.828,-0.4694
6.83,-0.46633
6.832,-0.46326
6.834,-0.46019
6.836,-0.45406
6.838,-0.45099
6.84,-0.44792
6.842,-0.44179
6.844,-0.43872
6.846,-0.43258
6.848,-0.42951
6.85,-0.42338
6.852,-0.41724
6.854,-0.41111
6.856,-0.40497
6.858,-0.4019
6.86,-0.39577
6.862,-0.38963
6.864,-0.3835
6.866,-0.37736
6.868,-0.37122
6.87,-0.36509
6.872,-0.35895
6.874,-0.35282
6.876,-0.34668
6.878,-0.34054
6.88,-0.33441
6.882,-0.32827
6.884,-0.32214
6.886,-0.316
6.888,-0.30986
6.89,-0.30373
6.892,-0.29759
6.894,-0.29452
6.896,-0.28839
6.898,-0.28225
6.9,-0.27612
6.902,-0.26998
6.904,-0.26691
6.906,-0.26078
6.908,-0.25464
6.91,-0.25157
6.912,-0.24544
6.914,-0.24237
6.916,-0.23623
6.918,-0.23317
6.92,-0.22703
6.922,-0.22396
6.924,-0.22089
6.926,-0.21783
6.928,-0.21169
6.93,-0.20862
6.932,-0.20555
6.934,-0.20249
6.936,-0.19942
6.938,-0.19635
6.94,-0.19635
6.942,-0.19328
6.944,-0.19021
6.946,-0.19021
6.948,-0.18715
6.95,-0.18715
6.952,-0.18715
6.954,-0.18408
6.956,-0.18408
6.958,-0.18408
6.96,-0.18408
6.962,-0.18408
6.964,-0.18715
6.966,-0.18715
6.968,-0.19021
6.97,-0.19328
6.972,-0.19635
6.974,-0.19635
6.976,-0.19942
6.978,-0.20555
6.98,-0.20862
6.982,-0.21476
6.984,-0.22089
6.986,-0.22703
6.988,-0.23317
6.99,-0.24237
6.992,-0.25157
6.994,-0.26078
6.996,-0.26998
6.998,-0.28225
7,-0.29452
7.002,-0.3068
7.004,-0.31907
7.006,-0.33441
7.008,-0.34975
7.01,-0.36816
7.012,-0.38656
7.014,-0.40497
7.016,-0.42645
7.018,-0.44792
7.02,-0.4694
7.022,-0.49394
7.024,-0.51849
7.026,-0.54303
7.028,-0.57064
7.03,-0.59518
7.032,-0.6228
7.034,-0.64734
7.036,-0.67188
7.038,-0.69643
7.04,-0.7179
7.042,-0.73938
7.044,-0.76085
7.046,-0.78233
7.048,-0.80074
7.05,-0.81915
7.052,-0.83755
7.054,-0.85289
7.056,-0.86823
7.058,-0.8805
7.06,-0.89278
7.062,-0.90505
7.064,-0.91732
7.066,-0.92652
7.068,-0.93573
7.07,-0.94493
7.072,-0.95414
7.074,-0.96027
7.076,-0.96641
7.078,-0.97254
7.08,-0.97868
7.082,-0.98482
7.084,-0.99095
7.086,-0.99402
7.088,-0.99709
7.09,-1.0032
7.092,-1.0063
7.094,-1.0094
7.096,-1.0094
7.098,-1.0124
7.1,-1.0155
7.102,-1.0186
7.104,-1.0186
7.106,-1.0186
7.108,-1.0216
7.11,-1.0216
7.112,-1.0216
7.114,-1.0216
7.116,-1.0216
7.118,-1.0216
7.12,-1.0216
7.122,-1.0216
7.124,-1.0216
7.126,-1.0216
7.128,-1.0216
7.13,-1.0216
7.132,-1.0186
7.134,-1.0186
7.136,-1.0186
7.138,-1.0186
7.14,-1.0155
7.142,-1.0155
7.144,-1.0124
7.146,-1.0124
7.148,-1.0094
7.15,-1.0094
7.152,-1.0063
7.154,-1.0063
7.156,-1.0063
7.158,-1.0063
7.16,-1.0063
7.162,-1.0063
7.164,-1.0094
7.166,-1.0094
7.168,-1.0124
7.17,-1.0155
7.172,-1.0186
7.174,-1.0216
7.176,-1.0247
7.178,-1.0308
7.18,-1.0339
7.182,-1.0431
7.184,-1.0462
7.186,-1.0554
7.188,-1.0646
7.19,-1.0707
7.192,-1.0799
7.194,-1.0891
7.196,-1.1014
7.198,-1.1106
7.2,-1.1229
7.202,-1.1321
7.204,-1.1443
7.206,-1.1597
7.208,-1.172
7.21,-1.1842
7.212,-1.1996
7.214,-1.2118
7.216,-1.2272
7.218,-1.2395
7.22,-1.2548
7.222,-1.2671
7.224,-1.2824
7.226,-1.2947
7.228,-1.31
7.23,-1.3223
7.232,-1.3346
7.234,-1.3468
7.236,-1.3591
7.238,-1.3714
7.24,-1.3806
7.242,-1.3929
7.244,-1.4021
7.246,-1.4143
7.248,-1.4235
7.25,-1.4327
7.252,-1.445
7.254,-1.4542
7.256,-1.4634
7.258,-1.4726
7.26,-1.4818
7.262,-1.491
7.264,-1.5002
7.266,-1.5094
7.268,-1.5186
7.27,-1.5248
7.272,-1.534
7.274,-1.5432
7.276,-1.5524
7.278,-1.5585
7.28,-1.5677
7.282,-1.5739
7.284,-1.5831
7.286,-1.5923
7.288,-1.5984
7.29,-1.6045
7.292,-1.6107
7.294,-1.6168
7.296,-1.623
7.298,-1.6291
7.3,-1.6352
7.302,-1.6414
7.304,-1.6475
7.306,-1.6506
7.308,-1.6567
7.31,-1.6598
7.312,-1.6628
7.314,-1.669
7.316,-1.669
7.318,-1.672
7.32,-1.6751
7.322,-1.6782
7.324,-1.6782
7.326,-1.6812
7.328,-1.6812
7.33,-1.6812
7.332,-1.6812
7.334,-1.6812
7.336,-1.6782
7.338,-1.6751
7.34,-1.672
7.342,-1.669
7.344,-1.6659
7.346,-1.6598
7.348,-1.6536
7.35,-1.6475
7.352,-1.6383
7.354,-1.6291
7.356,-1.6199
7.358,-1.6107
7.36,-1.5984
7.362,-1.5861
7.364,-1.5708
7.366,-1.5585
7.368,-1.5432
7.37,-1.5278
7.372,-1.5125
7.374,-1.5002
7.376,-1.4849
7.378,-1.4726
7.38,-1.4603
7.382,-1.4481
7.384,-1.4358
7.386,-1.4235
7.388,-1.4143
7.39,-1.4051
7.392,-1.3959
7.394,-1.3898
7.396,-1.3837
7.398,-1.3775
7.4,-1.3714
7.402,-1.3652
7.404,-1.3622
7.406,-1.3591
7.408,-1.356
7.41,-1.353
7.412,-1.353
7.414,-1.3499
7.416,-1.3499
7.418,-1.3499
7.42,-1.3499
7.422,-1.3499
7.424,-1.3499
7.426,-1.3499
7.428,-1.3499
7.43,-1.353
7.432,-1.353
7.434,-1.356
7.436,-1.3591
7.438,-1.3591
7.44,-1.3622
7.442,-1.3652
7.444,-1.3683
7.446,-1.3714
7.448,-1.3744
7.45,-1.3775
7.452,-1.3837
7.454,-1.3867
7.456,-1.3898
7.458,-1.3929
7.46,-1.399
7.462,-1.4021
7.464,-1.4051
7.466,-1.4113
7.468,-1.4143
7.47,-1.4205
7.472,-1.4235
7.474,-1.4266
7.476,-1.4327
7.478,-1.4358
7.48,-1.4389
7.482,-1.445
7.484,-1.4481
7.486,-1.4542
7.488,-1.4573
7.49,-1.4634
7.492,-1.4665
7.494,-1.4726
7.496,-1.4757
7.498,-1.4788
7.5,-1.4818
7.502,-1.488
7.504,-1.491
7.506,-1.4941
7.508,-1.4972
7.51,-1.5002
7.512,-1.5033
7.514,-1.5064
7.516,-1.5094
7.518,-1.5125
7.52,-1.5156
7.522,-1.5186
7.524,-1.5217
7.526,-1.5217
7.528,-1.5248
7.53,-1.5248
7.532,-1.5278
7.534,-1.5309
7.536,-1.5309
7.538,-1.5309
7.54,-1.534
7.542,-1.534
7.544,-1.534
7.546,-1.534
7.548,-1.534
7.55,-1.534
7.552,-1.534
7.554,-1.534
7.556,-1.534
7.558,-1.534
7.56,-1.5309
7.562,-1.5309
7.564,-1.5278
7.566,-1.5278
7.568,-1.5248
7.57,-1.5217
7.572,-1.5217
7.574,-1.5186
7.576,-1.5156
7.578,-1.5125
7.58,-1.5094
7.582,-1.5094
7.584,-1.5064
7.586,-1.5033
7.588,-1.5002
7.59,-1.4972
7.592,-1.4941
7.594,-1.491
7.596,-1.488
7.598,-1.4849
7.6,-1.4818
7.602,-1.4757
7.604,-1.4757
7.606,-1.4726
7.608,-1.4696
7.61,-1.4665
7.612,-1.4634
7.614,-1.4603
7.616,-1.4573
7.618,-1.4542
7.62,-1.4511
7.622,-1.4481
7.624,-1.445
7.626,-1.445
7.628,-1.4419
7.63,-1.4389
7.632,-1.4358
7.634,-1.4358
7.636,-1.4327
7.638,-1.4297
7.64,-1.4297
7.642,-1.4266
7.644,-1.4266
7.646,-1.4235
7.648,-1.4235
7.65,-1.4205
7.652,-1.4205
7.654,-1.4205
7.656,-1.4174
7.658,-1.4174
7.66,-1.4174
7.662,-1.4174
7.664,-1.4174
7.666,-1.4174
7.668,-1.4174
7.67,-1.4205
7.672,-1.4205
7.674,-1.4205
7.676,-1.4235
7.678,-1.4235
7.68,-1.4266
7.682,-1.4297
7.684,-1.4327
7.686,-1.4358
7.688,-1.4389
7.69,-1.4419
7.692,-1.4481
7.694,-1.4511
7.696,-1.4573
7.698,-1.4634
7.7,-1.4696
7.702,-1.4757
7.704,-1.4818
7.706,-1.491
7.708,-1.5002
7.71,-1.5094
7.712,-1.5186
7.714,-1.5278
7.716,-1.537
7.718,-1.5493
7.72,-1.5616
7.722,-1.5769
7.724,-1.5923
7.726,-1.6076
7.728,-1.623
7.73,-1.6414
7.732,-1.6598
7.734,-1.6812
7.736,-1.7027
7.738,-1.7242
7.74,-1.7487
7.742,-1.7733
7.744,-1.7978
7.746,-1.8254
7.748,-1.853
7.75,-1.8807
7.752,-1.9083
7.754,-1.939
7.756,-1.9666
7.758,-1.9942
7.76,-2.0218
7.762,-2.0463
7.764,-2.0709
7.766,-2.0954
7.768,-2.1169
7.77,-2.1384
7.772,-2.1598
7.774,-2.1813
7.776,-2.1967
7.778,-2.2151
7.78,-2.2304
7.782,-2.2457
7.784,-2.258
7.786,-2.2703
7.788,-2.2826
7.79,-2.2948
7.792,-2.3071
7.794,-2.3163
7.796,-2.3224
7.798,-2.3317
7.8,-2.3409
7.802,-2.347
7.804,-2.3531
7.806,-2.3593
7.808,-2.3654
7.81,-2.3685
7.812,-2.3746
7.814,-2.3777
7.816,-2.3807
7.818,-2.3838
7.82,-2.3869
7.822,-2.3899
7.824,-2.3899
7.826,-2.3899
7.828,-2.3899
7.83,-2.3869
7.832,-2.3838
7.834,-2.3838
7.836,-2.3807
7.838,-2.3807
7.84,-2.3777
7.842,-2.3746
7.844,-2.3715
7.846,-2.3685
7.848,-2.3654
7.85,-2.3623
7.852,-2.3593
7.854,-2.3562
7.856,-2.3501
7.858,-2.347
7.86,-2.3439
7.862,-2.3409
7.864,-2.3347
7.866,-2.3317
7.868,-2.3255
7.87,-2.3224
7.872,-2.3194
7.874,-2.3132
7.876,-2.3102
7.878,-2.304
7.88,-2.301
7.882,-2.2948
7.884,-2.2918
7.886,-2.2856
7.888,-2.2826
7.89,-2.2764
7.892,-2.2734
7.894,-2.2703
7.896,-2.2672
7.898,-2.2642
7.9,-2.2611
7.902,-2.2611
7.904,-2.258
7.906,-2.258
7.908,-2.255
7.91,-2.255
7.912,-2.255
7.914,-2.255
7.916,-2.255
7.918,-2.255
7.92,-2.255
7.922,-2.258
7.924,-2.258
7.926,-2.258
7.928,-2.258
7.93,-2.2611
7.932,-2.2611
7.934,-2.2611
7.936,-2.2642
7.938,-2.2642
7.94,-2.2642
7.942,-2.2672
7.944,-2.2672
7.946,-2.2672
7.948,-2.2672
7.95,-2.2642
7.952,-2.2642
7.954,-2.2611
7.956,-2.2611
7.958,-2.258
7.96,-2.255
7.962,-2.255
7.964,-2.2488
7.966,-2.2457
7.968,-2.2427
7.97,-2.2396
7.972,-2.2365
7.974,-2.2335
7.976,-2.2304
7.978,-2.2273
7.98,-2.2243
7.982,-2.2212
7.984,-2.2151
7.986,-2.212
7.988,-2.2089
7.99,-2.2059
7.992,-2.2028
7.994,-2.1967
7.996,-2.1936
7.998,-2.1905
8,-2.1875
8.002,-2.1844
8.004,-2.1783
8.006,-2.1752
8.008,-2.1721
8.01,-2.166
8.012,-2.1629
8.014,-2.1568
8.016,-2.1537
8.018,-2.1476
8.02,-2.1445
8.022,-2.1384
8.024,-2.1322
8.026,-2.1261
8.028,-2.123
8.03,-2.1169
8.032,-2.1108
8.034,-2.1046
8.036,-2.0985
8.038,-2.0893
8.04,-2.0831
8.042,-2.077
8.044,-2.0678
8.046,-2.0617
8.048,-2.0525
8.05,-2.0433
8.052,-2.0341
8.054,-2.0249
8.056,-2.0157
8.058,-2.0034
8.06,-1.9942
8.062,-1.985
8.064,-1.9727
8.066,-1.9604
8.068,-1.9451
8.07,-1.9328
8.072,-1.9175
8.074,-1.9052
8.076,-1.8899
8.078,-1.8715
8.08,-1.8561
8.082,-1.8377
8.084,-1.8193
8.086,-1.7978
8.088,-1.7794
8.09,-1.7579
8.092,-1.7365
8.094,-1.7119
8.096,-1.6904
8.098,-1.6628
8.1,-1.6383
8.102,-1.6107
8.104,-1.5861
8.106,-1.5585
8.108,-1.5309
8.11,-1.5033
8.112,-1.4726
8.114,-1.4481
8.116,-1.4235
8.118,-1.3959
8.12,-1.3714
8.122,-1.3468
8.124,-1.3223
8.126,-1.3008
8.128,-1.2793
8.13,-1.2579
8.132,-1.2395
8.134,-1.218
8.136,-1.2026
8.138,-1.1842
8.14,-1.1658
8.142,-1.1505
8.144,-1.1351
8.146,-1.1229
8.148,-1.1075
8.15,-1.0953
8.152,-1.083
8.154,-1.0707
8.156,-1.0584
8.158,-1.0462
8.16,-1.037
8.162,-1.0247
8.164,-1.0155
8.166,-1.0063
8.168,-0.99402
8.17,-0.98482
8.172,-0.97561
8.174,-0.96641
8.176,-0.9572
8.178,-0.948
8.18,-0.9388
8.182,-0.92959
8.184,-0.92039
8.186,-0.91118
8.188,-0.90505
8.19,-0.89584
8.192,-0.88664
8.194,-0.87744
8.196,-0.8713
8.198,-0.8621
8.2,-0.85289
8.202,-0.84676
8.204,-0.83755
8.206,-0.82835
8.208,-0.82221
8.21,-0.81301
8.212,-0.80687
8.214,-0.79767
8.216,-0.78847
8.218,-0.78233
8.22,-0.77313
8.222,-0.76392
8.224,-0.75779
8.226,-0.74858
8.228,-0.73938
8.23,-0.73324
8.232,-0.72404
8.234,-0.71484
8.236,-0.7087
8.238,-0.6995
8.24,-0.69029
8.242,-0.68109
8.244,-0.67188
8.246,-0.66268
8.248,-0.65348
8.25,-0.64734
8.252,-0.63814
8.254,-0.62893
8.256,-0.61973
8.258,-0.61052
8.26,-0.60132
8.262,-0.59212
8.264,-0.57984
8.266,-0.57371
8.268,-0.5645
8.27,-0.55223
8.272,-0.54303
8.274,-0.53383
8.276,-0.52462
8.278,-0.51542
8.28,-0.50315
8.282,-0.49394
8.284,-0.48474
8.286,-0.47553
8.288,-0.46633
8.29,-0.45713
8.292,-0.44485
8.294,-0.43872
8.296,-0.42951
8.298,-0.42031
8.3,-0.41111
8.302,-0.4019
8.304,-0.3927
8.306,-0.3835
8.308,-0.37736
8.31,-0.36816
8.312,-0.36202
8.314,-0.35282
8.316,-0.34668
8.318,-0.34054
8.32,-0.33134
8.322,-0.3252
8.324,-0.31907
8.326,-0.31293
8.328,-0.3068
8.33,-0.30066
8.332,-0.29452
8.334,-0.28839
8.336,-0.28225
8.338,-0.27918
8.34,-0.27305
8.342,-0.26998
8.344,-0.26384
8.346,-0.26078
8.348,-0.25771
8.35,-0.25464
8.352,-0.25157
8.354,-0.2485
8.356,-0.24544
8.358,-0.24544
8.36,-0.24544
8.362,-0.24237
8.364,-0.24237
8.366,-0.24237
8.368,-0.24237
8.37,-0.24237
8.372,-0.24544
8.374,-0.2485
8.376,-0.2485
8.378,-0.25464
8.38,-0.25771
8.382,-0.26078
8.384,-0.26691
8.386,-0.27305
8.388,-0.27918
8.39,-0.28839
8.392,-0.29452
8.394,-0.3068
8.396,-0.316
8.398,-0.3252
8.4,-0.33748
8.402,-0.34975
8.404,-0.36509
8.406,-0.37736
8.408,-0.3927
8.41,-0.40804
8.412,-0.42338
8.414,-0.43872
8.416,-0.45406
8.418,-0.4694
8.42,-0.48474
8.422,-0.50008
8.424,-0.51235
8.426,-0.52769
8.428,-0.53996
8.43,-0.55223
8.432,-0.5645
8.434,-0.57371
8.436,-0.58291
8.438,-0.59212
8.44,-0.60132
8.442,-0.61052
8.444,-0.61666
8.446,-0.6228
8.448,-0.62586
8.45,-0.632
8.452,-0.63814
8.454,-0.6412
8.456,-0.64427
8.458,-0.64734
8.46,-0.65041
8.462,-0.65041
8.464,-0.65348
8.466,-0.65348
8.468,-0.65348
8.47,-0.65654
8.472,-0.65654
8.474,-0.65654
8.476,-0.65654
8.478,-0.65654
8.48,-0.65348
8.482,-0.65348
8.484,-0.65348
8.486,-0.65041
8.488,-0.65041
8.49,-0.64734
8.492,-0.64427
8.494,-0.6412
8.496,-0.6412
8.498,-0.63814
8.5,-0.63507
8.502,-0.632
8.504,-0.62893
8.506,-0.62586
8.508,-0.6228
8.51,-0.61973
8.512,-0.61666
8.514,-0.61359
8.516,-0.61052
8.518,-0.60439
8.52,-0.60132
8.522,-0.59825
8.524,-0.59518
8.526,-0.59212
8.528,-0.58905
8.53,-0.58291
8.532,-0.57984
8.534,-0.57678
8.536,-0.57064
8.538,-0.56757
8.54,-0.5645
8.542,-0.56144
8.544,-0.55837
8.546,-0.5553
8.548,-0.55223
8.55,-0.55223
8.552,-0.54917
8.554,-0.54917
8.556,-0.5461
8.558,-0.54303
8.56,-0.54303
8.562,-0.54303
8.564,-0.54303
8.566,-0.53996
8.568,-0.53996
8.57,-0.53996
8.572,-0.53996
8.574,-0.53996
8.576,-0.53996
8.578,-0.53689
8.58,-0.53689
8.582,-0.53689
8.584,-0.53689
8.586,-0.53383
8.588,-0.53076
8.59,-0.53076
8.592,-0.52769
8.594,-0.52769
8.596,-0.52462
8.598,-0.52155
8.6,-0.51542
8.602,-0.51235
8.604,-0.50928
8.606,-0.50315
8.608,-0.49701
8.61,-0.49087
8.612,-0.48781
8.614,-0.4786
8.616,-0.47247
8.618,-0.46633
8.62,-0.46019
8.622,-0.45406
8.624,-0.44485
8.626,-0.43565
8.628,-0.42951
8.63,-0.42031
8.632,-0.41417
8.634,-0.40497
8.636,-0.39884
8.638,-0.38963
8.64,-0.3835
8.642,-0.37429
8.644,-0.36816
8.646,-0.35895
8.648,-0.34975
8.65,-0.34361
8.652,-0.33441
8.654,-0.3252
8.656,-0.316
8.658,-0.3068
8.66,-0.29759
8.662,-0.29146
8.664,-0.28225
8.666,-0.26998
8.668,-0.26078
8.67,-0.25157
8.672,-0.24237
8.674,-0.2301
8.676,-0.22089
8.678,-0.20862
8.68,-0.19942
8.682,-0.18715
8.684,-0.17487
8.686,-0.1626
8.688,-0.15033
8.69,-0.13806
8.692,-0.12579
8.694,-0.11045
8.696,-0.098175
8.698,-0.082835
8.7,-0.067495
8.702,-0.052155
8.704,-0.036816
8.706,-0.018408
8.708,-0.003068
8.71,0.01534
8.712,0.033748
8.714,0.052155
8.716,0.073631
8.718,0.095107
8.72,0.11351
8.722,0.13499
8.724,0.15647
8.726,0.18101
8.728,0.20555
8.73,0.2301
8.732,0.25464
8.734,0.27918
8.736,0.3068
8.738,0.33441
8.74,0.36202
8.742,0.38963
8.744,0.41724
8.746,0.44485
8.748,0.47247
8.75,0.50008
8.752,0.52769
8.754,0.5553
8.756,0.58291
8.758,0.60746
8.76,0.632
8.762,0.65961
8.764,0.68109
8.766,0.70256
8.768,0.72711
8.77,0.74858
8.772,0.77006
8.774,0.78847
8.776,0.80687
8.778,0.82528
8.78,0.84369
8.782,0.8621
8.784,0.87744
8.786,0.89278
8.788,0.90812
8.79,0.92346
8.792,0.9388
8.794,0.95414
8.796,0.96641
8.798,0.97868
8.8,0.99095
8.802,1.0032
8.804,1.0155
8.806,1.0278
8.808,1.04
8.81,1.0523
8.812,1.0615
8.814,1.0707
8.816,1.083
8.818,1.0922
8.82,1.1014
8.822,1.1137
8.824,1.1198
8.826,1.129
8.828,1.1413
8.83,1.1505
8.832,1.1566
8.834,1.1658
8.836,1.175
8.838,1.1842
8.84,1.1904
8.842,1.1996
8.844,1.2088
8.846,1.2149
8.848,1.2241
8.85,1.2333
8.852,1.2395
8.854,1.2487
8.856,1.2579
8.858,1.264
8.86,1.2732
8.862,1.2793
8.864,1.2885
8.866,1.2977
8.868,1.3039
8.87,1.3131
8.872,1.3223
8.874,1.3284
8.876,1.3376
8.878,1.3468
8.88,1.353
8.882,1.3622
8.884,1.3714
8.886,1.3775
8.888,1.3867
8.89,1.3959
8.892,1.4021
8.894,1.4113
8.896,1.4205
8.898,1.4297
8.9,1.4358
8.902,1.445
8.904,1.4542
8.906,1.4634
8.908,1.4726
8.91,1.4818
8.912,1.491
8.914,1.5002
8.916,1.5094
8.918,1.5186
8.92,1.5278
8.922,1.537
8.924,1.5463
8.926,1.5555
8.928,1.5647
8.93,1.5708
8.932,1.5831
8.934,1.5923
8.936,1.5984
8.938,1.6076
8.94,1.6168
8.942,1.626
8.944,1.6322
8.946,1.6414
8.948,1.6506
8.95,1.6567
8.952,1.6659
8.954,1.672
8.956,1.6782
8.958,1.6874
8.96,1.6935
8.962,1.6997
8.964,1.7058
8.966,1.7119
8.968,1.7181
8.97,1.7242
8.972,1.7303
8.974,1.7334
8.976,1.7395
8.978,1.7426
8.98,1.7487
8.982,1.7518
8.984,1.7549
8.986,1.761
8.988,1.7641
8.99,1.7671
8.992,1.7671
8.994,1.7702
8.996,1.7733
8.998,1.7763
9,1.7763
9.002,1.7763
9.004,1.7763
9.006,1.7763
9.008,1.7763
9.01,1.7763
9.012,1.7763
9.014,1.7733
9.016,1.7702
9.018,1.7671
9.02,1.7641
9.022,1.7579
9.024,1.7549
9.026,1.7487
9.028,1.7426
9.03,1.7365
9.032,1.7273
9.034,1.7181
9.036,1.7089
9.038,1.6997
9.04,1.6874
9.042,1.6782
9.044,1.6628
9.046,1.6475
9.048,1.6322
9.05,1.6168
9.052,1.6015
9.054,1.5831
9.056,1.5647
9.058,1.5432
9.06,1.5248
9.062,1.5033
9.064,1.4818
9.066,1.4603
9.068,1.4389
9.07,1.4205
9.072,1.399
9.074,1.3806
9.076,1.3622
9.078,1.3438
9.08,1.3254
9.082,1.31
9.084,1.2977
9.086,1.2824
9.088,1.2671
9.09,1.2548
9.092,1.2425
9.094,1.2333
9.096,1.2241
9.098,1.2149
9.1,1.2057
9.102,1.1965
9.104,1.1904
9.106,1.1842
9.108,1.1781
9.11,1.172
9.112,1.1658
9.114,1.1628
9.116,1.1566
9.118,1.1536
9.12,1.1505
9.122,1.1474
9.124,1.1443
9.126,1.1413
9.128,1.1382
9.13,1.1382
9.132,1.1351
9.134,1.1351
9.136,1.1321
9.138,1.1321
9.14,1.1321
9.142,1.129
9.144,1.129
9.146,1.129
9.148,1.129
9.15,1.129
9.152,1.129
9.154,1.129
9.156,1.129
9.158,1.1321
9.16,1.1321
9.162,1.1321
9.164,1.1321
9.166,1.1351
9.168,1.1351
9.17,1.1382
9.172,1.1382
9.174,1.1382
9.176,1.1382
9.178,1.1382
9.18,1.1382
9.182,1.1382
9.184,1.1351
9.186,1.1351
9.188,1.1321
9.19,1.129
9.192,1.129
9.194,1.1259
9.196,1.1198
9.198,1.1167
9.2,1.1137
9.202,1.1075
9.204,1.1014
9.206,1.0953
9.208,1.0891
9.21,1.0799
9.212,1.0738
9.214,1.0646
9.216,1.0554
9.218,1.0462
9.22,1.04
9.222,1.0278
9.224,1.0186
9.226,1.0063
9.228,0.99709
9.23,0.98482
9.232,0.97254
9.234,0.96027
9.236,0.948
9.238,0.93573
9.24,0.92652
9.242,0.91425
9.244,0.90198
9.246,0.88971
9.248,0.87744
9.25,0.86517
9.252,0.85289
9.254,0.84062
9.256,0.83142
9.258,0.81915
9.26,0.80687
9.262,0.79767
9.264,0.78847
9.266,0.77926
9.268,0.77006
9.27,0.76085
9.272,0.75472
9.274,0.74551
9.276,0.73938
9.278,0.73324
9.28,0.72711
9.282,0.7179
9.284,0.71484
9.286,0.7087
9.288,0.70256
9.29,0.6995
9.292,0.69336
9.294,0.68722
9.296,0.68416
9.298,0.67802
9.3,0.67495
9.302,0.66882
9.304,0.66268
9.306,0.65961
9.308,0.65654
9.31,0.65348
9.312,0.64734
9.314,0.64427
9.316,0.6412
9.318,0.63814
9.32,0.63507
9.322,0.632
9.324,0.62893
9.326,0.62586
9.328,0.62586
9.33,0.6228
9.332,0.6228
9.334,0.61973
9.336,0.61973
9.338,0.61973
9.34,0.61973
9.342,0.61973
9.344,0.61973
9.346,0.61973
9.348,0.61973
9.35,0.6228
9.352,0.6228
9.354,0.62586
9.356,0.62893
9.358,0.632
9.36,0.63814
9.362,0.6412
9.364,0.64734
9.366,0.65348
9.368,0.65961
9.37,0.66575
9.372,0.67495
9.374,0.68416
9.376,0.69029
9.378,0.6995
9.38,0.71177
9.382,0.72404
9.384,0.73324
9.386,0.74858
9.388,0.76085
9.39,0.77313
9.392,0.7854
9.394,0.80074
9.396,0.81301
9.398,0.82528
9.4,0.84062
9.402,0.85289
9.404,0.86517
9.406,0.87437
9.408,0.88664
9.41,0.89584
9.412,0.90505
9.414,0.91425
9.416,0.92039
9.418,0.92959
9.42,0.93573
9.422,0.94186
9.424,0.94493
9.426,0.95107
9.428,0.9572
9.43,0.96027
9.432,0.96334
9.434,0.96641
9.436,0.96948
9.438,0.96948
9.44,0.97254
9.442,0.97254
9.444,0.97254
9.446,0.97561
9.448,0.97561
9.45,0.97561
9.452,0.97561
9.454,0.97561
9.456,0.97561
9.458,0.97254
9.46,0.97254
9.462,0.97254
9.464,0.96948
9.466,0.96948
9.468,0.96641
9.47,0.96641
9.472,0.96334
9.474,0.96027
9.476,0.96027
9.478,0.9572
9.48,0.95414
9.482,0.95414
9.484,0.95107
9.486,0.948
9.488,0.94493
9.49,0.94186
9.492,0.94186
9.494,0.9388
9.496,0.93573
9.498,0.93266
9.5,0.92959
9.502,0.92959
9.504,0.92652
9.506,0.92346
9.508,0.92039
9.51,0.91732
9.512,0.91732
9.514,0.91425
9.516,0.91118
9.518,0.90812
9.52,0.90812
9.522,0.90505
9.524,0.90198
9.526,0.89891
9.528,0.89891
9.53,0.89584
9.532,0.89584
9.534,0.89278
9.536,0.89278
9.538,0.89278
9.54,0.88971
9.542,0.88971
9.544,0.88664
9.546,0.88664
9.548,0.88664
9.55,0.88357
9.552,0.88357
9.554,0.88357
9.556,0.88357
9.558,0.88357
9.56,0.88357
9.562,0.88357
9.564,0.88357
9.566,0.88357
9.568,0.88357
9.57,0.88357
9.572,0.88357
9.574,0.88664
9.576,0.88664
9.578,0.88664
9.58,0.88971
9.582,0.88971
9.584,0.89278
9.586,0.89278
9.588,0.89278
9.59,0.89584
9.592,0.89584
9.594,0.89584
9.596,0.89891
9.598,0.89891
9.6,0.90198
9.602,0.90198
9.604,0.90505
9.606,0.90505
9.608,0.90505
9.61,0.90505
9.612,0.90505
9.614,0.90505
9.616,0.90505
9.618,0.90505
9.62,0.90505
9.622,0.90505
9.624,0.90505
9.626,0.90505
9.628,0.90505
9.63,0.90505
9.632,0.90505
9.634,0.90198
9.636,0.90198
9.638,0.89891
9.64,0.89891
9.642,0.89584
9.644,0.89584
9.646,0.89278
9.648,0.88971
9.65,0.88664
9.652,0.88357
9.654,0.8805
9.656,0.87744
9.658,0.87437
9.66,0.86823
9.662,0.86517
9.664,0.85903
9.666,0.85596
9.668,0.84983
9.67,0.84369
9.672,0.83755
9.674,0.83142
9.676,0.82221
9.678,0.81608
9.68,0.80687
9.682,0.79767
9.684,0.78847
9.686,0.77926
9.688,0.77006
9.69,0.75779
9.692,0.74858
9.694,0.73631
9.696,0.72097
9.698,0.7087
9.7,0.69336
9.702,0.67802
9.704,0.66268
9.706,0.64427
9.708,0.62586
9.71,0.60746
9.712,0.58598
9.714,0.5645
9.716,0.54303
9.718,0.51849
9.72,0.49394
9.722,0.4694
9.724,0.44179
9.726,0.41417
9.728,0.3835
9.73,0.35895
9.732,0.32827
9.734,0.29759
9.736,0.26998
9.738,0.24237
9.74,0.21169
9.742,0.18408
9.744,0.15647
9.746,0.13192
9.748,0.10738
9.75,0.082835
9.752,0.058291
9.754,0.036816
9.756,0.01534
9.758,-0.003068
9.76,-0.024544
9.762,-0.039884
9.764,-0.058291
9.766,-0.073631
9.768,-0.088971
9.77,-0.10431
9.772,-0.11965
9.774,-0.13192
9.776,-0.14419
9.778,-0.15647
9.78,-0.16567
9.782,-0.17794
9.784,-0.18715
9.786,-0.19635
9.788,-0.20555
9.79,-0.21476
9.792,-0.22396
9.794,-0.2301
9.796,-0.2393
9.798,-0.24544
9.8,-0.25157
9.802,-0.25771
9.804,-0.26691
9.806,-0.26998
9.808,-0.27612
9.81,-0.28225
9.812,-0.28839
9.814,-0.29146
9.816,-0.29759
9.818,-0.30373
9.82,-0.3068
9.822,-0.30986
9.824,-0.316
9.826,-0.31907
9.828,-0.32214
9.83,-0.32827
9.832,-0.33134
9.834,-0.33441
9.836,-0.33748
9.838,-0.34054
9.84,-0.34668
9.842,-0.34975
9.844,-0.35588
9.846,-0.35895
9.848,-0.36509
9.85,-0.36816
9.852,-0.37429
9.854,-0.38043
9.856,-0.38656
9.858,-0.39577
9.86,-0.4019
9.862,-0.41111
9.864,-0.42031
9.866,-0.42951
9.868,-0.43872
9.87,-0.44792
9.872,-0.45713
9.874,-0.4694
9.876,-0.48167
9.878,-0.49394
9.88,-0.50621
9.882,-0.51849
9.884,-0.53076
9.886,-0.5461
9.888,-0.56144
9.89,-0.57678
9.892,-0.59212
9.894,-0.61052
9.896,-0.62586
9.898,-0.6412
9.9,-0.66268
9.902,-0.67802
9.904,-0.6995
9.906,-0.7179
9.908,-0.73631
9.91,-0.75779
9.912,-0.77619
9.914,-0.79767
9.916,-0.81915
9.918,-0.84062
9.92,-0.8621
9.922,-0.88357
9.924,-0.90812
9.926,-0.92959
9.928,-0.95107
9.93,-0.97254
9.932,-0.99402
9.934,-1.0155
9.936,-1.037
9.938,-1.0554
9.94,-1.0769
9.942,-1.0953
9.944,-1.1167
9.946,-1.1382
9.948,-1.1566
9.95,-1.175
9.952,-1.1934
9.954,-1.2118
9.956,-1.2303
9.958,-1.2487
9.96,-1.264
9.962,-1.2824
9.964,-1.3008
9.966,-1.3162
9.968,-1.3346
9.97,-1.353
9.972,-1.3683
9.974,-1.3867
9.976,-1.4021
9.978,-1.4174
9.98,-1.4327
9.982,-1.4481
9.984,-1.4634
9.986,-1.4788
9.988,-1.4941
9.99,-1.5094
9.992,-1.5248
9.994,-1.537
9.996,-1.5524
9.998,-1.5677
10,-1.58
