0,-0.41989
0.002,-0.41905
0.004,-0.41821
0.006,-0.41738
0.008,-0.41655
0.01,-0.41571
0.012,-0.41488
0.014,-0.41712
0.016,-0.41628
0.018,-0.41852
0.02,-0.42075
0.022,-0.41991
0.024,-0.42213
0.026,-0.42435
0.028,-0.42657
0.03,-0.42878
0.032,-0.43099
0.034,-0.4332
0.036,-0.43846
0.038,-0.44065
0.04,-0.44283
0.042,-0.44808
0.044,-0.45025
0.046,-0.45548
0.048,-0.45763
0.05,-0.46285
0.052,-0.46805
0.054,-0.47325
0.056,-0.47843
0.058,-0.48054
0.06,-0.48878
0.062,-0.49393
0.064,-0.49907
0.066,-0.5042
0.068,-0.50933
0.07,-0.5175
0.072,-0.5226
0.074,-0.52768
0.076,-0.53276
0.078,-0.54089
0.08,-0.549
0.082,-0.55404
0.084,-0.56213
0.086,-0.56713
0.088,-0.57519
0.09,-0.58017
0.092,-0.58821
0.094,-0.59623
0.096,-0.60423
0.098,-0.60915
0.1,-0.61713
0.102,-0.62509
0.104,-0.63304
0.106,-0.6379
0.108,-0.64583
0.11,-0.65373
0.112,-0.66162
0.114,-0.66949
0.116,-0.67735
0.118,-0.68519
0.12,-0.69301
0.122,-0.70082
0.124,-0.70862
0.126,-0.7164
0.128,-0.72416
0.13,-0.73191
0.132,-0.73964
0.134,-0.75042
0.136,-0.75812
0.138,-0.76273
0.14,-0.77347
0.142,-0.78112
0.144,-0.78875
0.146,-0.79637
0.148,-0.80398
0.15,-0.81156
0.152,-0.8222
0.154,-0.82975
0.156,-0.83423
0.158,-0.84482
0.16,-0.85232
0.162,-0.85982
0.164,-0.86729
0.166,-0.87476
0.168,-0.88527
0.17,-0.89269
0.172,-0.9001
0.174,-0.9075
0.176,-0.91488
0.178,-0.92225
0.18,-0.93267
0.182,-0.94
0.184,-0.94731
0.186,-0.95462
0.188,-0.9619
0.19,-0.97224
0.192,-0.97949
0.194,-0.98673
0.196,-0.99395
0.198,-1.0012
0.2,-1.0084
0.202,-1.0186
0.204,-1.0258
0.206,-1.0329
0.208,-1.04
0.21,-1.0502
0.212,-1.0573
0.214,-1.0644
0.216,-1.0715
0.218,-1.0785
0.22,-1.0886
0.222,-1.0956
0.224,-1.1026
0.226,-1.1096
0.228,-1.1166
0.23,-1.1266
0.232,-1.1305
0.234,-1.1375
0.236,-1.1444
0.238,-1.1513
0.24,-1.1551
0.242,-1.162
0.244,-1.1658
0.246,-1.1696
0.248,-1.1765
0.25,-1.1803
0.252,-1.184
0.254,-1.1847
0.256,-1.1885
0.258,-1.1922
0.26,-1.1929
0.262,-1.1936
0.264,-1.1943
0.266,-1.195
0.268,-1.1956
0.27,-1.1963
0.272,-1.197
0.274,-1.1946
0.276,-1.1953
0.278,-1.1929
0.28,-1.1905
0.282,-1.1881
0.284,-1.1858
0.286,-1.1834
0.288,-1.178
0.29,-1.1756
0.292,-1.1702
0.294,-1.1648
0.296,-1.1594
0.298,-1.154
0.3,-1.1486
0.302,-1.1433
0.304,-1.1349
0.306,-1.1295
0.308,-1.1211
0.31,-1.1158
0.312,-1.1075
0.314,-1.1022
0.316,-1.0939
0.318,-1.0856
0.32,-1.0773
0.322,-1.069
0.324,-1.0607
0.326,-1.0525
0.328,-1.0473
0.33,-1.0391
0.332,-1.0309
0.334,-1.0227
0.336,-1.0145
0.338,-1.0063
0.34,-1.0013
0.342,-0.99008
0.344,-0.98504
0.346,-0.97694
0.348,-0.96886
0.35,-0.96386
0.352,-0.9558
0.354,-0.95083
0.356,-0.9428
0.358,-0.93478
0.36,-0.92985
0.362,-0.92186
0.364,-0.91696
0.366,-0.90899
0.368,-0.90411
0.37,-0.89924
0.372,-0.89131
0.374,-0.88647
0.376,-0.88163
0.378,-0.87374
0.38,-0.86893
0.382,-0.86413
0.384,-0.85934
0.386,-0.85149
0.388,-0.84673
0.39,-0.84197
0.392,-0.83722
0.394,-0.83248
0.396,-0.82776
0.398,-0.82304
0.4,-0.81833
0.402,-0.81363
0.404,-0.812
0.406,-0.80732
0.408,-0.80264
0.41,-0.79797
0.412,-0.79637
0.414,-0.79172
0.416,-0.79014
0.418,-0.78549
0.42,-0.78392
0.422,-0.77929
0.424,-0.77774
0.426,-0.77618
0.428,-0.77157
0.43,-0.77002
0.432,-0.76849
0.434,-0.76695
0.436,-0.76542
0.438,-0.76389
0.44,-0.76236
0.442,-0.76084
0.444,-0.75932
0.446,-0.7578
0.448,-0.75629
0.45,-0.75478
0.452,-0.75633
0.454,-0.75482
0.456,-0.75638
0.458,-0.75487
0.46,-0.75336
0.462,-0.75492
0.464,-0.75341
0.466,-0.75497
0.468,-0.75653
0.47,-0.75808
0.472,-0.75963
0.474,-0.76118
0.476,-0.76272
0.478,-0.76426
0.48,-0.7658
0.482,-0.7704
0.484,-0.77193
0.486,-0.77651
0.488,-0.78109
0.49,-0.7826
0.492,-0.78716
0.494,-0.79172
0.496,-0.79627
0.498,-0.80081
0.5,-0.8084
0.502,-0.81292
0.504,-0.81742
0.506,-0.82498
0.508,-0.83253
0.51,-0.84006
0.512,-0.84758
0.514,-0.85508
0.516,-0.86256
0.518,-0.8731
0.52,-0.88055
0.522,-0.89105
0.524,-0.90153
0.526,-0.91199
0.528,-0.92243
0.53,-0.93591
0.532,-0.9463
0.534,-0.95973
0.536,-0.97314
0.538,-0.98652
0.54,-0.99987
0.542,-1.0132
0.544,-1.0296
0.546,-1.0428
0.548,-1.0591
0.55,-1.0723
0.552,-1.0886
0.554,-1.1048
0.556,-1.121
0.558,-1.1371
0.56,-1.1533
0.562,-1.1693
0.564,-1.1854
0.566,-1.1983
0.568,-1.2143
0.57,-1.2303
0.572,-1.2432
0.574,-1.2591
0.576,-1.2719
0.578,-1.2847
0.58,-1.3005
0.582,-1.3132
0.584,-1.3229
0.586,-1.3355
0.588,-1.3482
0.59,-1.3578
0.592,-1.3704
0.594,-1.3799
0.596,-1.3894
0.598,-1.3989
0.6,-1.4083
0.602,-1.4178
0.604,-1.4242
0.606,-1.4336
0.608,-1.4399
0.61,-1.4493
0.612,-1.4556
0.614,-1.4619
0.616,-1.4681
0.618,-1.4744
0.62,-1.4806
0.622,-1.4869
0.624,-1.49
0.626,-1.4963
0.628,-1.5025
0.63,-1.5056
0.632,-1.5118
0.634,-1.5149
0.636,-1.518
0.638,-1.5242
0.64,-1.5272
0.642,-1.5303
0.644,-1.5334
0.646,-1.5365
0.648,-1.5395
0.65,-1.5456
0.652,-1.5456
0.654,-1.5487
0.656,-1.5517
0.658,-1.5547
0.66,-1.5577
0.662,-1.5608
0.664,-1.5607
0.666,-1.5637
0.668,-1.5667
0.67,-1.5667
0.672,-1.5697
0.674,-1.5696
0.676,-1.5726
0.678,-1.5756
0.68,-1.5755
0.682,-1.5785
0.684,-1.5784
0.686,-1.5783
0.688,-1.5813
0.69,-1.5812
0.692,-1.5841
0.694,-1.584
0.696,-1.5839
0.698,-1.5838
0.7,-1.5868
0.702,-1.5867
0.704,-1.5866
0.706,-1.5896
0.708,-1.5894
0.71,-1.5893
0.712,-1.5892
0.714,-1.5891
0.716,-1.589
0.718,-1.5889
0.72,-1.5888
0.722,-1.5887
0.724,-1.5855
0.726,-1.5854
0.728,-1.5853
0.73,-1.5821
0.732,-1.579
0.734,-1.5789
0.736,-1.5757
0.738,-1.5726
0.74,-1.5725
0.742,-1.5694
0.744,-1.5662
0.746,-1.56
0.748,-1.5569
0.75,-1.5538
0.752,-1.5476
0.754,-1.5445
0.756,-1.5384
0.758,-1.5322
0.76,-1.5261
0.762,-1.52
0.764,-1.5139
0.766,-1.5047
0.768,-1.4987
0.77,-1.4896
0.772,-1.4804
0.774,-1.4714
0.776,-1.4623
0.778,-1.4532
0.78,-1.4411
0.782,-1.4291
0.784,-1.4201
0.786,-1.408
0.788,-1.393
0.79,-1.381
0.792,-1.366
0.794,-1.351
0.796,-1.336
0.798,-1.318
0.8,-1.3031
0.802,-1.2852
0.804,-1.2673
0.806,-1.2495
0.808,-1.2286
0.81,-1.2077
0.812,-1.19
0.814,-1.1692
0.816,-1.1485
0.818,-1.1278
0.82,-1.1072
0.822,-1.0835
0.824,-1.063
0.826,-1.0424
0.828,-1.022
0.83,-1.0015
0.832,-0.98115
0.834,-0.96387
0.836,-0.94355
0.838,-0.92634
0.84,-0.9061
0.842,-0.88897
0.844,-0.87187
0.846,-0.85786
0.848,-0.84083
0.85,-0.82382
0.852,-0.80992
0.854,-0.79604
0.856,-0.78525
0.858,-0.77142
0.86,-0.75762
0.862,-0.74691
0.864,-0.73623
0.866,-0.72556
0.868,-0.71185
0.87,-0.7043
0.872,-0.6937
0.874,-0.68312
0.876,-0.67562
0.878,-0.66508
0.88,-0.65456
0.882,-0.64712
0.884,-0.63969
0.886,-0.62922
0.888,-0.62184
0.89,-0.61446
0.892,-0.60711
0.894,-0.5967
0.896,-0.59244
0.898,-0.58206
0.9,-0.57783
0.902,-0.56749
0.904,-0.56329
0.906,-0.55297
0.908,-0.5488
0.91,-0.54157
0.912,-0.53436
0.914,-0.52716
0.916,-0.51998
0.918,-0.51281
0.92,-0.50565
0.922,-0.50158
0.924,-0.49445
0.926,-0.48733
0.928,-0.48023
0.93,-0.47314
0.932,-0.46606
0.934,-0.459
0.936,-0.45195
0.938,-0.44799
0.94,-0.4379
0.942,-0.43396
0.944,-0.42696
0.946,-0.41998
0.948,-0.41301
0.95,-0.40605
0.952,-0.39911
0.954,-0.39218
0.956,-0.38527
0.958,-0.37837
0.96,-0.37149
0.962,-0.36461
0.964,-0.35776
0.966,-0.35091
0.968,-0.34102
0.97,-0.3342
0.972,-0.32741
0.974,-0.32062
0.976,-0.31385
0.978,-0.30403
0.98,-0.29729
0.982,-0.29057
0.984,-0.28386
0.986,-0.2741
0.988,-0.26742
0.99,-0.25769
0.992,-0.25105
0.994,-0.24441
0.996,-0.23473
0.998,-0.22813
1,-0.22155
1.002,-0.21191
1.004,-0.20536
1.006,-0.19882
1.008,-0.19229
1.01,-0.18271
1.012,-0.17928
1.014,-0.16973
1.016,-0.16632
1.018,-0.1568
1.02,-0.15342
1.022,-0.14698
1.024,-0.14056
1.026,-0.13721
1.028,-0.13081
1.03,-0.12748
1.032,-0.1211
1.034,-0.11779
1.036,-0.11143
1.038,-0.10814
1.04,-0.10486
1.042,-0.098519
1.044,-0.092192
1.046,-0.088943
1.048,-0.0857
1.05,-0.079399
1.052,-0.076176
1.054,-0.072959
1.056,-0.069748
1.058,-0.066544
1.06,-0.063346
1.062,-0.060155
1.064,-0.060034
1.066,-0.05685
1.068,-0.053671
1.07,-0.053564
1.072,-0.053457
1.074,-0.05335
1.076,-0.053243
1.078,-0.053137
1.08,-0.053031
1.082,-0.052925
1.084,-0.052819
1.086,-0.055779
1.088,-0.058732
1.09,-0.06168
1.092,-0.064621
1.094,-0.070622
1.096,-0.073546
1.098,-0.079528
1.1,-0.085499
1.102,-0.091458
1.104,-0.097405
1.106,-0.10641
1.108,-0.11232
1.11,-0.12436
1.112,-0.1333
1.114,-0.14223
1.116,-0.15421
1.118,-0.16616
1.12,-0.17809
1.122,-0.19306
1.124,-0.20493
1.126,-0.21984
1.128,-0.23166
1.13,-0.24653
1.132,-0.26136
1.134,-0.27616
1.136,-0.29093
1.138,-0.30568
1.14,-0.31733
1.142,-0.33202
1.144,-0.34361
1.146,-0.35519
1.148,-0.36674
1.15,-0.37826
1.152,-0.38977
1.154,-0.39818
1.156,-0.40658
1.158,-0.41496
1.16,-0.42026
1.162,-0.42862
1.164,-0.43389
1.166,-0.43916
1.168,-0.44441
1.17,-0.44658
1.172,-0.45182
1.174,-0.45398
1.176,-0.45614
1.178,-0.4583
1.18,-0.46044
1.182,-0.46259
1.184,-0.46473
1.186,-0.4638
1.188,-0.46594
1.19,-0.46501
1.192,-0.46408
1.194,-0.46315
1.196,-0.46223
1.198,-0.4613
1.2,-0.46038
1.202,-0.45946
1.204,-0.45854
1.206,-0.45763
1.208,-0.45365
1.21,-0.45274
1.212,-0.45184
1.214,-0.44787
1.216,-0.44391
1.218,-0.44302
1.22,-0.43907
1.222,-0.43513
1.224,-0.43426
1.226,-0.43033
1.228,-0.4264
1.23,-0.42249
1.232,-0.41858
1.234,-0.41468
1.236,-0.41078
1.238,-0.4069
1.24,-0.40302
1.242,-0.40222
1.244,-0.39528
1.246,-0.39143
1.248,-0.38758
1.25,-0.38374
1.252,-0.37991
1.254,-0.37609
1.256,-0.37227
1.258,-0.36846
1.26,-0.36466
1.262,-0.36087
1.264,-0.35708
1.266,-0.35024
1.268,-0.34647
1.27,-0.34271
1.272,-0.33897
1.274,-0.33216
1.276,-0.32843
1.278,-0.32471
1.28,-0.32099
1.282,-0.31729
1.284,-0.31359
1.286,-0.30683
1.288,-0.30316
1.29,-0.29948
1.292,-0.29582
1.294,-0.2891
1.296,-0.28546
1.298,-0.28182
1.3,-0.2782
1.302,-0.27151
1.304,-0.2679
1.306,-0.2643
1.308,-0.26071
1.31,-0.25406
1.312,-0.25049
1.314,-0.24692
1.316,-0.24336
1.318,-0.23675
1.32,-0.23321
1.322,-0.22661
1.324,-0.22309
1.326,-0.21652
1.328,-0.21302
1.33,-0.20647
1.332,-0.20299
1.334,-0.19952
1.336,-0.19299
1.338,-0.18647
1.34,-0.18304
1.342,-0.17654
1.344,-0.17006
1.346,-0.16359
1.348,-0.1602
1.35,-0.15375
1.352,-0.14731
1.354,-0.14089
1.356,-0.13448
1.358,-0.12808
1.36,-0.12169
1.362,-0.11532
1.364,-0.10589
1.366,-0.099552
1.368,-0.093223
1.37,-0.083842
1.372,-0.077545
1.374,-0.068195
1.376,-0.058864
1.378,-0.049552
1.38,-0.040258
1.382,-0.030983
1.384,-0.021727
1.386,-0.012489
1.388,-0.00020406
1.39,0.008991
1.392,0.021233
1.394,0.03345
1.396,0.045643
1.398,0.057811
1.4,0.069955
1.402,0.08514
1.404,0.097229
1.406,0.11236
1.408,0.12746
1.41,0.14253
1.412,0.15757
1.414,0.17564
1.416,0.19368
1.418,0.21168
1.42,0.22965
1.422,0.24758
1.424,0.26548
1.426,0.2864
1.428,0.30422
1.43,0.32506
1.432,0.34587
1.434,0.36663
1.436,0.38735
1.438,0.40803
1.44,0.42561
1.442,0.44621
1.444,0.46677
1.446,0.4873
1.448,0.50165
1.45,0.5221
1.452,0.53638
1.454,0.5537
1.456,0.57098
1.458,0.58516
1.46,0.60238
1.462,0.61651
1.464,0.62753
1.466,0.6416
1.468,0.65565
1.47,0.6666
1.472,0.67752
1.474,0.68843
1.476,0.69931
1.478,0.71018
1.48,0.71795
1.482,0.72878
1.484,0.73652
1.486,0.7473
1.488,0.75501
1.49,0.76269
1.492,0.77036
1.494,0.77802
1.496,0.78566
1.498,0.79022
1.5,0.79783
1.502,0.80543
1.504,0.80996
1.506,0.81447
1.508,0.82203
1.51,0.82652
1.512,0.83406
1.514,0.83853
1.516,0.84298
1.518,0.84743
1.52,0.85186
1.522,0.85629
1.524,0.86071
1.526,0.86512
1.528,0.86952
1.53,0.87392
1.532,0.8783
1.534,0.88267
1.536,0.89011
1.538,0.89139
1.54,0.89574
1.542,0.90008
1.544,0.90441
1.546,0.90873
1.548,0.91305
1.55,0.91735
1.552,0.92165
1.554,0.92594
1.556,0.93022
1.558,0.93449
1.56,0.93875
1.562,0.94301
1.564,0.94725
1.566,0.95149
1.568,0.95878
1.57,0.95993
1.572,0.96721
1.574,0.97141
1.576,0.9756
1.578,0.97978
1.58,0.98395
1.582,0.98811
1.584,0.99227
1.586,0.99948
1.588,1.0036
1.59,1.0077
1.592,1.0149
1.594,1.019
1.596,1.0231
1.598,1.0303
1.6,1.0343
1.602,1.0384
1.604,1.0455
1.606,1.0496
1.608,1.0567
1.61,1.0607
1.612,1.0678
1.614,1.0717
1.616,1.0757
1.618,1.0828
1.62,1.0867
1.622,1.0907
1.624,1.0977
1.626,1.1017
1.628,1.1056
1.63,1.1095
1.632,1.1134
1.634,1.1173
1.636,1.1212
1.638,1.1251
1.64,1.129
1.642,1.1329
1.644,1.1367
1.646,1.1375
1.648,1.1414
1.65,1.1422
1.652,1.146
1.654,1.1468
1.656,1.1476
1.658,1.1514
1.66,1.1522
1.662,1.1529
1.664,1.1537
1.666,1.1545
1.668,1.1552
1.67,1.1529
1.672,1.1537
1.674,1.1514
1.676,1.1521
1.678,1.1498
1.68,1.1475
1.682,1.1452
1.684,1.1429
1.686,1.1407
1.688,1.1384
1.69,1.133
1.692,1.1308
1.694,1.1255
1.696,1.1201
1.698,1.1148
1.7,1.1065
1.702,1.1012
1.704,1.0929
1.706,1.0846
1.708,1.0763
1.71,1.068
1.712,1.0567
1.714,1.0453
1.716,1.0341
1.718,1.0228
1.72,1.0085
1.722,0.99423
1.724,0.97998
1.726,0.9627
1.728,0.94852
1.73,0.9313
1.732,0.91411
1.734,0.8939
1.736,0.87679
1.738,0.85664
1.74,0.83654
1.742,0.81955
1.744,0.79952
1.746,0.77953
1.748,0.76265
1.75,0.74274
1.752,0.72593
1.754,0.70916
1.756,0.69241
1.758,0.67877
1.76,0.66515
1.762,0.65157
1.764,0.638
1.766,0.62447
1.768,0.61403
1.77,0.60361
1.772,0.59321
1.774,0.58589
1.776,0.57859
1.778,0.56824
1.78,0.56097
1.782,0.55372
1.784,0.54955
1.786,0.54233
1.788,0.53818
1.79,0.53404
1.792,0.5299
1.794,0.52272
1.796,0.52167
1.798,0.51756
1.8,0.51347
1.802,0.51244
1.804,0.50835
1.806,0.50734
1.808,0.50326
1.81,0.50225
1.812,0.50125
1.814,0.50025
1.816,0.49925
1.818,0.49825
1.82,0.49725
1.822,0.49626
1.824,0.49527
1.826,0.49428
1.828,0.49636
1.83,0.49536
1.832,0.49744
1.834,0.49645
1.836,0.49545
1.838,0.49753
1.84,0.49653
1.842,0.49554
1.844,0.49762
1.846,0.49969
1.848,0.49869
1.85,0.50076
1.852,0.50282
1.854,0.50182
1.856,0.50388
1.858,0.50287
1.86,0.50493
1.862,0.50699
1.864,0.50598
1.866,0.50803
1.868,0.50702
1.87,0.506
1.872,0.50499
1.874,0.50705
1.876,0.50603
1.878,0.50502
1.88,0.50401
1.882,0.50301
1.884,0.49894
1.886,0.49794
1.888,0.49695
1.89,0.49595
1.892,0.49496
1.894,0.49091
1.896,0.48993
1.898,0.48895
1.9,0.48491
1.902,0.48394
1.904,0.48297
1.906,0.47894
1.908,0.47798
1.91,0.47703
1.912,0.47608
1.914,0.47512
1.916,0.47418
1.918,0.47629
1.92,0.47534
1.922,0.47746
1.924,0.47957
1.926,0.47861
1.928,0.48072
1.93,0.48589
1.932,0.48798
1.934,0.49314
1.936,0.49522
1.938,0.49729
1.94,0.50243
1.942,0.50755
1.944,0.51267
1.946,0.51777
1.948,0.5198
1.95,0.5249
1.952,0.52998
1.954,0.53505
1.956,0.54011
1.958,0.54516
1.96,0.5502
1.962,0.55523
1.964,0.56025
1.966,0.56526
1.968,0.57026
1.97,0.57525
1.972,0.58023
1.974,0.58827
1.976,0.59322
1.978,0.59817
1.98,0.60617
1.982,0.61109
1.984,0.61599
1.986,0.62396
1.988,0.62884
1.99,0.63678
1.992,0.6447
1.994,0.65261
1.996,0.6605
1.998,0.66837
2,0.67623
2.002,0.68408
2.004,0.69497
2.006,0.70278
2.008,0.71363
2.01,0.72447
2.012,0.73528
2.014,0.74607
2.016,0.75684
2.018,0.76758
2.02,0.77831
2.022,0.79208
2.024,0.80582
2.026,0.81954
2.028,0.83322
2.03,0.84688
2.032,0.86358
2.034,0.88024
2.036,0.89687
2.038,0.91347
2.04,0.9331
2.042,0.94963
2.044,0.96918
2.046,0.9887
2.048,1.0082
2.05,1.0307
2.052,1.0531
2.054,1.0725
2.056,1.0949
2.058,1.1172
2.06,1.1395
2.062,1.1617
2.064,1.1839
2.066,1.2061
2.068,1.2251
2.07,1.2472
2.072,1.2662
2.074,1.2882
2.076,1.307
2.078,1.3259
2.08,1.3416
2.082,1.3604
2.084,1.3761
2.086,1.3917
2.088,1.4073
2.09,1.4198
2.092,1.4323
2.094,1.4448
2.096,1.4572
2.098,1.4696
2.1,1.482
2.102,1.4913
2.104,1.5006
2.106,1.5099
2.108,1.5191
2.11,1.5283
2.112,1.5345
2.114,1.5437
2.116,1.5498
2.118,1.5559
2.12,1.565
2.122,1.5711
2.124,1.5741
2.126,1.5801
2.128,1.5862
2.13,1.5922
2.132,1.5951
2.134,1.6011
2.136,1.6071
2.138,1.6101
2.14,1.616
2.142,1.6189
2.144,1.6218
2.146,1.6247
2.148,1.6307
2.15,1.6335
2.152,1.6364
2.154,1.6393
2.156,1.6421
2.158,1.645
2.16,1.6478
2.162,1.6506
2.164,1.6535
2.166,1.6563
2.168,1.6591
2.17,1.6619
2.172,1.6648
2.174,1.6676
2.176,1.6704
2.178,1.6731
2.18,1.6759
2.182,1.6787
2.184,1.6815
2.186,1.6843
2.188,1.687
2.19,1.6898
2.192,1.6925
2.194,1.6953
2.196,1.698
2.198,1.7008
2.2,1.7035
2.202,1.7062
2.204,1.7089
2.206,1.7147
2.208,1.7144
2.21,1.7201
2.212,1.7228
2.214,1.7255
2.216,1.7282
2.218,1.7309
2.22,1.7335
2.222,1.7393
2.224,1.7419
2.226,1.7446
2.228,1.7472
2.23,1.7499
2.232,1.7556
2.234,1.7582
2.236,1.7608
2.238,1.7665
2.24,1.7691
2.242,1.7717
2.244,1.7743
2.246,1.7799
2.248,1.7794
2.25,1.7851
2.252,1.7876
2.254,1.7902
2.256,1.7927
2.258,1.7953
2.26,1.7948
2.262,1.7973
2.264,1.7998
2.266,1.8024
2.268,1.8018
2.27,1.8044
2.272,1.8038
2.274,1.8064
2.276,1.8058
2.278,1.8053
2.28,1.8047
2.282,1.8042
2.284,1.8036
2.286,1.8031
2.288,1.8026
2.29,1.802
2.292,1.7984
2.294,1.7979
2.296,1.7943
2.298,1.7938
2.3,1.7902
2.302,1.7866
2.304,1.7831
2.306,1.7795
2.308,1.7759
2.31,1.7693
2.312,1.7658
2.314,1.7592
2.316,1.7557
2.318,1.7491
2.32,1.7395
2.322,1.7329
2.324,1.7264
2.326,1.7168
2.328,1.7073
2.33,1.6977
2.332,1.6882
2.334,1.6756
2.336,1.6662
2.338,1.6536
2.34,1.6411
2.342,1.6256
2.344,1.6101
2.346,1.5946
2.348,1.5792
2.35,1.5638
2.352,1.5453
2.354,1.5238
2.356,1.5055
2.358,1.4841
2.36,1.4627
2.362,1.4383
2.364,1.4171
2.366,1.3928
2.368,1.3686
2.37,1.3444
2.372,1.3202
2.374,1.2961
2.376,1.2721
2.378,1.2481
2.38,1.2241
2.382,1.2002
2.384,1.1795
2.386,1.1587
2.388,1.1411
2.39,1.1204
2.392,1.1028
2.394,1.0853
2.396,1.0709
2.398,1.0534
2.4,1.0391
2.402,1.0247
2.404,1.0135
2.406,0.9992
2.408,0.988
2.41,0.97684
2.412,0.96875
2.414,0.95762
2.416,0.94958
2.418,0.94155
2.42,0.93048
2.422,0.92555
2.424,0.91757
2.426,0.90961
2.428,0.90473
2.43,0.89679
2.432,0.89194
2.434,0.88709
2.436,0.87919
2.438,0.87436
2.44,0.87262
2.442,0.86781
2.444,0.86301
2.446,0.85822
2.448,0.85344
2.45,0.85174
2.452,0.85003
2.454,0.84527
2.456,0.84358
2.458,0.83883
2.46,0.83716
2.462,0.83548
2.464,0.83075
2.466,0.82909
2.468,0.82743
2.47,0.82578
2.472,0.82413
2.474,0.82248
2.476,0.82084
2.478,0.8192
2.48,0.8145
2.482,0.80981
2.484,0.80819
2.486,0.80657
2.488,0.8019
2.49,0.80029
2.492,0.79563
2.494,0.79098
2.496,0.78633
2.498,0.78169
2.5,0.774
2.502,0.76939
2.504,0.76172
2.506,0.75407
2.508,0.74644
2.51,0.73882
2.512,0.73121
2.514,0.72362
2.516,0.71298
2.518,0.70236
2.52,0.69483
2.522,0.68118
2.524,0.67062
2.526,0.66009
2.528,0.64651
2.53,0.63602
2.532,0.62249
2.534,0.61205
2.536,0.59857
2.538,0.58512
2.54,0.57169
2.542,0.55829
2.544,0.54491
2.546,0.53156
2.548,0.51518
2.55,0.50189
2.552,0.48862
2.554,0.47539
2.556,0.46218
2.558,0.449
2.56,0.43584
2.562,0.41964
2.564,0.40961
2.566,0.39653
2.568,0.38655
2.57,0.37351
2.572,0.36357
2.574,0.35059
2.576,0.34069
2.578,0.33388
2.58,0.32402
2.582,0.31418
2.584,0.30742
2.586,0.29761
2.588,0.29089
2.59,0.28418
2.592,0.27441
2.594,0.26774
2.596,0.26107
2.598,0.25442
2.6,0.24778
2.602,0.24422
2.604,0.23454
2.606,0.23101
2.608,0.22441
2.61,0.21784
2.612,0.21434
2.614,0.20778
2.616,0.20123
2.618,0.1947
2.62,0.19125
2.622,0.1878
2.624,0.18129
2.626,0.17787
2.628,0.17445
2.63,0.17103
2.632,0.16763
2.634,0.16423
2.636,0.16083
2.638,0.16051
2.64,0.15713
2.642,0.15375
2.644,0.15344
2.646,0.15007
2.648,0.14977
2.65,0.14947
2.652,0.14917
2.654,0.14887
2.656,0.14858
2.658,0.15134
2.66,0.15411
2.662,0.15686
2.664,0.15962
2.666,0.16236
2.668,0.1651
2.67,0.1709
2.672,0.17363
2.674,0.18247
2.676,0.18824
2.678,0.19399
2.68,0.2028
2.682,0.20852
2.684,0.2173
2.686,0.22606
2.688,0.23481
2.69,0.2466
2.692,0.2553
2.694,0.26398
2.696,0.27571
2.698,0.28436
2.7,0.29299
2.702,0.30159
2.704,0.31019
2.706,0.31876
2.708,0.32732
2.71,0.3328
2.712,0.34132
2.714,0.34371
2.716,0.35222
2.718,0.35458
2.72,0.36
2.722,0.36234
2.724,0.36468
2.726,0.36702
2.728,0.36935
2.73,0.37168
2.732,0.37094
2.734,0.37326
2.736,0.37251
2.738,0.37177
2.74,0.37103
2.742,0.37029
2.744,0.36955
2.746,0.36881
2.748,0.36807
2.75,0.36734
2.752,0.36354
2.754,0.36281
2.756,0.35902
2.758,0.35524
2.76,0.35453
2.762,0.35076
2.764,0.34699
2.766,0.3463
2.768,0.33948
2.77,0.33573
2.772,0.33506
2.774,0.33133
2.776,0.3276
2.778,0.32082
2.78,0.32017
2.782,0.31647
2.784,0.30971
2.786,0.30602
2.788,0.30235
2.79,0.29868
2.792,0.29502
2.794,0.29136
2.796,0.28772
2.798,0.28101
2.8,0.27738
2.802,0.27377
2.804,0.27015
2.806,0.26655
2.808,0.26295
2.81,0.25936
2.812,0.25271
2.814,0.24914
2.816,0.24558
2.818,0.24509
2.82,0.23847
2.822,0.23493
2.824,0.23446
2.826,0.23093
2.828,0.2274
2.83,0.22388
2.832,0.22037
2.834,0.21686
2.836,0.21643
2.838,0.21293
2.84,0.20944
2.842,0.20596
2.844,0.20555
2.846,0.20207
2.848,0.20167
2.85,0.1982
2.852,0.1978
2.854,0.19434
2.856,0.19396
2.858,0.1905
2.86,0.19012
2.862,0.18974
2.864,0.18936
2.866,0.18899
2.868,0.18861
2.87,0.18823
2.872,0.18786
2.874,0.18748
2.876,0.18711
2.878,0.18673
2.88,0.18636
2.882,0.18599
2.884,0.18561
2.886,0.18524
2.888,0.18487
2.89,0.1845
2.892,0.18414
2.894,0.18377
2.896,0.1834
2.898,0.18303
2.9,0.18267
2.902,0.1823
2.904,0.18194
2.906,0.18158
2.908,0.18121
2.91,0.18085
2.912,0.18049
2.914,0.17706
2.916,0.17671
2.918,0.17636
2.92,0.17294
2.922,0.17259
2.924,0.16918
2.926,0.16885
2.928,0.16544
2.93,0.16511
2.932,0.16172
2.934,0.15833
2.936,0.15495
2.938,0.15158
2.94,0.15127
2.942,0.14791
2.944,0.14148
2.946,0.13813
2.948,0.13479
2.95,0.12839
2.952,0.12507
2.954,0.12176
2.956,0.11538
2.958,0.10902
2.96,0.10268
2.962,0.09634
2.964,0.090018
2.966,0.083708
2.968,0.077411
2.97,0.068062
2.972,0.061796
2.974,0.052478
2.976,0.043178
2.978,0.033897
2.98,0.02157
2.982,0.012332
2.984,4.8134e-05
2.986,-0.012212
2.988,-0.024447
2.99,-0.036657
2.992,-0.051909
2.994,-0.067129
2.996,-0.08232
2.998,-0.09748
3,-0.11567
3.002,-0.13383
3.004,-0.15502
3.006,-0.1731
3.008,-0.19421
3.01,-0.21834
3.012,-0.23936
3.014,-0.26646
3.016,-0.29045
3.018,-0.31439
3.02,-0.34134
3.022,-0.37131
3.024,-0.39815
3.026,-0.42494
3.028,-0.45474
3.03,-0.48448
3.032,-0.5111
3.034,-0.54073
3.036,-0.56723
3.038,-0.59062
3.04,-0.61702
3.042,-0.64337
3.044,-0.6666
3.046,-0.68673
3.048,-0.70681
3.05,-0.72992
3.052,-0.74685
3.054,-0.76681
3.056,-0.78367
3.058,-0.79743
3.06,-0.81422
3.062,-0.82792
3.064,-0.84159
3.066,-0.85217
3.068,-0.86579
3.07,-0.87632
3.072,-0.88683
3.074,-0.89732
3.076,-0.90778
3.078,-0.91516
3.08,-0.92559
3.082,-0.93294
3.084,-0.94027
3.086,-0.94452
3.088,-0.95183
3.09,-0.95912
3.092,-0.96334
3.094,-0.97061
3.096,-0.9748
3.098,-0.97898
3.1,-0.98622
3.102,-0.98731
3.104,-0.99147
3.106,-0.99562
3.108,-0.99976
3.11,-1.0039
3.112,-1.0049
3.114,-1.0091
3.116,-1.0101
3.118,-1.0142
3.12,-1.0153
3.122,-1.0194
3.124,-1.0204
3.126,-1.0214
3.128,-1.0224
3.13,-1.0296
3.132,-1.0306
3.134,-1.0347
3.136,-1.0357
3.138,-1.0397
3.14,-1.0438
3.142,-1.0448
3.144,-1.0519
3.146,-1.0559
3.148,-1.0599
3.15,-1.067
3.152,-1.071
3.154,-1.0781
3.156,-1.0851
3.158,-1.0921
3.16,-1.0991
3.162,-1.1092
3.164,-1.1162
3.166,-1.1262
3.168,-1.1362
3.17,-1.1462
3.172,-1.1562
3.174,-1.1661
3.176,-1.1791
3.178,-1.189
3.18,-1.202
3.182,-1.2149
3.184,-1.2278
3.186,-1.2407
3.188,-1.2566
3.19,-1.2694
3.192,-1.2852
3.194,-1.3011
3.196,-1.3169
3.198,-1.3326
3.2,-1.3483
3.202,-1.3671
3.204,-1.3828
3.206,-1.4014
3.208,-1.4201
3.21,-1.4387
3.212,-1.4573
3.214,-1.4758
3.216,-1.4943
3.218,-1.5159
3.22,-1.5343
3.222,-1.5527
3.224,-1.5741
3.226,-1.5924
3.228,-1.6107
3.23,-1.632
3.232,-1.6502
3.234,-1.6683
3.236,-1.6865
3.238,-1.7045
3.24,-1.7226
3.242,-1.7375
3.244,-1.7586
3.246,-1.7735
3.248,-1.7883
3.25,-1.8031
3.252,-1.821
3.254,-1.8357
3.256,-1.8505
3.258,-1.8651
3.26,-1.8798
3.262,-1.8944
3.264,-1.909
3.266,-1.9236
3.268,-1.9351
3.27,-1.9496
3.272,-1.9641
3.274,-1.9755
3.276,-1.99
3.278,-2.0013
3.28,-2.0157
3.282,-2.027
3.284,-2.0383
3.286,-2.0495
3.288,-2.0608
3.29,-2.072
3.292,-2.0831
3.294,-2.0912
3.296,-2.1024
3.298,-2.1135
3.3,-2.1216
3.302,-2.1326
3.304,-2.1406
3.306,-2.1486
3.308,-2.1566
3.31,-2.1645
3.312,-2.1725
3.314,-2.1804
3.316,-2.1852
3.318,-2.1931
3.32,-2.1979
3.322,-2.2027
3.324,-2.1953
3.326,-2.1848
3.328,-2.1773
3.33,-2.1699
3.332,-2.1594
3.334,-2.149
3.336,-2.1386
3.338,-2.1251
3.34,-2.1086
3.342,-2.0952
3.344,-2.0788
3.346,-2.0654
3.348,-2.049
3.35,-2.0357
3.352,-2.0255
3.354,-2.0123
3.356,-1.9991
3.358,-1.989
3.36,-1.9819
3.362,-1.9718
3.364,-1.9556
3.366,-1.9395
3.368,-1.9295
3.37,-1.9164
3.372,-1.9003
3.374,-1.8904
3.376,-1.8805
3.378,-1.8675
3.38,-1.8607
3.382,-1.8509
3.384,-1.8411
3.386,-1.8312
3.388,-1.8215
3.39,-1.8148
3.392,-1.805
3.394,-1.8014
3.396,-1.7947
3.398,-1.785
3.4,-1.7784
3.402,-1.7718
3.404,-1.7652
3.406,-1.7586
3.408,-1.752
3.41,-1.7454
3.412,-1.7419
3.414,-1.7354
3.416,-1.7289
3.418,-1.7223
3.42,-1.7189
3.422,-1.7124
3.424,-1.709
3.426,-1.7025
3.428,-1.696
3.43,-1.6896
3.432,-1.6862
3.434,-1.6798
3.436,-1.6764
3.438,-1.67
3.44,-1.6636
3.442,-1.6603
3.444,-1.6539
3.446,-1.6475
3.448,-1.6442
3.45,-1.6379
3.452,-1.6315
3.454,-1.6252
3.456,-1.622
3.458,-1.6157
3.46,-1.6094
3.462,-1.6031
3.464,-1.5968
3.466,-1.5906
3.468,-1.5874
3.47,-1.5812
3.472,-1.5749
3.474,-1.5687
3.476,-1.5625
3.478,-1.5563
3.48,-1.5471
3.482,-1.5409
3.484,-1.5348
3.486,-1.5287
3.488,-1.5225
3.49,-1.5164
3.492,-1.5073
3.494,-1.5012
3.496,-1.4951
3.498,-1.486
3.5,-1.4769
3.502,-1.4709
3.504,-1.4618
3.506,-1.4558
3.508,-1.4468
3.51,-1.4409
3.512,-1.4318
3.514,-1.4229
3.516,-1.4169
3.518,-1.408
3.52,-1.399
3.522,-1.3901
3.524,-1.3812
3.526,-1.3754
3.528,-1.3665
3.53,-1.3576
3.532,-1.3488
3.534,-1.34
3.536,-1.3312
3.538,-1.3224
3.54,-1.3136
3.542,-1.3049
3.544,-1.2961
3.546,-1.2874
3.548,-1.2756
3.55,-1.267
3.552,-1.2583
3.554,-1.2497
3.556,-1.241
3.558,-1.2324
3.56,-1.2238
3.562,-1.2122
3.564,-1.2036
3.566,-1.1951
3.568,-1.1896
3.57,-1.1781
3.572,-1.1727
3.574,-1.1611
3.576,-1.1557
3.578,-1.1473
3.58,-1.1389
3.582,-1.1335
3.584,-1.1251
3.586,-1.1198
3.588,-1.1115
3.59,-1.1062
3.592,-1.1009
3.594,-1.0956
3.596,-1.0904
3.598,-1.0851
3.6,-1.083
3.602,-1.0777
3.604,-1.0756
3.606,-1.0734
3.608,-1.0713
3.61,-1.0691
3.612,-1.067
3.614,-1.0649
3.616,-1.0628
3.618,-1.0637
3.62,-1.0646
3.622,-1.0656
3.624,-1.0696
3.626,-1.0705
3.628,-1.0745
3.63,-1.0785
3.632,-1.0855
3.634,-1.0895
3.636,-1.0965
3.638,-1.1035
3.64,-1.1136
3.642,-1.1205
3.644,-1.1305
3.646,-1.1405
3.648,-1.1536
3.65,-1.1635
3.652,-1.1765
3.654,-1.1865
3.656,-1.1994
3.658,-1.2123
3.66,-1.2222
3.662,-1.2351
3.664,-1.2448
3.666,-1.2546
3.668,-1.2644
3.67,-1.271
3.672,-1.2808
3.674,-1.2874
3.676,-1.294
3.678,-1.2976
3.68,-1.3042
3.682,-1.3077
3.684,-1.3112
3.686,-1.3147
3.688,-1.3152
3.69,-1.3187
3.692,-1.316
3.694,-1.3165
3.696,-1.3169
3.698,-1.3173
3.7,-1.3147
3.702,-1.3151
3.704,-1.3125
3.706,-1.3099
3.708,-1.3073
3.71,-1.3047
3.712,-1.299
3.714,-1.2964
3.716,-1.2907
3.718,-1.2851
3.72,-1.2795
3.722,-1.2769
3.724,-1.2713
3.726,-1.2626
3.728,-1.257
3.73,-1.2514
3.732,-1.2459
3.734,-1.2403
3.736,-1.2317
3.738,-1.2262
3.74,-1.2176
3.742,-1.2121
3.744,-1.2036
3.746,-1.1981
3.748,-1.1896
3.75,-1.1811
3.752,-1.1756
3.754,-1.1672
3.756,-1.1587
3.758,-1.1503
3.76,-1.1418
3.762,-1.1334
3.764,-1.1281
3.766,-1.1166
3.768,-1.1113
3.77,-1.0999
3.772,-1.0947
3.774,-1.0863
3.776,-1.078
3.778,-1.0698
3.78,-1.0615
3.782,-1.0502
3.784,-1.045
3.786,-1.0337
3.788,-1.0286
3.79,-1.0174
3.792,-1.0092
3.794,-1.001
3.796,-0.99292
3.798,-0.9848
3.8,-0.9767
3.802,-0.96862
3.804,-0.96056
3.806,-0.95251
3.808,-0.94448
3.81,-0.93646
3.812,-0.92846
3.814,-0.92047
3.816,-0.91251
3.818,-0.90455
3.82,-0.89662
3.822,-0.88869
3.824,-0.88079
3.826,-0.8729
3.828,-0.86502
3.83,-0.85717
3.832,-0.84932
3.834,-0.8415
3.836,-0.83369
3.838,-0.82589
3.84,-0.82118
3.842,-0.81034
3.844,-0.80566
3.846,-0.79485
3.848,-0.7902
3.85,-0.78249
3.852,-0.7748
3.854,-0.76712
3.856,-0.75946
3.858,-0.75181
3.86,-0.74418
3.862,-0.73656
3.864,-0.72896
3.866,-0.72137
3.868,-0.7138
3.87,-0.70625
3.872,-0.69871
3.874,-0.69118
3.876,-0.68367
3.878,-0.67617
3.88,-0.66869
3.882,-0.65816
3.884,-0.65378
3.886,-0.64328
3.888,-0.63587
3.89,-0.62847
3.892,-0.61802
3.894,-0.61065
3.896,-0.60024
3.898,-0.59291
3.9,-0.58253
3.902,-0.57523
3.904,-0.56489
3.906,-0.55457
3.908,-0.54426
3.91,-0.53398
3.912,-0.52678
3.914,-0.51347
3.916,-0.50325
3.918,-0.49305
3.92,-0.48287
3.922,-0.46965
3.924,-0.45645
3.926,-0.44634
3.928,-0.43319
3.93,-0.42007
3.932,-0.40697
3.934,-0.39083
3.936,-0.37779
3.938,-0.36171
3.94,-0.34566
3.942,-0.32965
3.944,-0.31673
3.946,-0.29771
3.948,-0.27872
3.95,-0.26284
3.952,-0.24393
3.954,-0.22199
3.956,-0.20315
3.958,-0.18129
3.96,-0.15948
3.962,-0.1377
3.964,-0.11291
3.966,-0.088164
3.968,-0.063469
3.97,-0.038823
3.972,-0.014226
3.974,0.013386
3.976,0.040943
3.978,0.068446
3.98,0.092828
3.982,0.12023
3.984,0.14757
3.986,0.17179
3.988,0.19904
3.99,0.22316
3.992,0.24723
3.994,0.26819
3.996,0.29217
3.998,0.31304
4,0.33387
4.002,0.35466
4.004,0.37234
4.006,0.38999
4.008,0.4076
4.01,0.42517
4.012,0.44271
4.014,0.45715
4.016,0.47156
4.018,0.48595
4.02,0.5003
4.022,0.51462
4.024,0.52586
4.026,0.54013
4.028,0.55131
4.03,0.56247
4.032,0.5736
4.034,0.58165
4.036,0.59275
4.038,0.60076
4.04,0.61182
4.042,0.61979
4.044,0.63081
4.046,0.63875
4.048,0.64667
4.05,0.65457
4.052,0.66245
4.054,0.67033
4.056,0.67818
4.058,0.68602
4.06,0.69384
4.062,0.69859
4.064,0.70639
4.066,0.71417
4.068,0.71887
4.07,0.72663
4.072,0.73437
4.074,0.73904
4.076,0.74369
4.078,0.7514
4.08,0.75603
4.082,0.76371
4.084,0.77138
4.086,0.77597
4.088,0.78055
4.09,0.78818
4.092,0.79274
4.094,0.80035
4.096,0.80488
4.098,0.81247
4.1,0.81697
4.102,0.82454
4.104,0.82902
4.106,0.83656
4.108,0.84101
4.11,0.84853
4.112,0.85603
4.114,0.86045
4.116,0.86792
4.118,0.87538
4.12,0.87976
4.122,0.8872
4.124,0.89462
4.126,0.90203
4.128,0.90942
4.13,0.9168
4.132,0.9211
4.134,0.92845
4.136,0.93579
4.138,0.94312
4.14,0.95043
4.142,0.95772
4.144,0.96501
4.146,0.97227
4.148,0.97952
4.15,0.98676
4.152,0.99705
4.154,1.0043
4.156,1.0114
4.158,1.0186
4.16,1.0258
4.162,1.036
4.164,1.0431
4.166,1.0502
4.168,1.0573
4.17,1.0644
4.172,1.0745
4.174,1.0816
4.176,1.0886
4.178,1.0956
4.18,1.1026
4.182,1.1096
4.184,1.1166
4.186,1.1236
4.188,1.1305
4.19,1.1375
4.192,1.1444
4.194,1.1482
4.196,1.1551
4.198,1.162
4.2,1.1658
4.202,1.1727
4.204,1.1765
4.206,1.1833
4.208,1.1871
4.21,1.1939
4.212,1.1976
4.214,1.2014
4.216,1.2051
4.218,1.2088
4.22,1.2125
4.222,1.2163
4.224,1.22
4.226,1.2206
4.228,1.2243
4.23,1.228
4.232,1.2286
4.234,1.2322
4.236,1.2328
4.238,1.2334
4.24,1.234
4.242,1.2346
4.244,1.2352
4.246,1.2328
4.248,1.2334
4.25,1.2309
4.252,1.2285
4.254,1.2291
4.256,1.2266
4.258,1.2242
4.26,1.2186
4.262,1.2162
4.264,1.2107
4.266,1.2052
4.268,1.1998
4.27,1.1943
4.272,1.1858
4.274,1.1773
4.276,1.1688
4.278,1.1603
4.28,1.1488
4.282,1.1373
4.284,1.1259
4.286,1.1114
4.288,1.0969
4.29,1.0824
4.292,1.068
4.294,1.0505
4.296,1.0331
4.298,1.0157
4.3,0.99838
4.302,0.978
4.304,0.95765
4.306,0.94042
4.308,0.92015
4.31,0.89992
4.312,0.87973
4.314,0.86265
4.316,0.8456
4.318,0.82859
4.32,0.81161
4.322,0.79773
4.324,0.78387
4.326,0.77005
4.328,0.75931
4.33,0.7486
4.332,0.73791
4.334,0.72724
4.336,0.7166
4.338,0.70903
4.34,0.70149
4.342,0.69396
4.344,0.68951
4.346,0.682
4.348,0.67757
4.35,0.67315
4.352,0.66874
4.354,0.66434
4.356,0.65995
4.358,0.65863
4.36,0.65425
4.362,0.65294
4.364,0.65164
4.366,0.65034
4.368,0.64904
4.37,0.64774
4.372,0.64644
4.374,0.64515
4.376,0.64693
4.378,0.64564
4.38,0.64435
4.382,0.64612
4.384,0.6479
4.386,0.64967
4.388,0.64837
4.39,0.65014
4.392,0.65191
4.394,0.65367
4.396,0.65543
4.398,0.65718
4.4,0.65893
4.402,0.66068
4.404,0.66243
4.406,0.66417
4.408,0.66591
4.41,0.66764
4.412,0.66937
4.414,0.6711
4.416,0.67589
4.418,0.6776
4.42,0.67931
4.422,0.68102
4.424,0.68579
4.426,0.68749
4.428,0.68918
4.43,0.69393
4.432,0.69561
4.434,0.69728
4.436,0.69895
4.438,0.70369
4.44,0.70535
4.442,0.707
4.444,0.70865
4.446,0.7103
4.448,0.71195
4.45,0.71359
4.452,0.71523
4.454,0.71687
4.456,0.7185
4.458,0.72013
4.46,0.72176
4.462,0.72338
4.464,0.72193
4.466,0.72356
4.468,0.72517
4.47,0.72679
4.472,0.7284
4.474,0.72695
4.476,0.72856
4.478,0.73323
4.48,0.73483
4.482,0.73337
4.484,0.73803
4.486,0.73962
4.488,0.74121
4.49,0.74586
4.492,0.7505
4.494,0.75206
4.496,0.75975
4.498,0.76437
4.5,0.76897
4.502,0.77356
4.504,0.77815
4.506,0.78579
4.508,0.79341
4.51,0.80102
4.512,0.80861
4.514,0.81619
4.516,0.82682
4.518,0.83436
4.52,0.84496
4.522,0.8494
4.524,0.85996
4.526,0.8705
4.528,0.88102
4.53,0.88846
4.532,0.89894
4.534,0.90941
4.536,0.91678
4.538,0.92721
4.54,0.93455
4.542,0.94495
4.544,0.95225
4.546,0.96261
4.548,0.97295
4.55,0.9802
4.552,0.9905
4.554,0.99771
4.556,1.008
4.558,1.0152
4.56,1.0254
4.562,1.0356
4.564,1.0427
4.566,1.0529
4.568,1.0631
4.57,1.0732
4.572,1.0802
4.574,1.0903
4.576,1.1004
4.578,1.1105
4.58,1.1205
4.582,1.1306
4.584,1.1406
4.586,1.1505
4.588,1.1605
4.59,1.1704
4.592,1.1834
4.594,1.1933
4.596,1.2032
4.598,1.2161
4.6,1.229
4.602,1.2419
4.604,1.2547
4.606,1.2645
4.608,1.2803
4.61,1.2931
4.612,1.3058
4.614,1.3216
4.616,1.3374
4.618,1.35
4.62,1.3688
4.622,1.3844
4.624,1.4001
4.626,1.4187
4.628,1.4343
4.63,1.4529
4.632,1.4745
4.634,1.493
4.636,1.5145
4.638,1.536
4.64,1.5575
4.642,1.5789
4.644,1.6033
4.646,1.6277
4.648,1.652
4.65,1.6794
4.652,1.7036
4.654,1.7339
4.656,1.7611
4.658,1.7882
4.66,1.8184
4.662,1.8454
4.664,1.8754
4.666,1.9054
4.668,1.9353
4.67,1.9621
4.672,1.9918
4.674,2.0185
4.676,2.0451
4.678,2.0717
4.68,2.0951
4.682,2.1216
4.684,2.1419
4.686,2.1652
4.688,2.1854
4.69,2.2055
4.692,2.2256
4.694,2.2457
4.696,2.2627
4.698,2.2796
4.7,2.2935
4.702,2.3103
4.704,2.3241
4.706,2.3378
4.708,2.3516
4.71,2.3653
4.712,2.3759
4.714,2.3864
4.716,2.397
4.718,2.4075
4.72,2.418
4.722,2.4255
4.724,2.4359
4.726,2.4433
4.728,2.4507
4.73,2.4581
4.732,2.4654
4.734,2.4728
4.736,2.4801
4.738,2.4843
4.74,2.4916
4.742,2.4958
4.744,2.5031
4.746,2.5073
4.748,2.5115
4.75,2.5157
4.752,2.5198
4.754,2.524
4.756,2.5312
4.758,2.5231
4.76,2.5119
4.762,2.5008
4.764,2.4927
4.766,2.4816
4.768,2.4705
4.77,2.4625
4.772,2.4545
4.774,2.4435
4.776,2.4325
4.778,2.4245
4.78,2.4136
4.782,2.4057
4.784,2.3947
4.786,2.3838
4.788,2.376
4.79,2.3651
4.792,2.3543
4.794,2.3465
4.796,2.3357
4.798,2.3249
4.8,2.3172
4.802,2.3095
4.804,2.2987
4.806,2.288
4.808,2.2804
4.81,2.2697
4.812,2.2621
4.814,2.2514
4.816,2.2439
4.818,2.2363
4.82,2.2257
4.822,2.2182
4.824,2.2077
4.826,2.2002
4.828,2.1897
4.83,2.1822
4.832,2.1717
4.834,2.1643
4.836,2.1569
4.838,2.1465
4.84,2.1391
4.842,2.1287
4.844,2.1214
4.846,2.1111
4.848,2.1007
4.85,2.0934
4.852,2.0831
4.854,2.0728
4.856,2.0626
4.858,2.0554
4.86,2.0451
4.862,2.0349
4.864,2.0217
4.866,2.0146
4.868,2.0013
4.87,1.9912
4.872,1.9811
4.874,1.971
4.876,1.9579
4.878,1.9448
4.88,1.9348
4.882,1.9217
4.884,1.9087
4.886,1.8957
4.888,1.8827
4.89,1.8697
4.892,1.8568
4.894,1.8439
4.896,1.8279
4.898,1.8151
4.9,1.7992
4.902,1.7834
4.904,1.7675
4.906,1.7517
4.908,1.736
4.91,1.7203
4.912,1.7015
4.914,1.6828
4.916,1.6671
4.918,1.6485
4.92,1.6299
4.922,1.6082
4.924,1.5866
4.926,1.5651
4.928,1.5436
4.93,1.5221
4.932,1.4976
4.934,1.4731
4.936,1.4487
4.938,1.4244
4.94,1.397
4.942,1.3697
4.944,1.3425
4.946,1.3122
4.948,1.2851
4.95,1.2549
4.952,1.2217
4.954,1.1887
4.956,1.1556
4.958,1.1227
4.96,1.0867
4.962,1.0539
4.964,1.0181
4.966,0.98233
4.968,0.94665
4.97,0.91105
4.972,0.87551
4.974,0.84005
4.976,0.80772
4.978,0.77546
4.98,0.74019
4.982,0.70807
4.984,0.67907
4.986,0.64706
4.988,0.61819
4.99,0.58937
4.992,0.5606
4.994,0.53497
4.996,0.50938
4.998,0.48384
5,0.46142
5.002,0.43904
5.004,0.41671
5.006,0.39442
5.008,0.37525
5.01,0.35304
5.012,0.33395
5.014,0.31489
5.016,0.29894
5.018,0.27995
5.02,0.26407
5.022,0.24822
5.024,0.2324
5.026,0.21661
5.028,0.20085
5.03,0.18819
5.032,0.17249
5.034,0.15988
5.036,0.1473
5.038,0.13475
5.04,0.12222
5.042,0.10972
5.044,0.1003
5.046,0.087844
5.048,0.075409
5.05,0.066064
5.052,0.053672
5.054,0.04437
5.056,0.035087
5.058,0.022757
5.06,0.013517
5.062,0.0042952
5.064,-0.0049081
5.066,-0.014093
5.068,-0.02326
5.07,-0.032408
5.072,-0.041538
5.074,-0.050649
5.076,-0.059743
5.078,-0.068818
5.08,-0.07481
5.082,-0.083856
5.084,-0.092883
5.086,-0.098827
5.088,-0.10782
5.09,-0.1168
5.092,-0.12576
5.094,-0.13164
5.096,-0.14058
5.098,-0.14949
5.1,-0.15532
5.102,-0.1642
5.104,-0.17307
5.106,-0.17885
5.108,-0.18769
5.11,-0.19345
5.112,-0.20226
5.114,-0.21105
5.116,-0.21675
5.118,-0.22552
5.12,-0.23426
5.122,-0.23992
5.124,-0.24864
5.126,-0.25733
5.128,-0.26295
5.13,-0.27162
5.132,-0.28027
5.134,-0.28584
5.136,-0.29446
5.138,-0.30001
5.14,-0.3086
5.142,-0.31718
5.144,-0.32268
5.146,-0.33123
5.148,-0.33976
5.15,-0.34521
5.152,-0.35371
5.154,-0.35914
5.156,-0.36761
5.158,-0.37301
5.16,-0.38146
5.162,-0.38683
5.164,-0.39525
5.166,-0.40365
5.168,-0.40898
5.17,-0.41735
5.172,-0.42265
5.174,-0.431
5.176,-0.43627
5.178,-0.44459
5.18,-0.44983
5.182,-0.45813
5.184,-0.46334
5.186,-0.47161
5.188,-0.4768
5.19,-0.48198
5.192,-0.49021
5.194,-0.49536
5.196,-0.5005
5.198,-0.50563
5.2,-0.51381
5.202,-0.51892
5.204,-0.52401
5.206,-0.52909
5.208,-0.53417
5.21,-0.53923
5.212,-0.54428
5.214,-0.54626
5.216,-0.55436
5.218,-0.55632
5.22,-0.56134
5.222,-0.56635
5.224,-0.56828
5.226,-0.57327
5.228,-0.57519
5.23,-0.58017
5.232,-0.58208
5.234,-0.58398
5.236,-0.58588
5.238,-0.58777
5.24,-0.58966
5.242,-0.59155
5.244,-0.59037
5.246,-0.59225
5.248,-0.59414
5.25,-0.59295
5.252,-0.59483
5.254,-0.59364
5.256,-0.59245
5.258,-0.59127
5.26,-0.59009
5.262,-0.58585
5.264,-0.58161
5.266,-0.58045
5.268,-0.57622
5.27,-0.57201
5.272,-0.56473
5.274,-0.55748
5.276,-0.5533
5.278,-0.543
5.28,-0.53578
5.282,-0.52858
5.284,-0.51833
5.286,-0.5081
5.288,-0.49789
5.29,-0.4877
5.292,-0.47753
5.294,-0.46738
5.296,-0.45726
5.298,-0.44715
5.3,-0.43706
5.302,-0.42699
5.304,-0.41694
5.306,-0.40692
5.308,-0.39997
5.31,-0.39304
5.312,-0.38613
5.314,-0.37923
5.316,-0.37234
5.318,-0.36853
5.32,-0.36473
5.322,-0.35787
5.324,-0.35409
5.326,-0.35032
5.328,-0.34962
5.33,-0.34586
5.332,-0.34516
5.334,-0.34141
5.336,-0.34073
5.338,-0.34005
5.34,-0.33937
5.342,-0.33869
5.344,-0.33801
5.346,-0.33734
5.348,-0.33973
5.35,-0.33905
5.352,-0.33837
5.354,-0.34076
5.356,-0.34008
5.358,-0.34247
5.36,-0.34485
5.362,-0.34722
5.364,-0.34959
5.366,-0.34889
5.368,-0.35126
5.37,-0.35363
5.372,-0.35598
5.374,-0.35834
5.376,-0.36069
5.378,-0.36303
5.38,-0.36537
5.382,-0.36771
5.384,-0.37004
5.386,-0.37543
5.388,-0.37774
5.39,-0.38005
5.392,-0.38236
5.394,-0.38466
5.396,-0.38695
5.398,-0.38925
5.4,-0.3946
5.402,-0.39687
5.404,-0.39915
5.406,-0.40141
5.408,-0.40368
5.41,-0.40593
5.412,-0.40819
5.414,-0.41044
5.416,-0.41268
5.418,-0.41492
5.42,-0.41716
5.422,-0.41939
5.424,-0.42162
5.426,-0.42384
5.428,-0.42606
5.43,-0.42827
5.432,-0.43048
5.434,-0.42962
5.436,-0.43183
5.438,-0.43403
5.44,-0.43316
5.442,-0.43536
5.444,-0.43756
5.446,-0.43668
5.448,-0.43887
5.45,-0.438
5.452,-0.44019
5.454,-0.43931
5.456,-0.43843
5.458,-0.44062
5.46,-0.43974
5.462,-0.43886
5.464,-0.44105
5.466,-0.44017
5.468,-0.43929
5.47,-0.43841
5.472,-0.43753
5.474,-0.43666
5.476,-0.43579
5.478,-0.43492
5.48,-0.43405
5.482,-0.43318
5.484,-0.43232
5.486,-0.43145
5.488,-0.43059
5.49,-0.42973
5.492,-0.42887
5.494,-0.42495
5.496,-0.4241
5.498,-0.42325
5.5,-0.42241
5.502,-0.42156
5.504,-0.42072
5.506,-0.41988
5.508,-0.41904
5.51,-0.4182
5.512,-0.42043
5.514,-0.41959
5.516,-0.41875
5.518,-0.41792
5.52,-0.42015
5.522,-0.41931
5.524,-0.41847
5.526,-0.4207
5.528,-0.41986
5.53,-0.42208
5.532,-0.42431
5.534,-0.42346
5.536,-0.42568
5.538,-0.42789
5.54,-0.42704
5.542,-0.42925
5.544,-0.43146
5.546,-0.43366
5.548,-0.43586
5.55,-0.44112
5.552,-0.4433
5.554,-0.44548
5.556,-0.45072
5.558,-0.45595
5.56,-0.4581
5.562,-0.46332
5.564,-0.46852
5.566,-0.47371
5.568,-0.4789
5.57,-0.48714
5.572,-0.49229
5.574,-0.5005
5.576,-0.5087
5.578,-0.51688
5.58,-0.52504
5.582,-0.53318
5.584,-0.54131
5.586,-0.55249
5.588,-0.56365
5.59,-0.57478
5.592,-0.58896
5.594,-0.60004
5.596,-0.61416
5.598,-0.62826
5.6,-0.6454
5.602,-0.6625
5.604,-0.67956
5.606,-0.69659
5.608,-0.71666
5.61,-0.73668
5.612,-0.75973
5.614,-0.77966
5.616,-0.80569
5.618,-0.8286
5.62,-0.85453
5.622,-0.8804
5.624,-0.90623
5.626,-0.93507
5.628,-0.96078
5.63,-0.98645
5.632,-1.0151
5.634,-1.0407
5.636,-1.0662
5.638,-1.0916
5.64,-1.117
5.642,-1.1393
5.644,-1.1616
5.646,-1.1838
5.648,-1.2029
5.65,-1.2219
5.652,-1.2409
5.654,-1.2568
5.656,-1.2727
5.658,-1.2886
5.66,-1.3013
5.662,-1.3171
5.664,-1.3267
5.666,-1.3394
5.668,-1.349
5.67,-1.3616
5.672,-1.3712
5.674,-1.3776
5.676,-1.3871
5.678,-1.3935
5.68,-1.3999
5.682,-1.4063
5.684,-1.4127
5.686,-1.4191
5.688,-1.4224
5.69,-1.4257
5.692,-1.432
5.694,-1.4353
5.696,-1.4386
5.698,-1.4418
5.7,-1.4451
5.702,-1.4483
5.704,-1.4485
5.706,-1.4517
5.708,-1.4549
5.71,-1.4551
5.712,-1.4553
5.714,-1.4585
5.716,-1.4586
5.718,-1.4588
5.72,-1.4589
5.722,-1.4591
5.724,-1.4592
5.726,-1.4594
5.728,-1.4595
5.73,-1.4597
5.732,-1.4598
5.734,-1.46
5.736,-1.4571
5.738,-1.4572
5.74,-1.4574
5.742,-1.4575
5.744,-1.4577
5.746,-1.4548
5.748,-1.4549
5.75,-1.4551
5.752,-1.4522
5.754,-1.4523
5.756,-1.4494
5.758,-1.4496
5.76,-1.4498
5.762,-1.4469
5.764,-1.447
5.766,-1.4442
5.768,-1.4443
5.77,-1.4414
5.772,-1.4416
5.774,-1.4388
5.776,-1.4389
5.778,-1.4391
5.78,-1.4363
5.782,-1.4365
5.784,-1.4336
5.786,-1.4338
5.788,-1.4309
5.79,-1.4311
5.792,-1.4313
5.794,-1.4285
5.796,-1.4287
5.798,-1.4258
5.8,-1.426
5.802,-1.4232
5.804,-1.4234
5.806,-1.4236
5.808,-1.4208
5.81,-1.421
5.812,-1.4182
5.814,-1.4184
5.816,-1.4186
5.818,-1.4158
5.82,-1.416
5.822,-1.4163
5.824,-1.4134
5.826,-1.4137
5.828,-1.4109
5.83,-1.4111
5.832,-1.4083
5.834,-1.4085
5.836,-1.4088
5.838,-1.406
5.84,-1.4062
5.842,-1.4034
5.844,-1.4006
5.846,-1.4009
5.848,-1.4012
5.85,-1.3984
5.852,-1.3986
5.854,-1.3958
5.856,-1.393
5.858,-1.3933
5.86,-1.3905
5.862,-1.3878
5.864,-1.3881
5.866,-1.3853
5.868,-1.3825
5.87,-1.3797
5.872,-1.3801
5.874,-1.3773
5.876,-1.3745
5.878,-1.3718
5.88,-1.3691
5.882,-1.3663
5.884,-1.3636
5.886,-1.3578
5.888,-1.3551
5.89,-1.3524
5.892,-1.3466
5.894,-1.3439
5.896,-1.3382
5.898,-1.3355
5.9,-1.3298
5.902,-1.324
5.904,-1.3183
5.906,-1.3126
5.908,-1.307
5.91,-1.3013
5.912,-1.2956
5.914,-1.2869
5.916,-1.2782
5.918,-1.2726
5.92,-1.2639
5.922,-1.2552
5.924,-1.2466
5.926,-1.238
5.928,-1.2263
5.93,-1.2177
5.932,-1.2061
5.934,-1.1945
5.936,-1.1799
5.938,-1.1683
5.94,-1.1568
5.942,-1.1422
5.944,-1.1277
5.946,-1.1101
5.948,-1.0925
5.95,-1.075
5.952,-1.0576
5.954,-1.0371
5.956,-1.0197
5.958,-0.99618
5.96,-0.9758
5.962,-0.95239
5.964,-0.92904
5.966,-0.90879
5.968,-0.88552
5.97,-0.85923
5.972,-0.83606
5.974,-0.81294
5.976,-0.79292
5.978,-0.76988
5.98,-0.74689
5.982,-0.72701
5.984,-0.70717
5.986,-0.69043
5.988,-0.67066
5.99,-0.654
5.992,-0.63737
5.994,-0.62383
5.996,-0.60726
5.998,-0.59379
6,-0.58341
6.002,-0.56998
6.004,-0.55658
6.006,-0.54628
6.008,-0.53599
6.01,-0.52573
6.012,-0.51855
6.014,-0.50831
6.016,-0.50117
6.018,-0.49404
6.02,-0.48386
6.022,-0.47676
6.024,-0.46968
6.026,-0.46567
6.028,-0.45861
6.03,-0.45157
6.032,-0.4476
6.034,-0.44058
6.036,-0.43663
6.038,-0.43269
6.04,-0.4257
6.042,-0.42485
6.044,-0.41787
6.046,-0.41397
6.048,-0.41008
6.05,-0.40619
6.052,-0.40232
6.054,-0.39845
6.056,-0.39459
6.058,-0.3938
6.06,-0.38995
6.062,-0.3861
6.064,-0.38227
6.066,-0.3815
6.068,-0.37768
6.07,-0.37386
6.072,-0.37005
6.074,-0.36624
6.076,-0.36551
6.078,-0.36171
6.08,-0.35793
6.082,-0.35721
6.084,-0.35343
6.086,-0.34966
6.088,-0.3459
6.09,-0.34521
6.092,-0.34145
6.094,-0.33771
6.096,-0.33397
6.098,-0.33023
6.1,-0.32651
6.102,-0.32279
6.104,-0.31908
6.106,-0.31538
6.108,-0.31168
6.11,-0.308
6.112,-0.30432
6.114,-0.30064
6.116,-0.29698
6.118,-0.29025
6.12,-0.28661
6.122,-0.28297
6.124,-0.27628
6.126,-0.27266
6.128,-0.26905
6.13,-0.26238
6.132,-0.25879
6.134,-0.25215
6.136,-0.24551
6.138,-0.24196
6.14,-0.23535
6.142,-0.23181
6.144,-0.22215
6.146,-0.21864
6.148,-0.21208
6.15,-0.20552
6.152,-0.19898
6.154,-0.19246
6.156,-0.18594
6.158,-0.17944
6.16,-0.17295
6.162,-0.16648
6.164,-0.16001
6.166,-0.15356
6.168,-0.14713
6.17,-0.1407
6.172,-0.13429
6.174,-0.12789
6.176,-0.12151
6.178,-0.11514
6.18,-0.10878
6.182,-0.10243
6.184,-0.096095
6.186,-0.089774
6.188,-0.083465
6.19,-0.077168
6.192,-0.073949
6.194,-0.067671
6.196,-0.061406
6.198,-0.055154
6.2,-0.051979
6.202,-0.045745
6.204,-0.042589
6.206,-0.036374
6.208,-0.033236
6.21,-0.02704
6.212,-0.023921
6.214,-0.020809
6.216,-0.014637
6.218,-0.011543
6.22,-0.0084551
6.222,-0.0053733
6.224,-0.0022977
6.226,0.00077182
6.228,0.0038352
6.23,0.0068924
6.232,0.0068786
6.234,0.0099298
6.236,0.00991
6.238,0.012955
6.24,0.012929
6.242,0.012903
6.244,0.012878
6.246,0.012852
6.248,0.012826
6.25,0.012801
6.252,0.012775
6.254,0.012749
6.256,0.009659
6.258,0.0096397
6.26,0.0065556
6.262,0.0034776
6.264,-0.0026591
6.266,-0.0057187
6.268,-0.0087722
6.27,-0.014884
6.272,-0.01792
6.274,-0.027079
6.276,-0.033154
6.278,-0.039218
6.28,-0.048334
6.282,-0.057432
6.284,-0.066512
6.286,-0.078639
6.288,-0.090741
6.29,-0.10282
6.292,-0.11487
6.294,-0.12997
6.296,-0.14503
6.298,-0.16313
6.3,-0.17813
6.302,-0.19923
6.304,-0.21722
6.306,-0.23824
6.308,-0.25922
6.31,-0.28322
6.312,-0.30411
6.314,-0.32802
6.316,-0.35188
6.318,-0.3757
6.32,-0.39947
6.322,-0.42013
6.324,-0.44381
6.326,-0.46437
6.328,-0.4849
6.33,-0.50538
6.332,-0.52276
6.334,-0.54011
6.336,-0.55435
6.338,-0.56857
6.34,-0.58276
6.342,-0.59692
6.344,-0.60799
6.346,-0.61903
6.348,-0.63005
6.35,-0.63799
6.352,-0.64591
6.354,-0.65381
6.356,-0.6617
6.358,-0.66651
6.36,-0.67437
6.362,-0.67916
6.364,-0.68393
6.366,-0.68869
6.368,-0.69038
6.37,-0.69207
6.372,-0.69681
6.374,-0.69849
6.376,-0.70016
6.378,-0.70182
6.38,-0.70348
6.382,-0.70514
6.384,-0.70373
6.386,-0.70539
6.388,-0.70398
6.39,-0.70258
6.392,-0.70117
6.394,-0.70284
6.396,-0.70143
6.398,-0.70003
6.4,-0.69863
6.402,-0.69724
6.404,-0.69584
6.406,-0.69445
6.408,-0.69
6.41,-0.68862
6.412,-0.68725
6.414,-0.68587
6.416,-0.68144
6.418,-0.68008
6.42,-0.67565
6.422,-0.6743
6.424,-0.66989
6.426,-0.66855
6.428,-0.66415
6.43,-0.66283
6.432,-0.65844
6.434,-0.65712
6.436,-0.65274
6.438,-0.64837
6.44,-0.64401
6.442,-0.64273
6.444,-0.63838
6.446,-0.6371
6.448,-0.63276
6.45,-0.62844
6.452,-0.62718
6.454,-0.62286
6.456,-0.62468
6.458,-0.62037
6.46,-0.61913
6.462,-0.61789
6.464,-0.61666
6.466,-0.61849
6.468,-0.62032
6.47,-0.61908
6.472,-0.62091
6.474,-0.62273
6.476,-0.62455
6.478,-0.62637
6.48,-0.63125
6.482,-0.63305
6.484,-0.63792
6.486,-0.63971
6.488,-0.64456
6.49,-0.6494
6.492,-0.65423
6.494,-0.65599
6.496,-0.66081
6.498,-0.66562
6.5,-0.67042
6.502,-0.67521
6.504,-0.67693
6.506,-0.6817
6.508,-0.68647
6.51,-0.68816
6.512,-0.69292
6.514,-0.6946
6.516,-0.69628
6.518,-0.69795
6.52,-0.69962
6.522,-0.69822
6.524,-0.70296
6.526,-0.70155
6.528,-0.70322
6.53,-0.70488
6.532,-0.70347
6.534,-0.70513
6.536,-0.70372
6.538,-0.70538
6.54,-0.70397
6.542,-0.70563
6.544,-0.70422
6.546,-0.70587
6.548,-0.70446
6.55,-0.70612
6.552,-0.70471
6.554,-0.70637
6.556,-0.70496
6.558,-0.70661
6.56,-0.7052
6.562,-0.70686
6.564,-0.70544
6.566,-0.70403
6.568,-0.70263
6.57,-0.70429
6.572,-0.70288
6.574,-0.70148
6.576,-0.70008
6.578,-0.69868
6.58,-0.69728
6.582,-0.69589
6.584,-0.6945
6.586,-0.69311
6.588,-0.69173
6.59,-0.69034
6.592,-0.6859
6.594,-0.68453
6.596,-0.6801
6.598,-0.67874
6.6,-0.67432
6.602,-0.6699
6.604,-0.6655
6.606,-0.66417
6.608,-0.65978
6.61,-0.65233
6.612,-0.64796
6.614,-0.6436
6.616,-0.63619
6.618,-0.63185
6.62,-0.62446
6.622,-0.61708
6.624,-0.60972
6.626,-0.60237
6.628,-0.59197
6.63,-0.58466
6.632,-0.5743
6.634,-0.56396
6.636,-0.55363
6.638,-0.54027
6.64,-0.52999
6.642,-0.51668
6.644,-0.50338
6.646,-0.48705
6.648,-0.47076
6.65,-0.45449
6.652,-0.43826
6.654,-0.41899
6.656,-0.39977
6.658,-0.37751
6.66,-0.35837
6.662,-0.3362
6.664,-0.31407
6.666,-0.28893
6.668,-0.2669
6.67,-0.24184
6.672,-0.21991
6.674,-0.19801
6.676,-0.17616
6.678,-0.15436
6.68,-0.13259
6.682,-0.11394
6.684,-0.095322
6.686,-0.076742
6.688,-0.061264
6.69,-0.042752
6.692,-0.027342
6.694,-0.015028
6.696,-0.0027386
6.698,0.012591
6.7,0.021761
6.702,0.033977
6.704,0.046169
6.706,0.055271
6.708,0.064355
6.71,0.070357
6.712,0.079411
6.714,0.085382
6.716,0.094406
6.718,0.10035
6.72,0.10628
6.722,0.11219
6.724,0.1181
6.726,0.12093
6.728,0.12682
6.73,0.12963
6.732,0.1355
6.734,0.13829
6.736,0.14108
6.738,0.14386
6.74,0.14971
6.742,0.15247
6.744,0.15217
6.746,0.15493
6.748,0.15768
6.75,0.16043
6.752,0.16318
6.754,0.16285
6.756,0.16559
6.758,0.16833
6.76,0.17105
6.762,0.17071
6.764,0.17344
6.766,0.17309
6.768,0.17581
6.77,0.17546
6.772,0.17817
6.774,0.18088
6.776,0.18052
6.778,0.18016
6.78,0.18286
6.782,0.1825
6.784,0.1852
6.786,0.18483
6.788,0.18752
6.79,0.19021
6.792,0.18983
6.794,0.19252
6.796,0.19214
6.798,0.19482
6.8,0.19749
6.802,0.20016
6.804,0.19976
6.806,0.20243
6.808,0.20509
6.81,0.20468
6.812,0.20734
6.814,0.20999
6.816,0.21263
6.818,0.21527
6.82,0.21791
6.822,0.22054
6.824,0.22316
6.826,0.22578
6.828,0.23146
6.83,0.23406
6.832,0.23666
6.834,0.23925
6.836,0.2449
6.838,0.24748
6.84,0.25005
6.842,0.25568
6.844,0.25823
6.846,0.26385
6.848,0.26638
6.85,0.27198
6.852,0.27757
6.854,0.28314
6.856,0.28871
6.858,0.29119
6.86,0.29674
6.862,0.30228
6.864,0.3078
6.866,0.31332
6.868,0.31882
6.87,0.32432
6.872,0.3298
6.874,0.33527
6.876,0.34073
6.878,0.34618
6.88,0.35162
6.882,0.35704
6.884,0.36246
6.886,0.36787
6.888,0.37326
6.89,0.37864
6.892,0.38402
6.894,0.38631
6.896,0.39167
6.898,0.39702
6.9,0.40236
6.902,0.40768
6.904,0.40993
6.906,0.41524
6.908,0.42054
6.91,0.42277
6.912,0.42805
6.914,0.43026
6.916,0.43553
6.918,0.43773
6.92,0.44298
6.922,0.44516
6.924,0.44734
6.926,0.44951
6.928,0.45474
6.93,0.4569
6.932,0.45905
6.934,0.4612
6.936,0.46334
6.938,0.46548
6.94,0.46455
6.942,0.46669
6.944,0.46882
6.946,0.46788
6.948,0.47001
6.95,0.46907
6.952,0.46814
6.954,0.47027
6.956,0.46933
6.958,0.46839
6.96,0.46745
6.962,0.46652
6.964,0.46252
6.966,0.4616
6.968,0.45761
6.97,0.45363
6.972,0.44966
6.974,0.44876
6.976,0.4448
6.978,0.43778
6.98,0.43384
6.982,0.42685
6.984,0.41986
6.986,0.41289
6.988,0.40594
6.99,0.39593
6.992,0.38595
6.994,0.37598
6.996,0.36604
6.998,0.35304
7,0.34008
7.002,0.32714
7.004,0.31423
7.006,0.29828
7.008,0.28235
7.01,0.2634
7.012,0.24449
7.014,0.22561
7.016,0.2037
7.018,0.18184
7.02,0.16002
7.022,0.13519
7.024,0.1104
7.026,0.085656
7.028,0.057901
7.03,0.033266
7.032,0.0056155
7.034,-0.018915
7.036,-0.043396
7.038,-0.067829
7.04,-0.089148
7.042,-0.11042
7.044,-0.13166
7.046,-0.15285
7.048,-0.17093
7.05,-0.18898
7.052,-0.20699
7.054,-0.2219
7.056,-0.23678
7.058,-0.24857
7.06,-0.26033
7.062,-0.27207
7.064,-0.28379
7.066,-0.29242
7.068,-0.30103
7.07,-0.30962
7.072,-0.3182
7.074,-0.32369
7.076,-0.32917
7.078,-0.33465
7.08,-0.34011
7.082,-0.34556
7.084,-0.351
7.086,-0.35336
7.088,-0.35572
7.09,-0.36114
7.092,-0.36348
7.094,-0.36582
7.096,-0.36509
7.098,-0.36742
7.1,-0.36976
7.102,-0.37208
7.104,-0.37134
7.106,-0.3706
7.108,-0.37292
7.11,-0.37218
7.112,-0.37143
7.114,-0.37069
7.116,-0.36995
7.118,-0.36921
7.12,-0.36847
7.122,-0.36774
7.124,-0.367
7.126,-0.36627
7.128,-0.36554
7.13,-0.36481
7.132,-0.36101
7.134,-0.36029
7.136,-0.35957
7.138,-0.35885
7.14,-0.35507
7.142,-0.35436
7.144,-0.35059
7.146,-0.34989
7.148,-0.34612
7.15,-0.34543
7.152,-0.34168
7.154,-0.34099
7.156,-0.34031
7.158,-0.33963
7.16,-0.33895
7.162,-0.33828
7.164,-0.34067
7.166,-0.33999
7.168,-0.34237
7.17,-0.34475
7.172,-0.34713
7.174,-0.3495
7.176,-0.35187
7.178,-0.35729
7.18,-0.35964
7.182,-0.36812
7.184,-0.37045
7.186,-0.3789
7.188,-0.38734
7.19,-0.3927
7.192,-0.40111
7.194,-0.4095
7.196,-0.42094
7.198,-0.4293
7.2,-0.4407
7.202,-0.44901
7.204,-0.46037
7.206,-0.47478
7.208,-0.48609
7.21,-0.49738
7.212,-0.51171
7.214,-0.52295
7.216,-0.53723
7.218,-0.54841
7.22,-0.56264
7.222,-0.57378
7.224,-0.58795
7.226,-0.59904
7.228,-0.61317
7.23,-0.6242
7.232,-0.63521
7.234,-0.6462
7.236,-0.65717
7.238,-0.66812
7.24,-0.67598
7.242,-0.68689
7.244,-0.69471
7.246,-0.70558
7.248,-0.71337
7.25,-0.72114
7.252,-0.73196
7.254,-0.73969
7.256,-0.7474
7.258,-0.75511
7.26,-0.76279
7.262,-0.77046
7.264,-0.77812
7.266,-0.78576
7.268,-0.79338
7.27,-0.79793
7.272,-0.80553
7.274,-0.81311
7.276,-0.82068
7.278,-0.82517
7.28,-0.83272
7.282,-0.83718
7.284,-0.84471
7.286,-0.85221
7.288,-0.85664
7.29,-0.86106
7.292,-0.86547
7.294,-0.86987
7.296,-0.87426
7.298,-0.87864
7.3,-0.88302
7.302,-0.88738
7.304,-0.89174
7.306,-0.89302
7.308,-0.89737
7.31,-0.89864
7.312,-0.89991
7.314,-0.90424
7.316,-0.90244
7.318,-0.9037
7.32,-0.90496
7.322,-0.90621
7.324,-0.9044
7.326,-0.90566
7.328,-0.90385
7.33,-0.90205
7.332,-0.90024
7.334,-0.89844
7.336,-0.89358
7.338,-0.88873
7.34,-0.88389
7.342,-0.87906
7.344,-0.87424
7.346,-0.86636
7.348,-0.8585
7.35,-0.85066
7.352,-0.83976
7.354,-0.82889
7.356,-0.81804
7.358,-0.80721
7.36,-0.79334
7.362,-0.77949
7.364,-0.76261
7.366,-0.74883
7.368,-0.73201
7.37,-0.71522
7.372,-0.69847
7.374,-0.68481
7.376,-0.66812
7.378,-0.65453
7.38,-0.64096
7.382,-0.62742
7.384,-0.61391
7.386,-0.60042
7.388,-0.59002
7.39,-0.57965
7.392,-0.5693
7.394,-0.56203
7.396,-0.55478
7.398,-0.54754
7.4,-0.54032
7.402,-0.53311
7.404,-0.52898
7.406,-0.52486
7.408,-0.52074
7.41,-0.51664
7.412,-0.5156
7.414,-0.51151
7.416,-0.51049
7.418,-0.50947
7.42,-0.50845
7.422,-0.50743
7.424,-0.50642
7.426,-0.50541
7.428,-0.5044
7.43,-0.50646
7.432,-0.50544
7.434,-0.5075
7.436,-0.50955
7.438,-0.50853
7.44,-0.51058
7.442,-0.51262
7.444,-0.51467
7.446,-0.5167
7.448,-0.51873
7.45,-0.52076
7.452,-0.52585
7.454,-0.52787
7.456,-0.52988
7.458,-0.53188
7.46,-0.53695
7.462,-0.53894
7.464,-0.54093
7.466,-0.54598
7.468,-0.54795
7.47,-0.55299
7.472,-0.55495
7.474,-0.5569
7.476,-0.56192
7.478,-0.56386
7.48,-0.5658
7.482,-0.5708
7.484,-0.57273
7.486,-0.57771
7.488,-0.57962
7.49,-0.58459
7.492,-0.58649
7.494,-0.59145
7.496,-0.59333
7.498,-0.59521
7.5,-0.59709
7.502,-0.60202
7.504,-0.60389
7.506,-0.60574
7.508,-0.6076
7.51,-0.60945
7.512,-0.6113
7.514,-0.61314
7.516,-0.61498
7.518,-0.61682
7.52,-0.61865
7.522,-0.62048
7.524,-0.6223
7.526,-0.62106
7.528,-0.62288
7.53,-0.62164
7.532,-0.62346
7.534,-0.62528
7.536,-0.62403
7.538,-0.62278
7.54,-0.62461
7.542,-0.62336
7.544,-0.62211
7.546,-0.62087
7.548,-0.61963
7.55,-0.61839
7.552,-0.61715
7.554,-0.61592
7.556,-0.61469
7.558,-0.61346
7.56,-0.60917
7.562,-0.60796
7.564,-0.60368
7.566,-0.60247
7.568,-0.5982
7.57,-0.59394
7.572,-0.59275
7.574,-0.5885
7.576,-0.58426
7.578,-0.58003
7.58,-0.57581
7.582,-0.57466
7.584,-0.57044
7.586,-0.56624
7.588,-0.56204
7.59,-0.55786
7.592,-0.55368
7.594,-0.54951
7.596,-0.54534
7.598,-0.54119
7.6,-0.53704
7.602,-0.52984
7.604,-0.52878
7.606,-0.52466
7.608,-0.52055
7.61,-0.51644
7.612,-0.51234
7.614,-0.50826
7.616,-0.50417
7.618,-0.5001
7.62,-0.49604
7.622,-0.49198
7.624,-0.48793
7.626,-0.48696
7.628,-0.48292
7.63,-0.47889
7.632,-0.47487
7.634,-0.47392
7.636,-0.46991
7.638,-0.46591
7.64,-0.46498
7.642,-0.46098
7.644,-0.46006
7.646,-0.45608
7.648,-0.45516
7.65,-0.45119
7.652,-0.45029
7.654,-0.44939
7.656,-0.44543
7.658,-0.44454
7.66,-0.44365
7.662,-0.44276
7.664,-0.44188
7.666,-0.44099
7.668,-0.44011
7.67,-0.4423
7.672,-0.44142
7.674,-0.44053
7.676,-0.44272
7.678,-0.44183
7.68,-0.44402
7.682,-0.44619
7.684,-0.44837
7.686,-0.45054
7.688,-0.4527
7.69,-0.45486
7.692,-0.46008
7.694,-0.46223
7.696,-0.46743
7.698,-0.47263
7.7,-0.47782
7.702,-0.48299
7.704,-0.48816
7.706,-0.49637
7.708,-0.50458
7.71,-0.51276
7.712,-0.52093
7.714,-0.52909
7.716,-0.53723
7.718,-0.54841
7.72,-0.55958
7.722,-0.57378
7.724,-0.58796
7.726,-0.60211
7.728,-0.61623
7.73,-0.63339
7.732,-0.65051
7.734,-0.67067
7.736,-0.69078
7.738,-0.71086
7.74,-0.73396
7.742,-0.75701
7.744,-0.78001
7.746,-0.80604
7.748,-0.83201
7.75,-0.85794
7.752,-0.88381
7.754,-0.91269
7.756,-0.93845
7.758,-0.96416
7.76,-0.98982
7.762,-1.0124
7.764,-1.0349
7.766,-1.0573
7.768,-1.0766
7.77,-1.096
7.772,-1.1152
7.774,-1.1344
7.776,-1.1475
7.778,-1.1636
7.78,-1.1766
7.782,-1.1896
7.784,-1.1995
7.786,-1.2093
7.788,-1.2192
7.79,-1.229
7.792,-1.2388
7.794,-1.2455
7.796,-1.2491
7.798,-1.2558
7.8,-1.2625
7.802,-1.2661
7.804,-1.2697
7.806,-1.2733
7.808,-1.2769
7.81,-1.2774
7.812,-1.281
7.814,-1.2815
7.816,-1.282
7.818,-1.2825
7.82,-1.283
7.822,-1.2835
7.824,-1.281
7.826,-1.2784
7.828,-1.2758
7.83,-1.2702
7.832,-1.2646
7.834,-1.2621
7.836,-1.2565
7.838,-1.254
7.84,-1.2484
7.842,-1.2429
7.844,-1.2373
7.846,-1.2318
7.848,-1.2263
7.85,-1.2208
7.852,-1.2152
7.854,-1.2098
7.856,-1.2012
7.858,-1.1957
7.86,-1.1903
7.862,-1.1848
7.864,-1.1763
7.866,-1.1709
7.868,-1.1625
7.87,-1.1571
7.872,-1.1517
7.874,-1.1433
7.876,-1.1379
7.878,-1.1295
7.88,-1.1242
7.882,-1.1158
7.884,-1.1105
7.886,-1.1022
7.888,-1.0969
7.89,-1.0886
7.892,-1.0833
7.894,-1.0781
7.896,-1.0729
7.898,-1.0677
7.9,-1.0625
7.902,-1.0604
7.904,-1.0552
7.906,-1.0531
7.908,-1.0479
7.91,-1.0458
7.912,-1.0437
7.914,-1.0416
7.916,-1.0396
7.918,-1.0375
7.92,-1.0354
7.922,-1.0364
7.924,-1.0343
7.926,-1.0323
7.928,-1.0302
7.93,-1.0312
7.932,-1.0292
7.934,-1.0271
7.936,-1.0281
7.938,-1.0261
7.94,-1.024
7.942,-1.025
7.944,-1.023
7.946,-1.0209
7.948,-1.0189
7.95,-1.0138
7.952,-1.0118
7.954,-1.0067
7.956,-1.0047
7.958,-0.99959
7.96,-0.99453
7.962,-0.99254
7.964,-0.98443
7.966,-0.9794
7.968,-0.97438
7.97,-0.96937
7.972,-0.96436
7.974,-0.95937
7.976,-0.95439
7.978,-0.94942
7.98,-0.94446
7.982,-0.93951
7.984,-0.9315
7.986,-0.92657
7.988,-0.92166
7.99,-0.91675
7.992,-0.91185
7.994,-0.9039
7.996,-0.89903
7.998,-0.89417
8,-0.88932
8.002,-0.88448
8.004,-0.87658
8.006,-0.87176
8.008,-0.86696
8.01,-0.85909
8.012,-0.85431
8.014,-0.84648
8.016,-0.84172
8.018,-0.83391
8.02,-0.82918
8.022,-0.82139
8.024,-0.81362
8.026,-0.80587
8.028,-0.80119
8.03,-0.79346
8.032,-0.78574
8.034,-0.77804
8.036,-0.77036
8.038,-0.75963
8.04,-0.75198
8.042,-0.74435
8.044,-0.73366
8.046,-0.72607
8.048,-0.71542
8.05,-0.7048
8.052,-0.6942
8.054,-0.68362
8.056,-0.67305
8.058,-0.65945
8.06,-0.64894
8.062,-0.63845
8.064,-0.62491
8.066,-0.6114
8.068,-0.59486
8.07,-0.58141
8.072,-0.56492
8.074,-0.55153
8.076,-0.53511
8.078,-0.51565
8.08,-0.49929
8.082,-0.47991
8.084,-0.46056
8.086,-0.43819
8.088,-0.41892
8.09,-0.39663
8.092,-0.37438
8.094,-0.34912
8.096,-0.32696
8.098,-0.29873
8.1,-0.27361
8.102,-0.24548
8.104,-0.22047
8.106,-0.19245
8.108,-0.16448
8.11,-0.13656
8.112,-0.10564
8.114,-0.080912
8.116,-0.056231
8.118,-0.028534
8.12,-0.0039583
8.122,0.020569
8.124,0.045047
8.126,0.066411
8.128,0.087733
8.13,0.10901
8.132,0.12718
8.134,0.14838
8.136,0.16341
8.138,0.18147
8.14,0.1995
8.142,0.21443
8.144,0.22932
8.146,0.24112
8.148,0.25597
8.15,0.26772
8.152,0.27944
8.154,0.29114
8.156,0.30282
8.158,0.31447
8.16,0.32304
8.162,0.33465
8.164,0.34318
8.166,0.35169
8.168,0.36325
8.17,0.37172
8.172,0.38017
8.174,0.3886
8.176,0.39702
8.178,0.40542
8.18,0.41381
8.182,0.42217
8.184,0.43053
8.186,0.43886
8.188,0.44411
8.19,0.45242
8.192,0.46071
8.194,0.46899
8.196,0.47418
8.198,0.48243
8.2,0.49066
8.202,0.49581
8.204,0.50401
8.206,0.5122
8.208,0.5173
8.21,0.52547
8.212,0.53054
8.214,0.53868
8.216,0.5468
8.218,0.55184
8.22,0.55993
8.222,0.568
8.224,0.573
8.226,0.58105
8.228,0.58908
8.23,0.59403
8.232,0.60204
8.234,0.61003
8.236,0.61495
8.238,0.62291
8.24,0.63086
8.242,0.6388
8.244,0.64671
8.246,0.65462
8.248,0.6625
8.25,0.66731
8.252,0.67517
8.254,0.68302
8.256,0.69085
8.258,0.69866
8.26,0.70646
8.262,0.71424
8.264,0.72508
8.266,0.72976
8.268,0.73749
8.27,0.74828
8.272,0.75598
8.274,0.76366
8.276,0.77133
8.278,0.77899
8.28,0.78969
8.282,0.79731
8.284,0.80491
8.286,0.81249
8.288,0.82007
8.29,0.82762
8.292,0.83823
8.294,0.84268
8.296,0.85019
8.298,0.85769
8.3,0.86517
8.302,0.87264
8.304,0.88009
8.306,0.88752
8.308,0.89188
8.31,0.89929
8.312,0.90363
8.314,0.91102
8.316,0.91532
8.318,0.91963
8.32,0.92698
8.322,0.93126
8.324,0.93553
8.326,0.93979
8.328,0.94404
8.33,0.94829
8.332,0.95252
8.334,0.95675
8.336,0.96097
8.338,0.96211
8.34,0.96632
8.342,0.96745
8.344,0.97165
8.346,0.97277
8.348,0.97389
8.35,0.97501
8.352,0.97613
8.354,0.97724
8.356,0.97836
8.358,0.9764
8.36,0.97445
8.362,0.97557
8.364,0.97362
8.366,0.97168
8.368,0.96973
8.37,0.9678
8.372,0.9628
8.374,0.95781
8.376,0.9559
8.378,0.94786
8.38,0.9429
8.382,0.93795
8.384,0.92994
8.386,0.92196
8.388,0.91398
8.39,0.90296
8.392,0.89503
8.394,0.88098
8.396,0.87003
8.398,0.85909
8.4,0.84512
8.402,0.83117
8.404,0.81418
8.406,0.8003
8.408,0.78337
8.41,0.76649
8.412,0.74963
8.414,0.73281
8.416,0.71602
8.418,0.69926
8.42,0.68254
8.422,0.66585
8.424,0.65226
8.426,0.63564
8.428,0.62211
8.43,0.6086
8.432,0.59513
8.434,0.58474
8.436,0.57438
8.438,0.56404
8.44,0.55372
8.442,0.54342
8.444,0.5362
8.446,0.529
8.448,0.52488
8.45,0.5177
8.452,0.51054
8.454,0.50645
8.456,0.50237
8.458,0.4983
8.46,0.49424
8.462,0.49326
8.464,0.48921
8.466,0.48823
8.468,0.48725
8.47,0.48322
8.472,0.48225
8.474,0.48129
8.476,0.48032
8.478,0.47936
8.48,0.48147
8.482,0.48051
8.484,0.47955
8.486,0.48166
8.488,0.48069
8.49,0.4828
8.492,0.4849
8.494,0.487
8.496,0.48602
8.498,0.48812
8.5,0.49021
8.502,0.49229
8.504,0.49437
8.506,0.49645
8.508,0.49852
8.51,0.50059
8.512,0.50266
8.514,0.50472
8.516,0.50677
8.518,0.51189
8.52,0.51393
8.522,0.51597
8.524,0.518
8.526,0.52003
8.528,0.52206
8.53,0.52715
8.532,0.52916
8.534,0.53117
8.536,0.53623
8.538,0.53823
8.54,0.54022
8.542,0.5422
8.544,0.54418
8.546,0.54616
8.548,0.54814
8.55,0.54704
8.552,0.54901
8.554,0.54792
8.556,0.54989
8.558,0.55185
8.56,0.55075
8.562,0.54965
8.564,0.54855
8.566,0.55052
8.568,0.54942
8.57,0.54832
8.572,0.54723
8.574,0.54613
8.576,0.54504
8.578,0.54702
8.58,0.54593
8.582,0.54483
8.584,0.54375
8.586,0.54572
8.588,0.5477
8.59,0.5466
8.592,0.54858
8.594,0.54748
8.596,0.54945
8.598,0.55142
8.6,0.55645
8.602,0.5584
8.604,0.56035
8.606,0.56536
8.608,0.57036
8.61,0.57535
8.612,0.57727
8.614,0.58531
8.616,0.59027
8.618,0.59522
8.62,0.60016
8.622,0.60509
8.624,0.61307
8.626,0.62104
8.628,0.62593
8.63,0.63388
8.632,0.63874
8.634,0.64666
8.636,0.6515
8.638,0.65939
8.64,0.6642
8.642,0.67207
8.644,0.67686
8.646,0.6847
8.648,0.69253
8.65,0.69727
8.652,0.70507
8.654,0.71286
8.656,0.72063
8.658,0.72839
8.66,0.73612
8.662,0.74078
8.664,0.7485
8.666,0.75926
8.668,0.76694
8.67,0.7746
8.672,0.78225
8.674,0.79295
8.676,0.80056
8.678,0.81122
8.68,0.81879
8.682,0.82941
8.684,0.84002
8.686,0.8506
8.688,0.86116
8.69,0.8717
8.692,0.88221
8.694,0.89578
8.696,0.90625
8.698,0.91976
8.7,0.93325
8.702,0.94671
8.704,0.96014
8.706,0.97661
8.708,0.98998
8.71,1.0064
8.712,1.0228
8.714,1.0391
8.716,1.0585
8.718,1.0778
8.72,1.0941
8.722,1.1133
8.724,1.1326
8.726,1.1548
8.728,1.177
8.73,1.1992
8.732,1.2213
8.734,1.2434
8.736,1.2685
8.738,1.2936
8.74,1.3186
8.742,1.3435
8.744,1.3684
8.746,1.3933
8.748,1.4181
8.75,1.4428
8.752,1.4675
8.754,1.4922
8.756,1.5168
8.758,1.5383
8.76,1.5597
8.762,1.5842
8.764,1.6025
8.766,1.6207
8.768,1.642
8.77,1.6602
8.772,1.6783
8.774,1.6933
8.776,1.7083
8.778,1.7233
8.78,1.7383
8.782,1.7532
8.784,1.765
8.786,1.7768
8.788,1.7886
8.79,1.8003
8.792,1.8121
8.794,1.8238
8.796,1.8324
8.798,1.841
8.8,1.8496
8.802,1.8581
8.804,1.8667
8.806,1.8752
8.808,1.8837
8.81,1.8922
8.812,1.8976
8.814,1.903
8.816,1.9115
8.818,1.9169
8.82,1.9222
8.822,1.9306
8.824,1.9329
8.826,1.9382
8.828,1.9466
8.83,1.9519
8.832,1.9542
8.834,1.9595
8.836,1.9647
8.838,1.97
8.84,1.9722
8.842,1.9775
8.844,1.9827
8.846,1.9849
8.848,1.9901
8.85,1.9953
8.852,1.9975
8.854,2.0027
8.856,2.0079
8.858,2.01
8.86,2.0151
8.862,2.0173
8.864,2.0224
8.866,2.0276
8.868,2.0296
8.87,2.0348
8.872,2.0399
8.874,2.042
8.876,2.0471
8.878,2.0522
8.88,2.0542
8.882,2.0593
8.884,2.0644
8.886,2.0664
8.888,2.0715
8.89,2.0765
8.892,2.0785
8.894,2.0835
8.896,2.0886
8.898,2.0936
8.9,2.0955
8.902,2.1005
8.904,2.1055
8.906,2.1105
8.908,2.1155
8.91,2.1205
8.912,2.1254
8.914,2.1304
8.916,2.1353
8.918,2.1403
8.92,2.1452
8.922,2.1501
8.924,2.155
8.926,2.1599
8.928,2.1647
8.93,2.1666
8.932,2.1745
8.934,2.1793
8.936,2.1811
8.938,2.1859
8.94,2.1908
8.942,2.1956
8.944,2.1973
8.946,2.2021
8.948,2.2069
8.95,2.2087
8.952,2.2134
8.954,2.2151
8.956,2.2168
8.958,2.2216
8.96,2.2233
8.962,2.225
8.964,2.2267
8.966,2.2284
8.968,2.23
8.97,2.2317
8.972,2.2334
8.974,2.232
8.976,2.2336
8.978,2.2323
8.98,2.2339
8.982,2.2325
8.984,2.2311
8.986,2.2328
8.988,2.2314
8.99,2.23
8.992,2.2256
8.994,2.2242
8.996,2.2228
8.998,2.2214
9,2.217
9.002,2.2125
9.004,2.2081
9.006,2.2037
9.008,2.1993
9.01,2.1949
9.012,2.1905
9.014,2.1831
9.016,2.1757
9.018,2.1683
9.02,2.1609
9.022,2.1504
9.024,2.143
9.026,2.1326
9.028,2.1222
9.03,2.1119
9.032,2.0985
9.034,2.0851
9.036,2.0717
9.038,2.0584
9.04,2.042
9.042,2.0287
9.044,2.0094
9.046,1.99
9.048,1.9707
9.05,1.9515
9.052,1.9322
9.054,1.91
9.056,1.8878
9.058,1.8625
9.06,1.8404
9.062,1.8153
9.064,1.7902
9.066,1.7652
9.068,1.7402
9.07,1.7183
9.072,1.6935
9.074,1.6717
9.076,1.65
9.078,1.6283
9.08,1.6066
9.082,1.5881
9.084,1.5727
9.086,1.5542
9.088,1.5358
9.09,1.5204
9.092,1.5051
9.094,1.4929
9.096,1.4808
9.098,1.4686
9.1,1.4565
9.102,1.4444
9.104,1.4354
9.106,1.4264
9.108,1.4174
9.11,1.4084
9.112,1.3995
9.114,1.3936
9.116,1.3847
9.118,1.3789
9.12,1.373
9.122,1.3672
9.124,1.3614
9.126,1.3557
9.128,1.3499
9.13,1.3472
9.132,1.3414
9.134,1.3387
9.136,1.333
9.138,1.3303
9.14,1.3277
9.142,1.322
9.144,1.3193
9.146,1.3167
9.148,1.3141
9.15,1.3114
9.152,1.3088
9.154,1.3062
9.156,1.3036
9.158,1.3041
9.16,1.3014
9.162,1.2988
9.164,1.2963
9.166,1.2967
9.168,1.2941
9.17,1.2946
9.172,1.292
9.174,1.2894
9.176,1.2869
9.178,1.2843
9.18,1.2817
9.182,1.2792
9.184,1.2736
9.186,1.271
9.188,1.2654
9.19,1.2598
9.192,1.2573
9.194,1.2517
9.196,1.2431
9.198,1.2375
9.2,1.232
9.202,1.2234
9.204,1.2148
9.206,1.2063
9.208,1.1977
9.21,1.1861
9.212,1.1776
9.214,1.1661
9.216,1.1546
9.218,1.1431
9.22,1.1347
9.222,1.1201
9.224,1.1087
9.226,1.0942
9.228,1.0828
9.23,1.0684
9.232,1.054
9.234,1.0397
9.236,1.0253
9.238,1.011
9.24,0.9998
9.242,0.98555
9.244,0.97132
9.246,0.95712
9.248,0.94294
9.25,0.9288
9.252,0.91469
9.254,0.9006
9.256,0.8896
9.258,0.87557
9.26,0.86156
9.262,0.85064
9.264,0.83975
9.266,0.82888
9.268,0.81803
9.27,0.8072
9.272,0.79945
9.274,0.78866
9.276,0.78096
9.278,0.77327
9.28,0.76559
9.282,0.75487
9.284,0.75029
9.286,0.74266
9.288,0.73505
9.29,0.73052
9.292,0.72293
9.294,0.71535
9.296,0.71086
9.298,0.70331
9.3,0.69884
9.302,0.69131
9.304,0.6838
9.306,0.67937
9.308,0.67495
9.31,0.67054
9.312,0.66307
9.314,0.65868
9.316,0.6543
9.318,0.64992
9.32,0.64556
9.322,0.6412
9.324,0.63686
9.326,0.63252
9.328,0.63126
9.33,0.62693
9.332,0.62568
9.334,0.62136
9.336,0.62012
9.338,0.61888
9.34,0.61765
9.342,0.61641
9.344,0.61518
9.346,0.61395
9.348,0.61273
9.35,0.61457
9.352,0.61334
9.354,0.61518
9.356,0.61701
9.358,0.61885
9.36,0.62374
9.362,0.62556
9.364,0.63044
9.366,0.63531
9.368,0.64017
9.37,0.64502
9.372,0.65292
9.374,0.66082
9.376,0.66562
9.378,0.67349
9.38,0.6844
9.382,0.6953
9.384,0.7031
9.386,0.71702
9.388,0.72785
9.39,0.73865
9.392,0.74944
9.394,0.76326
9.396,0.774
9.398,0.78471
9.4,0.79847
9.402,0.80913
9.404,0.81978
9.406,0.82733
9.408,0.83794
9.41,0.84546
9.412,0.85296
9.414,0.86046
9.416,0.86487
9.418,0.87233
9.42,0.87672
9.422,0.8811
9.424,0.8824
9.426,0.88677
9.428,0.89113
9.43,0.89241
9.432,0.89369
9.434,0.89497
9.436,0.89625
9.438,0.89446
9.44,0.89574
9.442,0.89395
9.444,0.89216
9.446,0.89344
9.448,0.89166
9.45,0.88988
9.452,0.8881
9.454,0.88632
9.456,0.88455
9.458,0.87972
9.46,0.87796
9.462,0.87621
9.464,0.87139
9.466,0.86965
9.468,0.86485
9.47,0.86312
9.472,0.85833
9.474,0.85355
9.476,0.85185
9.478,0.84708
9.48,0.84232
9.482,0.84064
9.484,0.8359
9.486,0.83116
9.488,0.82643
9.49,0.82172
9.492,0.82008
9.494,0.81537
9.496,0.81068
9.498,0.80599
9.5,0.80132
9.502,0.79972
9.504,0.79506
9.506,0.7904
9.508,0.78576
9.51,0.78112
9.512,0.77956
9.514,0.77494
9.516,0.77033
9.518,0.76572
9.52,0.76419
9.522,0.7596
9.524,0.75502
9.526,0.75045
9.528,0.74895
9.53,0.74438
9.532,0.7429
9.534,0.73835
9.536,0.73687
9.538,0.7354
9.54,0.73087
9.542,0.72941
9.544,0.72488
9.546,0.72344
9.548,0.72199
9.55,0.71748
9.552,0.71605
9.554,0.71462
9.556,0.71319
9.558,0.71177
9.56,0.71034
9.562,0.70892
9.564,0.70751
9.566,0.70609
9.568,0.70468
9.57,0.70328
9.572,0.70187
9.574,0.70353
9.576,0.70213
9.578,0.70072
9.58,0.70239
9.582,0.70099
9.584,0.70265
9.586,0.70125
9.588,0.69985
9.59,0.70151
9.592,0.70011
9.594,0.69871
9.596,0.70038
9.598,0.69898
9.6,0.70065
9.602,0.69925
9.604,0.70092
9.606,0.69952
9.608,0.69812
9.61,0.69672
9.612,0.69533
9.614,0.69394
9.616,0.69256
9.618,0.69117
9.62,0.68979
9.622,0.68841
9.624,0.68704
9.626,0.68567
9.628,0.6843
9.63,0.68293
9.632,0.68156
9.634,0.67714
9.636,0.67578
9.638,0.67137
9.64,0.67003
9.642,0.66562
9.644,0.66429
9.646,0.6599
9.648,0.65552
9.65,0.65114
9.652,0.64678
9.654,0.64242
9.656,0.63807
9.658,0.63373
9.66,0.62634
9.662,0.62202
9.664,0.61465
9.666,0.61035
9.668,0.60301
9.67,0.59567
9.672,0.58835
9.674,0.58105
9.676,0.57069
9.678,0.56342
9.68,0.5531
9.682,0.5428
9.684,0.53252
9.686,0.52226
9.688,0.51202
9.69,0.49874
9.692,0.48855
9.694,0.47531
9.696,0.45904
9.698,0.44586
9.7,0.42965
9.702,0.41346
9.704,0.39731
9.706,0.37813
9.708,0.35899
9.71,0.33988
9.712,0.31775
9.714,0.29566
9.716,0.27361
9.718,0.24855
9.72,0.22353
9.722,0.19856
9.724,0.17058
9.726,0.14266
9.728,0.11172
9.73,0.086983
9.732,0.05616
9.734,0.025399
9.736,-0.0022362
9.738,-0.029816
9.74,-0.060405
9.742,-0.087869
9.744,-0.11528
9.746,-0.13957
9.748,-0.16381
9.75,-0.188
9.752,-0.21214
9.754,-0.23317
9.756,-0.25416
9.758,-0.27204
9.76,-0.29295
9.762,-0.30769
9.764,-0.32547
9.766,-0.34014
9.768,-0.35479
9.77,-0.3694
9.772,-0.38399
9.774,-0.39548
9.776,-0.40695
9.778,-0.4184
9.78,-0.42675
9.782,-0.43816
9.784,-0.44648
9.786,-0.45478
9.788,-0.46307
9.79,-0.47134
9.792,-0.47959
9.794,-0.48476
9.796,-0.49299
9.798,-0.49813
9.8,-0.50327
9.802,-0.50839
9.804,-0.51657
9.806,-0.5186
9.808,-0.5237
9.81,-0.52878
9.812,-0.53386
9.814,-0.53585
9.816,-0.54091
9.818,-0.54596
9.82,-0.54794
9.822,-0.54991
9.824,-0.55494
9.826,-0.55689
9.828,-0.55885
9.83,-0.56386
9.832,-0.5658
9.834,-0.56773
9.836,-0.56966
9.838,-0.57159
9.84,-0.57658
9.842,-0.57849
9.844,-0.58346
9.846,-0.58536
9.848,-0.59032
9.85,-0.59221
9.852,-0.59715
9.854,-0.60209
9.856,-0.60702
9.858,-0.615
9.86,-0.6199
9.862,-0.62786
9.864,-0.6358
9.866,-0.64372
9.868,-0.65163
9.87,-0.65952
9.872,-0.6674
9.874,-0.67833
9.876,-0.68923
9.878,-0.70011
9.88,-0.71097
9.882,-0.72181
9.884,-0.73263
9.886,-0.74649
9.888,-0.76032
9.89,-0.77413
9.892,-0.78791
9.894,-0.80472
9.896,-0.81844
9.898,-0.83213
9.9,-0.85192
9.902,-0.86554
9.904,-0.88527
9.906,-0.90189
9.908,-0.91847
9.91,-0.93809
9.912,-0.95461
9.914,-0.97416
9.916,-0.99366
9.918,-1.0131
9.92,-1.0326
9.922,-1.052
9.924,-1.0744
9.926,-1.0937
9.928,-1.1129
9.93,-1.1322
9.932,-1.1514
9.934,-1.1705
9.936,-1.1896
9.938,-1.2057
9.94,-1.2247
9.942,-1.2406
9.944,-1.2596
9.946,-1.2786
9.948,-1.2944
9.95,-1.3102
9.952,-1.326
9.954,-1.3417
9.956,-1.3574
9.958,-1.3731
9.96,-1.3857
9.962,-1.4013
9.964,-1.4169
9.966,-1.4294
9.968,-1.4449
9.97,-1.4604
9.972,-1.4728
9.974,-1.4883
9.976,-1.5006
9.978,-1.5129
9.98,-1.5252
9.982,-1.5375
9.984,-1.5498
9.986,-1.562
9.988,-1.5742
9.99,-1.5864
9.992,-1.5985
9.994,-1.6076
9.996,-1.6197
9.998,-1.6318
10,-1.6408
