0,1.7515
0.002,1.7815
0.004,1.8057
0.006,1.8254
0.008,1.8414
0.01,1.8543
0.012,1.8647
0.014,1.8732
0.016,1.8776
0.018,1.8835
0.02,1.8861
0.022,1.8902
0.024,1.8916
0.026,1.8926
0.028,1.8934
0.03,1.8939
0.032,1.8942
0.034,1.8944
0.036,1.8944
0.038,1.8943
0.04,1.8924
0.042,1.8922
0.044,1.8902
0.046,1.8899
0.048,1.8879
0.05,1.8875
0.052,1.8854
0.054,1.885
0.056,1.8828
0.058,1.8806
0.06,1.8784
0.062,1.8762
0.064,1.8739
0.066,1.8736
0.068,1.8712
0.07,1.8689
0.072,1.8666
0.074,1.8642
0.076,1.8618
0.078,1.8574
0.08,1.855
0.082,1.8526
0.084,1.8502
0.086,1.8478
0.088,1.8454
0.09,1.8429
0.092,1.8404
0.094,1.8378
0.096,1.8353
0.098,1.8303
0.1,1.8278
0.102,1.8252
0.104,1.8226
0.106,1.8199
0.108,1.8172
0.11,1.8145
0.112,1.8117
0.114,1.8089
0.116,1.806
0.118,1.8031
0.12,1.8002
0.122,1.7972
0.124,1.7942
0.126,1.7912
0.128,1.7882
0.13,1.7876
0.132,1.7844
0.134,1.7812
0.136,1.7779
0.138,1.7772
0.14,1.7738
0.142,1.7704
0.144,1.7696
0.146,1.7661
0.148,1.7651
0.15,1.7615
0.152,1.7605
0.154,1.7594
0.156,1.7556
0.158,1.7544
0.16,1.7532
0.162,1.7518
0.164,1.7504
0.166,1.749
0.168,1.7475
0.17,1.7459
0.172,1.7444
0.174,1.7428
0.176,1.7411
0.178,1.7395
0.18,1.7402
0.182,1.7384
0.184,1.7366
0.186,1.7372
0.188,1.7354
0.19,1.7358
0.192,1.7362
0.194,1.7343
0.196,1.7346
0.198,1.7348
0.2,1.735
0.202,1.7352
0.204,1.7353
0.206,1.7354
0.208,1.7355
0.21,1.7356
0.212,1.7356
0.214,1.7357
0.216,1.7357
0.218,1.7358
0.22,1.7377
0.222,1.7377
0.224,1.7377
0.226,-1.7395
0.228,-1.7395
0.23,-1.743
0.232,-1.743
0.234,-1.7447
0.236,-1.7464
0.238,-1.7496
0.24,-1.7513
0.242,-1.7543
0.244,-1.7573
0.246,-1.7602
0.248,-1.7631
0.25,-1.766
0.252,-1.7698
0.254,-1.7736
0.256,-1.7773
0.258,-1.7802
0.26,-1.7844
0.262,-1.788
0.264,-1.792
0.266,-1.796
0.268,-1.7998
0.27,-1.8036
0.272,-1.8074
0.274,-1.8112
0.276,-1.8147
0.278,-1.8181
0.28,-1.8215
0.282,-1.8248
0.284,-1.8281
0.286,-1.8305
0.288,-1.8338
0.29,-1.8359
0.292,-1.838
0.294,-1.8399
0.296,-1.8419
0.298,-1.842
0.3,-1.8439
0.302,-1.8437
0.304,-1.8456
0.306,-1.8451
0.308,-1.8444
0.31,-1.8437
0.312,-1.8428
0.314,-1.8417
0.316,-1.8405
0.318,-1.8391
0.32,-1.8375
0.322,-1.8356
0.324,-1.8335
0.326,-1.8312
0.328,-1.8285
0.33,-1.8256
0.332,-1.8223
0.334,-1.8188
0.336,-1.8149
0.338,-1.8145
0.34,-1.8097
0.342,-1.8045
0.344,-1.8031
0.346,-1.8011
0.348,-1.7944
0.35,-1.7916
0.352,-1.7883
0.354,-1.7844
0.356,-1.7801
0.358,-1.7753
0.36,-1.7701
0.362,-1.7687
0.364,-1.7623
0.366,-1.7599
0.368,-1.7568
0.37,-1.7532
0.372,-1.7491
0.374,-1.7444
0.376,-1.7393
0.378,-1.7338
0.38,-1.7322
0.382,-1.7257
0.384,-1.7231
0.386,-1.7199
0.388,-1.7162
0.39,-1.7121
0.392,-1.7075
0.394,-1.7067
0.396,-1.7052
0.398,-1.7032
0.4,-1.7007
0.402,-1.7016
0.404,-1.698
0.406,-1.6979
0.408,-1.6973
0.41,-1.6962
0.412,-1.6982
0.414,-1.6995
0.416,-1.6971
0.418,-1.6977
0.42,-1.6979
0.422,-1.7008
0.424,-1.7003
0.426,-1.7024
0.428,-1.7041
0.43,-1.7055
0.432,-1.7067
0.434,-1.7076
0.436,-1.7108
0.438,-1.7113
0.44,-1.714
0.442,-1.7142
0.444,-1.7166
0.446,-1.7188
0.448,-1.7209
0.45,-1.7229
0.452,1.7248
0.454,1.7266
0.456,1.7301
0.458,1.7319
0.46,1.7351
0.462,1.7383
0.464,1.7415
0.466,1.7445
0.468,1.7475
0.47,1.7517
0.472,1.7547
0.474,1.7587
0.476,1.7626
0.478,1.7664
0.48,1.7709
0.482,1.7747
0.484,1.779
0.486,1.7832
0.488,1.7873
0.49,1.7914
0.492,1.7955
0.494,1.7995
0.496,1.8033
0.498,1.8072
0.5,1.8109
0.502,1.8147
0.504,1.8176
0.506,1.8213
0.508,1.824
0.51,1.8267
0.512,1.8292
0.514,1.8303
0.516,1.8312
0.518,1.8338
0.52,1.8344
0.522,1.8328
0.524,1.8334
0.526,1.8338
0.528,1.8316
0.53,1.8292
0.532,1.8266
0.534,1.8208
0.536,1.8182
0.538,1.8118
0.54,1.8053
0.542,1.7986
0.544,1.7916
0.546,1.7844
0.548,1.7726
0.55,1.7651
0.552,1.7525
0.554,1.7397
0.556,1.7316
0.558,1.7179
0.56,1.7038
0.562,1.6894
0.564,1.6802
0.566,1.6703
0.568,1.654
0.57,1.6431
0.572,1.6257
0.574,1.6139
0.576,1.6013
0.578,1.5881
0.58,1.5742
0.582,1.5658
0.584,1.5502
0.586,1.5403
0.588,1.5294
0.59,1.5177
0.592,1.5052
0.594,1.4982
0.596,1.4837
0.598,1.4749
0.6,1.4652
0.602,1.4545
0.604,1.443
0.606,1.4307
0.608,1.424
0.61,1.4162
0.612,1.4074
0.614,1.3978
0.616,1.3874
0.618,1.3763
0.62,1.3706
0.622,1.358
0.624,1.3508
0.626,1.3428
0.628,1.3341
0.63,1.3248
0.632,1.3206
0.634,1.3154
0.636,1.304
0.638,1.2978
0.64,1.2909
0.642,1.2888
0.644,1.2806
0.646,1.2719
0.648,1.2682
0.65,1.2637
0.652,1.2588
0.654,1.2533
0.656,1.2475
0.658,1.2461
0.66,1.2393
0.662,1.2371
0.664,1.2343
0.666,1.2311
0.668,1.2275
0.67,1.2237
0.672,1.2239
0.674,1.2194
0.676,1.2189
0.678,1.2181
0.68,1.2169
0.682,1.2155
0.684,1.2177
0.686,1.2157
0.688,1.2174
0.69,1.2187
0.692,1.2162
0.694,1.2172
0.696,1.218
0.698,1.2221
0.7,1.2259
0.702,1.2261
0.704,1.2295
0.706,1.2328
0.708,1.2359
0.71,1.2389
0.712,-1.2446
0.714,-1.2502
0.716,-1.2529
0.718,-1.2583
0.72,-1.2636
0.722,-1.2712
0.724,-1.2764
0.726,-1.2837
0.728,-1.2911
0.73,-1.2963
0.732,-1.3055
0.734,-1.3127
0.736,-1.3217
0.738,-1.3291
0.74,-1.338
0.742,-1.347
0.744,-1.3573
0.746,-1.3664
0.748,-1.3766
0.75,-1.3859
0.752,-1.3962
0.754,-1.4073
0.756,-1.4178
0.758,-1.4289
0.76,-1.4396
0.762,-1.4507
0.764,-1.4619
0.766,-1.4732
0.768,-1.4846
0.77,-1.4962
0.772,-1.5076
0.774,-1.5186
0.776,-1.5302
0.778,-1.5411
0.78,-1.5521
0.782,-1.563
0.784,-1.5728
0.786,-1.5825
0.788,-1.5939
0.79,-1.6016
0.792,-1.6113
0.794,-1.6188
0.796,-1.6262
0.798,-1.6335
0.8,-1.6378
0.802,-1.6421
0.804,-1.6755
0.806,-1.7055
0.808,-1.7368
0.81,-1.7567
0.812,-1.7715
0.814,-1.7822
0.816,-1.7893
0.818,-1.7946
0.82,-1.7998
0.822,-1.8041
0.824,-1.8062
0.826,-1.807
0.828,-1.8082
0.83,-1.8092
0.832,-1.81
0.834,-1.8087
0.836,-1.8068
0.838,-1.8043
0.84,-1.8015
0.842,-1.8044
0.844,-1.8015
0.846,-1.8044
0.848,-1.8044
0.85,1.7983
0.852,1.7949
0.854,1.795
0.856,1.7877
0.858,-1.8042
0.86,-1.8141
0.862,-1.8204
0.864,-1.8241
0.866,-1.8262
0.868,-1.8274
0.87,-1.8279
0.872,-1.8279
0.874,-1.8275
0.876,-1.8286
0.878,-1.8277
0.88,-1.8288
0.882,-1.8297
0.884,-1.8305
0.886,-1.8312
0.888,-1.8343
0.89,-1.8344
0.892,-1.8371
0.894,-1.8367
0.896,-1.8418
0.898,-1.8434
0.9,-1.8447
0.902,-1.8485
0.904,-1.8489
0.906,-1.8519
0.908,-1.8544
0.91,-1.8563
0.912,-1.8578
0.914,-1.8588
0.916,-1.8624
0.918,-1.8653
0.92,-1.8647
0.922,-1.8667
0.924,-1.8682
0.926,-1.8721
0.928,-1.8724
0.93,-1.8752
0.932,-1.8746
0.934,-1.8764
0.936,-1.8778
0.938,-1.8812
0.94,-1.8815
0.942,-1.884
0.944,-1.8834
0.946,-1.8851
0.948,-1.8863
0.95,-1.8871
0.952,-1.8899
0.954,-1.8899
0.956,-1.8897
0.958,-1.8914
0.96,-1.8927
0.962,-1.8937
0.964,-1.8944
0.966,-1.8967
0.968,-1.8969
0.97,-1.8985
0.972,-1.8999
0.974,-1.901
0.976,-1.9018
0.978,-1.9026
0.98,-1.9031
0.982,-1.9048
0.984,-1.9051
0.986,-1.9064
0.988,-1.9075
0.99,-1.9093
0.992,-1.91
0.994,1.9107
0.996,1.912
0.998,1.9134
1,1.914
1.002,1.915
1.004,1.9157
1.006,1.9164
1.008,1.917
1.01,1.9174
1.012,1.9178
1.014,1.9181
1.016,1.9183
1.018,1.9179
1.02,1.9181
1.022,1.9175
1.024,1.9168
1.026,1.916
1.028,1.9152
1.03,1.913
1.032,1.9122
1.034,1.9098
1.036,1.9073
1.038,1.9048
1.04,1.9022
1.042,1.8995
1.044,1.8989
1.046,1.8961
1.048,1.8954
1.05,1.8923
1.052,1.8866
1.054,1.8835
1.056,1.8803
1.058,1.8742
1.06,1.8709
1.062,1.8616
1.064,1.8553
1.066,1.8489
1.068,1.839
1.07,1.8326
1.072,1.8224
1.074,1.8083
1.076,1.7981
1.078,1.7836
1.08,1.7733
1.082,1.7585
1.084,1.7435
1.086,1.7237
1.088,1.7087
1.09,1.6886
1.092,1.6683
1.094,1.6425
1.096,1.6222
1.098,1.5961
1.1,1.5698
1.102,1.5374
1.104,1.5112
1.106,1.4785
1.108,1.4458
1.11,1.4061
1.112,1.3736
1.114,1.3338
1.116,1.2867
1.118,1.2475
1.12,1.2005
1.122,1.1538
1.124,1.1074
1.126,1.0612
1.128,1.0068
1.13,0.96164
1.132,0.90789
1.134,0.86373
1.136,0.81069
1.138,0.76746
1.14,0.72441
1.142,0.68154
1.144,0.63889
1.146,0.59647
1.148,0.56366
1.15,-0.52119
1.152,-0.49773
1.154,-0.46408
1.156,-0.43952
1.158,-0.40511
1.16,-0.38891
1.162,-0.36246
1.164,-0.3445
1.166,-0.32552
1.168,-0.30572
1.17,-0.28525
1.172,-0.27262
1.174,-0.25058
1.176,-0.24457
1.178,-0.22895
1.18,-0.21269
1.182,-0.20366
1.184,-0.19352
1.186,-0.18245
1.188,-0.17063
1.19,-0.16536
1.192,-0.15888
1.194,-0.14456
1.196,-0.14356
1.198,-0.13455
1.2,-0.12502
1.202,-0.12138
1.204,-0.11059
1.206,-0.1057
1.208,-0.10009
1.21,-0.099662
1.212,-0.092496
1.214,-0.090529
1.216,-0.082341
1.218,-0.079318
1.22,-0.07567
1.222,-0.07653
1.224,-0.071533
1.226,-0.071029
1.228,-0.065134
1.23,-0.063684
1.232,-0.061673
1.234,-0.063507
1.236,-0.060294
1.238,-0.056813
1.24,-0.057118
1.242,-0.056822
1.244,-0.056025
1.246,-0.054812
1.248,-0.056801
1.25,-0.054672
1.252,-0.055697
1.254,-0.052951
1.256,-0.053291
1.258,-0.053227
1.26,-0.05579
1.262,-0.054879
1.264,-0.056544
1.266,-0.055063
1.268,-0.056093
1.27,-0.056767
1.272,-0.059559
1.274,-0.059517
1.276,-0.061541
1.278,-0.061032
1.28,-0.062525
1.282,-0.063734
1.284,-0.064713
1.286,-0.065507
1.288,-0.067933
1.29,-0.068358
1.292,-0.070354
1.294,-0.07214
1.296,-0.073766
1.298,-0.076678
1.3,-0.078042
1.302,0.079358
1.304,0.081877
1.306,0.084292
1.308,0.086645
1.31,0.088971
1.312,0.092255
1.314,0.09461
1.316,0.097857
1.318,0.10113
1.32,0.10447
1.322,0.10789
1.324,0.11142
1.326,0.11564
1.328,0.11949
1.33,0.12396
1.332,0.12862
1.334,0.13349
1.336,0.13858
1.338,0.14417
1.34,0.14985
1.342,0.15596
1.344,0.16241
1.346,0.16919
1.348,0.17634
1.35,0.18383
1.352,0.19185
1.354,0.20014
1.356,0.20891
1.358,0.21818
1.36,0.22792
1.362,0.23814
1.364,0.24854
1.366,0.25958
1.368,0.27163
1.37,0.28326
1.372,0.29617
1.374,0.30967
1.376,0.32318
1.378,0.33807
1.38,0.35283
1.382,0.36833
1.384,0.38454
1.386,0.40065
1.388,0.41766
1.39,0.43643
1.392,0.45385
1.394,0.47337
1.396,0.49362
1.398,0.51343
1.4,0.53417
1.402,0.55708
1.404,0.57782
1.406,0.60107
1.408,0.62352
1.41,0.64851
1.412,0.6724
1.414,0.69533
1.416,-0.72119
1.418,-0.74767
1.42,-0.77266
1.422,-0.79846
1.424,-0.82496
1.426,-0.84966
1.428,-0.87771
1.43,-0.90613
1.432,-0.93209
1.434,-0.95857
1.436,-0.98843
1.438,-1.0151
1.44,-1.0452
1.442,-1.0717
1.444,-1.1016
1.446,-1.1276
1.448,-1.1604
1.45,-1.1885
1.452,-1.216
1.454,-1.2428
1.456,-1.2725
1.458,-1.301
1.46,-1.3282
1.462,-1.3541
1.464,-1.3828
1.466,-1.4097
1.468,-1.4349
1.47,-1.4587
1.472,-1.481
1.474,-1.5058
1.476,-1.5249
1.478,-1.5467
1.48,-1.5668
1.482,-1.5893
1.484,-1.6059
1.486,-1.6251
1.488,-1.6426
1.49,-1.6585
1.492,-1.673
1.494,-1.6861
1.496,-1.7017
1.498,-1.712
1.5,-1.725
1.502,-1.7365
1.504,-1.7505
1.506,-1.7592
1.508,-1.7668
1.51,-1.7771
1.512,-1.7861
1.514,-1.7939
1.516,-1.8006
1.518,-1.8064
1.52,-1.8147
1.522,-1.8184
1.524,-1.8248
1.526,-1.8302
1.528,-1.8347
1.53,-1.8383
1.532,-1.8412
1.534,-1.8467
1.536,-1.8512
1.538,-1.8517
1.54,-1.8549
1.542,-1.8573
1.544,-1.8622
1.546,-1.8632
1.548,-1.8666
1.55,-1.8694
1.552,-1.8686
1.554,-1.8704
1.556,-1.8743
1.558,-1.8749
1.56,-1.8776
1.562,-1.8773
1.564,-1.8791
1.566,-1.8805
1.568,-1.8815
1.57,-1.8844
1.572,-1.8845
1.574,-1.8843
1.576,-1.8861
1.578,-1.8875
1.58,-1.8885
1.582,-1.8893
1.584,-1.8916
1.586,-1.8918
1.588,-1.8935
1.59,-1.8949
1.592,-1.896
1.594,-1.8969
1.596,-1.8977
1.598,-1.8983
1.6,-1.9
1.602,-1.9015
1.604,-1.9017
1.606,-1.9028
1.608,-1.9048
1.61,-1.9056
1.612,1.9071
1.614,1.9077
1.616,1.9094
1.618,1.9103
1.62,1.9112
1.622,1.912
1.624,1.9129
1.626,1.9136
1.628,1.9142
1.63,1.9148
1.632,1.9152
1.634,1.9156
1.636,1.9154
1.638,1.9151
1.64,1.9155
1.642,1.915
1.644,1.9134
1.646,1.9128
1.648,1.9109
1.65,1.9104
1.652,1.9082
1.654,1.906
1.656,1.9038
1.658,1.9015
1.66,1.8971
1.662,1.8948
1.664,1.8901
1.666,1.8853
1.668,1.8805
1.67,1.8728
1.672,1.8679
1.674,1.8599
1.676,1.8518
1.678,1.8436
1.68,1.8318
1.682,1.8235
1.684,1.8113
1.686,1.7989
1.688,1.7864
1.69,1.7694
1.692,1.7569
1.694,1.7394
1.696,1.7219
1.698,1.7041
1.7,1.681
1.702,1.6578
1.704,1.64
1.706,1.6105
1.708,1.5869
1.71,1.5569
1.712,1.5269
1.714,1.4902
1.716,1.4534
1.718,1.4167
1.72,1.3799
1.722,1.3431
1.724,1.2987
1.726,1.2465
1.728,1.2028
1.73,1.1508
1.732,1.0992
1.734,1.048
1.736,0.99708
1.738,0.9375
1.74,0.88779
1.742,0.82907
1.744,0.78053
1.746,0.73227
1.748,0.67468
1.75,0.62764
1.752,0.5809
1.754,0.54424
1.756,-0.49752
1.758,-0.46104
1.76,-0.42436
1.762,-0.38758
1.764,-0.36042
1.766,-0.33255
1.768,-0.30412
1.77,-0.28464
1.772,-0.26404
1.774,-0.24253
1.776,-0.22029
1.778,-0.20638
1.78,-0.18246
1.782,-0.17559
1.784,-0.1585
1.786,-0.14077
1.788,-0.13075
1.79,-0.11956
1.792,-0.10743
1.794,-0.094532
1.796,-0.088643
1.798,-0.074069
1.8,-0.066567
1.802,-0.058158
1.804,-0.056019
1.806,-0.045707
1.808,-0.041729
1.81,-0.036764
1.812,-0.024581
1.814,-0.025004
1.816,-0.01802
1.818,-0.010642
1.82,-0.0088409
1.822,-0.0061789
1.824,-0.0028128
1.826,0.0011235
1.828,0.0055154
1.83,0.0050814
1.832,0.010564
1.834,0.011254
1.836,0.012599
1.838,0.01448
1.84,0.012261
1.842,0.015337
1.844,0.018639
1.846,0.017909
1.848,0.017795
1.85,0.018193
1.852,0.019009
1.854,0.01645
1.856,0.014642
1.858,0.016925
1.86,0.015916
1.862,7.6146
1.864,7.3799
1.866,6.3971
1.868,6.3372
1.87,5.748
1.872,5.2392
1.874,4.5664
1.876,4.2181
1.878,3.9261
1.88,3.6847
1.882,2.9214
1.884,2.4814
1.886,1.8605
1.888,1.3124
1.89,0.82989
1.892,-0.16122
1.894,-0.81698
1.896,-1.0752
1.898,-1.8645
1.9,-2.3385
1.902,-3.0008
1.904,-4.1645
1.906,-4.4187
1.908,-5.4507
1.91,-6.3902
1.912,-7.2465
1.914,-8.0279
1.916,-8.7419
1.918,-9
1.92,-9
1.922,-9
1.924,-9
1.926,-9
1.928,-9
1.93,-9
1.932,-9
1.934,-9
1.936,0.030898
1.938,0.03286
1.94,0.034919
1.942,0.037092
1.944,0.03939
1.946,0.041906
1.948,0.044598
1.95,0.047494
1.952,0.050612
1.954,0.053965
1.956,0.057559
1.958,0.061213
1.96,0.065443
1.962,0.069666
1.964,0.073926
1.966,0.079044
1.968,0.084534
1.97,0.08996
1.972,0.096382
1.974,0.10267
1.976,0.10947
1.978,0.1168
1.98,0.12464
1.982,0.13236
1.984,0.14076
1.986,0.15057
1.988,0.1601
1.99,0.16951
1.992,0.18063
1.994,0.19237
1.996,0.20384
1.998,0.21615
2,0.22927
2.002,0.24319
2.004,0.25787
2.006,0.27222
2.008,0.28756
2.01,0.305
2.012,0.32186
2.014,0.33837
2.016,0.35732
2.018,0.37572
2.02,0.39517
2.022,0.41562
2.024,0.43702
2.026,0.4593
2.028,0.48078
2.03,0.50337
2.032,0.52698
2.034,0.54968
2.036,0.57555
2.038,0.60015
2.04,0.6258
2.042,0.6524
2.044,-0.67985
2.046,-0.70562
2.048,-0.7324
2.05,-0.76005
2.052,-0.78566
2.054,-0.81812
2.056,-0.84462
2.058,-0.87504
2.06,-0.90244
2.062,-0.93373
2.064,-0.9615
2.066,-0.99313
2.068,-1.0245
2.07,-1.0516
2.072,-1.0826
2.074,-1.113
2.076,-1.1467
2.078,-1.1751
2.08,-1.2068
2.082,-1.2373
2.084,-1.2664
2.086,-1.2984
2.088,-1.3285
2.09,-1.357
2.092,-1.3837
2.094,-1.4088
2.096,-1.4366
2.098,-1.4625
2.1,-1.4864
2.102,-1.5085
2.104,-1.5332
2.106,-1.5515
2.108,-1.5727
2.11,-1.5962
2.112,-1.6132
2.114,-1.6286
2.116,-1.6468
2.118,-1.6631
2.12,-1.6777
2.122,-1.6907
2.124,-1.7023
2.126,-1.7167
2.128,-1.7252
2.13,-1.7368
2.132,-1.7468
2.134,-1.7555
2.136,-1.7669
2.138,-1.7729
2.14,-1.7817
2.142,-1.7892
2.144,-1.7955
2.146,-1.8007
2.148,-1.8049
2.15,-1.812
2.152,-1.8141
2.154,-1.8192
2.156,-1.8233
2.158,-1.8264
2.16,-1.8288
2.162,-1.8339
2.164,-1.8345
2.166,-1.8379
2.168,-1.8406
2.17,-1.8424
2.172,-1.8436
2.174,-1.8474
2.176,-1.8471
2.178,-1.8496
2.18,-1.8514
2.182,-1.8525
2.184,-1.8532
2.186,-1.8533
2.188,-1.8559
2.19,-1.855
2.192,-1.8567
2.194,-1.8578
2.196,-1.8584
2.198,-1.8587
2.2,-1.8612
2.202,-1.8606
2.204,-1.8623
2.206,-1.8635
2.208,-1.8644
2.21,-1.8649
2.212,-1.8652
2.214,-1.8674
2.216,-1.8691
2.218,-1.8687
2.22,-1.87
2.222,-1.871
2.224,-1.8719
2.226,-1.8741
2.228,-1.876
2.23,-1.8763
2.232,-1.8779
2.234,-1.8793
2.236,-1.8816
2.238,-1.8827
2.24,1.8846
2.242,1.8854
2.244,1.8878
2.246,1.8892
2.248,1.8905
2.25,1.8918
2.252,1.8934
2.254,1.8947
2.256,1.896
2.258,1.8972
2.26,1.8984
2.262,1.8995
2.264,1.9002
2.266,1.9013
2.268,1.9018
2.27,1.9022
2.272,1.9026
2.274,1.902
2.276,1.9024
2.278,1.9015
2.28,1.9006
2.282,1.8996
2.284,1.8985
2.286,1.8974
2.288,1.8944
2.29,1.8933
2.292,1.8901
2.294,1.8867
2.296,1.8809
2.298,1.8775
2.3,1.8714
2.302,1.868
2.304,1.8614
2.306,1.8517
2.308,1.8451
2.31,1.8349
2.312,1.8283
2.314,1.8176
2.316,1.8029
2.318,1.7922
2.32,1.777
2.322,1.7616
2.324,1.7461
2.326,1.7304
2.328,1.7146
2.33,1.6933
2.332,1.6718
2.334,1.6446
2.336,1.623
2.338,1.5953
2.34,1.5674
2.342,1.5329
2.344,1.4984
2.346,1.4637
2.348,1.429
2.35,1.3869
2.352,1.3448
2.354,1.295
2.356,1.2534
2.358,1.2035
2.36,1.1455
2.362,1.0965
2.364,1.0389
2.366,0.98168
2.368,0.92499
2.37,0.85935
2.372,0.80418
2.374,0.74947
2.376,0.69525
2.378,0.64152
2.38,0.5883
2.382,0.53562
2.384,0.49363
2.386,-0.44144
2.388,-0.40011
2.39,-0.36889
2.392,-0.33699
2.394,-0.30457
2.396,-0.27175
2.398,-0.24848
2.4,-0.22423
2.402,-0.19919
2.404,-0.17355
2.406,-0.15682
2.408,-0.13892
2.41,-0.12008
2.412,-0.10941
2.414,-0.088552
2.416,-0.076005
2.418,-0.070849
2.42,-0.055723
2.422,-0.040043
2.424,-0.031955
2.426,-0.022769
2.428,-0.012701
2.43,-0.0094347
2.432,0.0025107
2.434,0.0075758
2.436,0.013622
2.438,0.020455
2.44,0.027908
2.442,0.035836
2.444,0.037673
2.446,0.040487
2.448,0.044094
2.45,0.048334
2.452,0.047255
2.454,0.052912
2.456,0.05879
2.458,0.05399
2.46,0.061065
2.462,0.057773
2.464,0.060553
2.466,0.063637
2.468,0.062214
2.47,0.061534
2.472,0.061464
2.474,0.06189
2.476,0.062715
2.478,9
2.48,9
2.482,9
2.484,9
2.486,9
2.488,9
2.49,9
2.492,9
2.494,9
2.496,9
2.498,9
2.5,9
2.502,9
2.504,9
2.506,9
2.508,9
2.51,9
2.512,9
2.514,9
2.516,8.9355
2.518,8.5598
2.52,7.9981
2.522,7.9769
2.524,7.1673
2.526,7.008
2.528,6.5459
2.53,5.8962
2.532,5.5496
2.534,5.0038
2.536,4.1831
2.538,3.4362
2.54,3.3233
2.542,2.089
2.544,1.5267
2.546,1.0123
2.548,0.20973
2.55,-0.76722
2.552,-1.6655
2.554,-2.493
2.556,-3.2567
2.558,-4.5307
2.56,-5.1394
2.562,-6.0377
2.564,-7.3477
2.566,-8.3209
2.568,-9
2.57,-9
2.572,-9
2.574,-9
2.576,-9
2.578,-9
2.58,-9
2.582,-9
2.584,0.014824
2.586,0.017644
2.588,0.020712
2.59,0.023485
2.592,0.026633
2.594,0.029515
2.596,0.033607
2.598,0.037358
2.6,0.042408
2.602,0.047049
2.604,0.052233
2.606,0.057957
2.608,0.063333
2.61,0.070357
2.612,0.076944
2.614,0.084249
2.616,0.092262
2.618,0.10097
2.62,0.11035
2.622,0.11931
2.624,0.13029
2.626,0.14073
2.628,0.15204
2.63,0.16419
2.632,0.17592
2.634,0.19
2.636,0.20352
2.638,0.21805
2.64,0.23357
2.642,0.25002
2.644,0.26592
2.646,0.28451
2.648,0.30235
2.65,0.32129
2.652,0.33963
2.654,0.361
2.656,0.38152
2.658,0.40324
2.66,0.42609
2.662,0.44999
2.664,0.47285
2.666,0.49698
2.668,0.52227
2.67,0.54865
2.672,0.57363
2.674,0.59985
2.676,0.62979
2.678,-0.65501
2.68,-0.68431
2.682,-0.71146
2.684,-0.73962
2.686,-0.76866
2.688,-0.79843
2.69,-0.82532
2.692,-0.85662
2.694,-0.88444
2.696,-0.91663
2.698,-0.94476
2.7,-0.97722
2.702,-1.0093
2.704,-1.0408
2.706,-1.0718
2.708,-1.102
2.71,-1.136
2.712,-1.1686
2.714,-1.1998
2.716,-1.2295
2.718,-1.2626
2.72,-1.2889
2.722,-1.3186
2.724,-1.3513
2.726,-1.3766
2.728,-1.4051
2.73,-1.4313
2.732,-1.4555
2.734,-1.4776
2.736,-1.5027
2.738,-1.5255
2.74,-1.5411
2.742,-1.5651
2.744,-1.5816
2.746,-1.5964
2.748,-1.6143
2.75,-1.6302
2.752,-1.6441
2.754,-1.6561
2.756,-1.6665
2.758,-1.6803
2.76,-1.692
2.762,-1.702
2.764,-1.7103
2.766,-1.7171
2.768,-1.7224
2.77,-1.7313
2.772,-1.7338
2.774,-1.74
2.776,-1.7447
2.778,-1.7528
2.78,-1.7546
2.782,-1.76
2.784,-1.7593
2.786,-1.7625
2.788,-1.7644
2.79,-1.7653
2.792,-1.7652
2.794,-1.7687
2.796,-1.7666
2.798,-1.7681
2.8,-1.7687
2.802,-1.7683
2.804,-1.7714
2.806,-1.7692
2.808,-1.7663
2.81,-1.7671
2.812,-1.767
2.814,-1.7661
2.816,-1.7646
2.818,-1.7664
2.82,-1.7635
2.822,-1.7639
2.824,-1.7637
2.826,-1.7629
2.828,-1.7615
2.83,-1.7597
2.832,-1.761
2.834,-1.7581
2.836,-1.7585
2.838,-1.7583
2.84,-1.7576
2.842,-1.7598
2.844,-1.7583
2.846,-1.7596
2.848,-1.7604
2.85,-1.7608
2.852,-1.7609
2.854,-1.7607
2.856,-1.763
2.858,-1.7622
2.86,-1.7639
2.862,-1.7652
2.864,-1.7663
2.866,-1.7672
2.868,-1.7679
2.87,-1.7707
2.872,-1.7731
2.874,-1.7753
2.876,-1.7773
2.878,-1.7792
2.88,-1.7809
2.882,1.7842
2.884,1.7872
2.886,1.7901
2.888,1.7928
2.89,1.7955
2.892,1.798
2.894,1.8016
2.896,1.8049
2.898,1.8074
2.9,1.8113
2.902,1.8144
2.904,1.8175
2.906,1.8205
2.908,1.8238
2.91,1.827
2.912,1.8301
2.914,1.8331
2.916,1.8361
2.918,1.8391
2.92,1.8417
2.922,1.8448
2.924,1.8471
2.926,1.8495
2.928,1.8517
2.93,1.854
2.932,1.855
2.934,1.856
2.936,1.8583
2.938,1.859
2.94,1.8596
2.942,1.8583
2.944,1.859
2.946,1.8595
2.948,1.8576
2.95,1.8557
2.952,1.8537
2.954,1.8515
2.956,1.8464
2.958,1.8411
2.96,1.8389
2.962,1.8332
2.964,1.8238
2.966,1.8179
2.968,1.8118
2.97,1.8015
2.972,1.791
2.974,1.7803
2.976,1.7649
2.978,1.754
2.98,1.7379
2.982,1.7216
2.984,1.705
2.986,1.6828
2.988,1.6659
2.99,1.6371
2.992,1.6141
2.994,1.5909
2.996,1.561
2.998,1.5308
3,1.5004
3.002,1.4627
3.004,1.4249
3.006,1.387
3.008,1.3411
3.01,1.2953
3.012,1.2495
3.014,1.2037
3.016,1.1493
3.018,1.0951
3.02,1.0411
3.022,0.97815
3.024,0.91572
3.026,0.85387
3.028,0.80246
3.03,0.74125
3.032,0.6807
3.034,0.62082
3.036,0.57196
3.038,0.51285
3.04,0.46499
3.042,0.41729
3.044,-0.38026
3.046,-0.34277
3.048,-0.30495
3.05,-0.27718
3.052,-0.23831
3.054,-0.20967
3.056,-0.19036
3.058,-0.16966
3.06,-0.14783
3.062,-0.1155
3.064,-0.10236
3.066,-0.087683
3.068,-0.071764
3.07,-0.054851
3.072,-0.046007
3.074,-0.03566
3.076,-0.024092
3.078,-0.011548
3.08,0.0017616
3.082,0.0076239
3.084,0.014773
3.086,0.022961
3.088,0.031975
3.09,0.04163
3.092,0.044556
3.094,0.055677
3.096,0.060031
3.098,0.065207
3.1,0.064459
3.102,0.071388
3.104,0.07235
3.106,0.074242
3.108,0.08284
3.11,0.079691
3.112,0.083443
3.114,0.087538
3.116,0.086491
3.118,0.086271
3.12,0.086721
3.122,0.087709
3.124,0.089122
3.126,0.086186
3.128,9
3.13,9
3.132,9
3.134,9
3.136,9
3.138,9
3.14,9
3.142,9
3.144,9
3.146,9
3.148,9
3.15,9
3.152,9
3.154,9
3.156,9
3.158,9
3.16,9
3.162,9
3.164,9
3.166,9
3.168,9
3.17,9
3.172,9
3.174,9
3.176,9
3.178,9
3.18,9
3.182,9
3.184,9
3.186,9
3.188,9
3.19,9
3.192,9
3.194,9
3.196,9
3.198,9
3.2,9
3.202,9
3.204,9
3.206,9
3.208,8.3541
3.21,7.8147
3.212,6.7446
3.214,5.7535
3.216,4.8336
3.218,4.214
3.22,2.8253
3.222,1.5368
3.224,1.1423
3.226,-0.61147
3.228,-1.6717
3.23,-2.4283
3.232,-3.951
3.234,-5.3709
3.236,-6.6983
3.238,-7.9422
3.24,-9
3.242,8.4776e-05
3.244,0.0031534
3.246,0.0056655
3.248,0.0097082
3.25,0.012109
3.252,0.016293
3.254,0.021027
3.256,0.025183
3.258,0.031236
3.26,0.036634
3.262,0.042766
3.264,0.049623
3.266,0.057188
3.268,0.064168
3.27,0.073397
3.272,0.081942
3.274,0.091395
3.276,0.10309
3.278,0.11258
3.28,0.12463
3.282,0.13746
3.284,0.15106
3.286,0.16394
3.288,0.17787
3.29,0.19279
3.292,0.20867
3.294,0.22546
3.296,0.24311
3.298,0.26
3.3,0.27804
3.302,0.29882
3.304,0.31857
3.306,0.33759
3.308,0.35969
3.31,0.38263
3.312,0.40452
3.314,0.42753
3.316,0.45158
3.318,0.4766
3.32,0.50043
3.322,0.52544
3.324,0.54458
3.326,0.56021
3.328,0.58078
3.33,-0.6094
3.332,-0.62942
3.334,-0.65129
3.336,-0.67485
3.338,-0.69995
3.34,-0.71787
3.342,-0.74197
3.344,-0.76721
3.346,-0.79334
3.348,-0.81486
3.35,-0.8426
3.352,-0.87603
3.354,-0.90879
3.356,-0.94069
3.358,-0.97758
3.36,-1.0188
3.362,-1.0635
3.364,-1.1288
3.366,-1.1816
3.368,-1.2239
3.37,-1.2571
3.372,-1.2878
3.374,-1.3329
3.376,-1.3788
3.378,-1.4249
3.38,-1.4707
3.382,-1.5013
3.384,-1.524
3.386,-1.5397
3.388,-1.5733
3.39,-1.6334
3.392,-1.682
3.394,-1.7012
3.396,-1.7149
3.398,-1.7236
3.4,-1.7279
3.402,-1.7317
3.404,-1.7387
3.406,-1.7525
3.408,-1.7646
3.41,-1.7715
3.412,-1.7775
3.414,-1.7826
3.416,-1.7869
3.418,-1.7942
3.42,-1.8003
3.422,-1.8055
3.424,-1.8097
3.426,-1.8131
3.428,-1.8156
3.43,-1.8212
3.432,-1.8256
3.434,-1.8292
3.436,-1.8319
3.438,-1.8338
3.44,-1.8386
3.442,-1.8389
3.444,-1.8421
3.446,-1.8445
3.448,-1.8462
3.45,-1.8472
3.452,-1.8477
3.454,-1.8508
3.456,-1.8532
3.458,-1.8518
3.46,-1.8531
3.462,-1.8569
3.464,-1.857
3.466,-1.8566
3.468,-1.8588
3.47,-1.8603
3.472,-1.8613
3.474,-1.8619
3.476,-1.8622
3.478,-1.8621
3.48,-1.8642
3.482,-1.8657
3.484,-1.8669
3.486,-1.8699
3.488,-1.8743
3.49,-1.8761
3.492,-1.8775
3.494,-1.877
3.496,-1.8781
3.498,-1.8789
3.5,-1.8796
3.502,-1.8802
3.504,-1.8821
3.506,-1.8824
3.508,-1.8826
3.51,-1.8815
3.512,-1.8817
3.514,-1.8832
3.516,-1.882
3.518,-1.8833
3.52,-1.8822
3.522,-1.8823
3.524,-1.8824
3.526,-1.8836
3.528,-1.8825
3.53,-1.8836
3.532,-1.8825
3.534,-1.8825
3.536,-1.8836
3.538,-1.8836
3.54,-1.8836
3.542,-1.8836
3.544,-1.8826
3.546,-1.8826
3.548,-1.8826
3.55,-1.8826
3.552,-1.8837
3.554,-1.8837
3.556,-1.8837
3.558,-1.8837
3.56,-1.8826
3.562,-1.8826
3.564,1.8837
3.566,-1.8826
3.568,1.8837
3.57,1.8837
3.572,1.8837
3.574,1.8837
3.576,1.8871
3.578,1.8907
3.58,1.8928
3.582,1.8936
3.584,1.8932
3.586,1.8918
3.588,1.8897
3.59,1.8858
3.592,1.8828
3.594,1.8778
3.596,1.8723
3.598,1.8666
3.6,1.858
3.602,1.8491
3.604,1.843
3.606,1.8335
3.608,1.8203
3.61,1.8106
3.612,1.7967
3.614,1.7826
3.616,1.7682
3.618,1.7537
3.62,1.734
3.622,1.714
3.624,1.6939
3.626,1.6678
3.628,1.6474
3.63,1.6145
3.632,1.5878
3.634,1.5541
3.636,1.5271
3.638,1.4857
3.64,1.4515
3.642,1.4094
3.644,1.3673
3.646,1.325
3.648,1.2743
3.65,1.2236
3.652,1.173
3.654,1.1224
3.656,1.0718
3.658,1.0213
3.66,0.98018
3.662,0.92914
3.664,0.88782
3.666,0.83635
3.668,0.79486
3.67,0.75297
3.672,0.72062
3.674,0.68732
3.676,0.6532
3.678,0.61837
3.68,0.59273
3.682,0.56584
3.684,0.53789
3.686,-0.5186
3.688,-0.48829
3.69,-0.46686
3.692,-0.44423
3.694,-0.42977
3.696,-0.41365
3.698,-0.39614
3.7,-0.37745
3.702,-0.36645
3.704,-0.34532
3.706,-0.33204
3.708,-0.31755
3.71,-0.31019
3.712,-0.29322
3.714,-0.28352
3.716,-0.27261
3.718,-0.26069
3.72,-0.24793
3.722,-0.23449
3.724,-0.22771
3.726,-0.21981
3.728,-0.21096
3.73,-0.20133
3.732,-0.19107
3.734,-0.18683
3.736,-0.17514
3.738,-0.16949
3.74,-0.16304
3.742,-0.15594
3.744,-0.15419
3.746,-0.14565
3.748,-0.13682
3.75,-0.13333
3.752,-0.12913
3.754,-0.12434
3.756,-0.12422
3.758,-0.11814
3.76,-0.11672
3.762,-0.11459
3.764,-0.11187
3.766,-0.10865
3.768,-0.10503
3.77,-0.10107
3.772,-0.10111
3.774,-0.096335
3.776,-0.095502
3.778,-0.094162
3.78,-0.092399
3.782,-0.094026
3.784,-0.091338
3.786,-0.091992
3.788,-0.092118
3.79,-0.091805
3.792,-0.091126
3.794,-0.090142
3.796,-0.091958
3.798,-0.090295
3.8,-0.091373
3.802,-0.09205
3.804,-0.092396
3.806,-0.092466
3.808,-0.092309
3.81,-0.094422
3.812,-0.096134
3.814,-0.095242
3.816,-0.096517
3.818,-0.097549
3.82,-0.10044
3.822,-0.10101
3.824,-0.10338
3.826,-0.10549
3.828,-0.10742
3.83,-0.1092
3.832,-0.11088
3.834,0.114
3.836,0.1155
3.838,0.11839
3.84,0.12118
3.842,0.12392
3.844,0.12664
3.846,0.1305
3.848,0.13325
3.85,0.13708
3.852,0.14094
3.854,0.14487
3.856,0.14887
3.858,0.15378
3.86,0.15807
3.862,0.16319
3.864,0.16784
3.866,0.17325
3.868,0.17938
3.87,0.18531
3.872,0.19146
3.874,0.19823
3.876,0.20532
3.878,0.21274
3.88,0.2205
3.882,0.2286
3.884,0.23703
3.886,0.24593
3.888,0.25529
3.89,0.26512
3.892,0.27542
3.894,0.28619
3.896,0.2974
3.898,0.30891
3.9,0.32123
3.902,0.33373
3.904,0.34683
3.906,0.36051
3.908,0.37437
3.91,0.38942
3.912,0.40451
3.914,0.42031
3.916,0.4368
3.918,0.45396
3.92,0.47174
3.922,0.4894
3.924,0.50787
3.926,0.52712
3.928,0.54711
3.93,0.56779
3.932,0.58912
3.934,0.60995
3.936,0.63161
3.938,0.65405
3.94,0.67721
3.942,0.6996
3.944,0.72286
3.946,-0.74856
3.948,-0.77125
3.95,-0.79674
3.952,-0.82084
3.954,-0.84781
3.956,-0.8708
3.958,-0.89702
3.96,-0.92374
3.962,-0.94827
3.964,-0.97063
3.966,-0.99668
3.968,-1.0231
3.97,-1.0464
3.972,-1.0702
3.974,-1.0942
3.976,-1.1183
3.978,-1.1385
3.98,-1.1629
3.982,-1.187
3.984,-1.2106
3.986,-1.2337
3.988,-1.2561
3.99,-1.2777
3.992,-1.3033
3.994,-1.3224
3.996,-1.3458
3.998,-1.3727
4,-1.3924
4.002,-1.4158
4.004,-1.4373
4.006,-1.4569
4.008,-1.4745
4.01,-1.4958
4.012,-1.5149
4.014,-1.5317
4.016,-1.5465
4.018,-1.5649
4.02,-1.5809
4.022,-1.5891
4.024,-1.6069
4.026,-1.6166
4.028,-1.6244
4.03,-1.6362
4.032,-1.6458
4.034,-1.6535
4.036,-1.6594
4.038,-1.6692
4.04,-1.6713
4.042,-1.6776
4.044,-1.6821
4.046,-1.685
4.048,-1.6864
4.05,-1.6919
4.052,-1.6902
4.054,-1.6928
4.056,-1.6938
4.058,-1.6936
4.06,-1.6921
4.062,-1.6894
4.064,-1.6911
4.066,-1.6913
4.068,-1.6851
4.07,-1.6834
4.072,-1.6806
4.074,-1.6819
4.076,-1.6769
4.078,-1.6762
4.08,-1.6745
4.082,-1.6717
4.084,-1.6682
4.086,-1.6638
4.088,-1.6588
4.09,-1.6579
4.092,-1.6561
4.094,-1.6535
4.096,-1.6502
4.098,-1.6463
4.1,-1.6418
4.102,-1.6413
4.104,-1.6399
4.106,-1.638
4.108,-1.6354
4.11,-1.6323
4.112,-1.6288
4.114,-1.6289
4.116,-1.6244
4.118,-1.6236
4.12,-1.6223
4.122,-1.6206
4.124,-1.6222
4.126,-1.6196
4.128,-1.6204
4.13,-1.6171
4.132,-1.6172
4.134,-1.6203
4.136,-1.6195
4.138,-1.6218
4.14,-1.6205
4.142,-1.6221
4.144,-1.6234
4.146,-1.6245
4.148,-1.6254
4.15,-1.6261
4.152,-1.6293
4.154,-1.6322
4.156,-1.6349
4.158,-1.6374
4.16,-1.6398
4.162,-1.6443
4.164,1.6484
4.166,1.6505
4.168,1.6563
4.17,1.66
4.172,1.6637
4.174,1.6673
4.176,1.6724
4.178,1.6774
4.18,1.6822
4.182,1.687
4.184,1.6918
4.186,1.6965
4.188,1.7021
4.19,1.7076
4.192,1.713
4.194,1.7185
4.196,1.7238
4.198,1.7292
4.2,1.7346
4.202,1.74
4.204,1.7455
4.206,1.7509
4.208,1.7562
4.21,1.7616
4.212,1.7664
4.214,1.7718
4.216,1.7764
4.218,1.781
4.22,1.7855
4.222,1.79
4.224,1.7931
4.226,1.7976
4.228,1.8005
4.23,1.8032
4.232,1.8059
4.234,1.8065
4.236,1.8091
4.238,1.8093
4.24,1.8094
4.242,1.8093
4.244,1.809
4.246,1.8086
4.248,1.8048
4.25,1.8009
4.252,1.7968
4.254,1.7924
4.256,1.7878
4.258,1.7789
4.26,1.7697
4.262,1.7603
4.264,1.746
4.266,1.7362
4.268,1.721
4.27,1.7056
4.272,1.6843
4.274,1.6627
4.276,1.6468
4.278,1.6181
4.28,1.5891
4.282,1.5598
4.284,1.5302
4.286,1.4931
4.288,1.4557
4.29,1.418
4.292,1.3722
4.294,1.3262
4.296,1.28
4.298,1.225
4.3,1.179
4.302,1.1236
4.304,1.0682
4.306,1.0129
4.308,0.95771
4.31,0.90253
4.312,0.84742
4.314,0.80255
4.316,0.747
4.318,0.70197
4.32,0.66688
4.322,0.62043
4.324,0.58417
4.326,0.54707
4.328,0.51958
4.33,0.48046
4.332,0.45118
4.334,-0.43096
4.336,-0.39896
4.338,-0.37627
4.34,-0.35224
4.342,-0.3368
4.344,-0.30999
4.346,-0.29201
4.348,-0.282
4.35,-0.26081
4.352,-0.2388
4.354,-0.22509
4.356,-0.21004
4.358,-0.19388
4.36,-0.18534
4.362,-0.17523
4.364,-0.15564
4.366,-0.14387
4.368,-0.13906
4.37,-0.12493
4.372,-0.11029
4.374,-0.10274
4.376,-0.094166
4.378,-0.084748
4.38,-0.081679
4.382,-0.070464
4.384,-0.058912
4.386,-0.053756
4.388,-0.047757
4.39,-0.041074
4.392,-0.033846
4.394,-0.032256
4.396,-0.023758
4.398,-0.020892
4.4,-0.017291
4.402,-0.013091
4.404,-0.0084115
4.406,-0.0086185
4.408,-0.0028072
4.41,-0.0018524
4.412,-0.00022692
4.414,0.0019481
4.416,0.0045694
4.418,0.0075492
4.42,0.006406
4.422,0.010279
4.424,0.010084
4.426,0.010449
4.428,0.011278
4.43,0.012485
4.432,0.01028
4.434,0.01238
4.436,0.011125
4.438,0.01041
4.44,0.010145
4.442,0.010252
4.444,4.2092
4.446,3.4738
4.448,3.4004
4.45,2.7983
4.452,2.2774
4.454,1.8294
4.456,1.447
4.458,0.55617
4.46,-0.23545
4.462,-0.93779
4.464,-1.3235
4.466,-1.8962
4.468,-2.4015
4.47,-2.8461
4.472,-3.8037
4.474,-4.4299
4.476,-5.2298
4.478,-6.1865
4.48,-6.8125
4.482,-7.1403
4.484,-7.9078
4.486,-8.3635
4.488,-9
4.49,-9
4.492,-9
4.494,-9
4.496,-9
4.498,-9
4.5,-9
4.502,-9
4.504,-9
4.506,-9
4.508,-9
4.51,-9
4.512,-9
4.514,-9
4.516,-9
4.518,-9
4.52,0.031905
4.522,0.03387
4.524,0.035549
4.526,0.037613
4.528,0.039766
4.53,0.042027
4.532,0.04441
4.534,0.047059
4.536,0.049799
4.538,0.052743
4.54,0.055877
4.542,0.059134
4.544,0.062755
4.546,0.066618
4.548,0.07058
4.55,0.075077
4.552,0.079608
4.554,0.084502
4.556,0.089451
4.558,0.09526
4.56,0.10143
4.562,0.10756
4.564,0.11421
4.566,0.12137
4.568,0.12905
4.57,0.13724
4.572,0.14593
4.574,0.1545
4.576,0.16375
4.578,0.17368
4.58,0.18426
4.582,0.19549
4.584,0.20735
4.586,0.21899
4.588,0.23147
4.59,0.24566
4.592,0.25944
4.594,0.27304
4.596,0.28865
4.598,0.30496
4.6,0.32087
4.602,0.3377
4.604,0.35542
4.606,0.37399
4.608,0.39335
4.61,0.41219
4.612,0.43339
4.614,0.45387
4.616,0.47527
4.618,0.49755
4.62,0.51909
4.622,0.54333
4.624,0.56656
4.626,0.59074
4.628,0.61578
4.63,0.64162
4.632,0.66817
4.634,0.6933
4.636,-0.71933
4.638,-0.74617
4.64,-0.77371
4.642,-0.79939
4.644,-0.8285
4.646,-0.8553
4.648,-0.88273
4.65,-0.90771
4.652,-0.93653
4.654,-0.96233
4.656,-0.9886
4.658,-1.0152
4.66,-1.0382
4.662,-1.0655
4.664,-1.0926
4.666,-1.1153
4.668,-1.1423
4.67,-1.1687
4.672,-1.1944
4.674,-1.2194
4.676,-1.2434
4.678,-1.2665
4.68,-1.2935
4.682,-1.319
4.684,-1.3428
4.686,-1.3649
4.688,-1.3909
4.69,-1.4146
4.692,-1.4363
4.694,-1.4614
4.696,-1.484
4.698,-1.5043
4.7,-1.5224
4.702,-1.5384
4.704,-1.5579
4.706,-1.575
4.708,-1.5899
4.71,-1.6027
4.712,-1.619
4.714,-1.6275
4.716,-1.6398
4.718,-1.65
4.72,-1.6637
4.722,-1.6697
4.724,-1.6796
4.726,-1.6875
4.728,-1.6935
4.73,-1.698
4.732,-1.7009
4.734,-1.7078
4.736,-1.7076
4.738,-1.7115
4.74,-1.714
4.742,-1.7202
4.744,-1.7196
4.746,-1.7229
4.748,-1.7199
4.75,-1.721
4.752,-1.7208
4.754,-1.7294
4.756,-1.7216
4.758,-1.723
4.76,-1.7326
4.762,-1.7356
4.764,-1.7329
4.766,-1.734
4.768,-1.7427
4.77,-1.737
4.772,-1.7352
4.774,-1.7368
4.776,-1.7416
4.778,-1.7413
4.78,-1.7403
4.782,-1.7387
4.784,-1.7404
4.786,-1.7377
4.788,-1.7382
4.79,-1.7417
4.792,-1.7409
4.794,-1.7398
4.796,-1.7383
4.798,-1.7397
4.8,-1.7407
4.802,-1.7412
4.804,-1.7413
4.806,-1.744
4.808,-1.7435
4.81,-1.7427
4.812,-1.7445
4.814,-1.7459
4.816,-1.7471
4.818,-1.748
4.82,-1.7488
4.822,-1.7517
4.824,-1.7521
4.826,-1.7545
4.828,-1.7587
4.83,-1.7606
4.832,-1.7625
4.834,1.7659
4.836,1.7675
4.838,1.7721
4.84,1.7737
4.842,1.7778
4.844,1.7806
4.846,1.7843
4.848,1.787
4.85,1.7906
4.852,1.794
4.854,1.7974
4.856,1.8013
4.858,1.8046
4.86,1.8083
4.862,1.8116
4.864,1.8151
4.866,1.8186
4.868,1.822
4.87,1.8251
4.872,1.8282
4.874,1.8317
4.876,1.8345
4.878,1.8374
4.88,1.8393
4.882,1.8421
4.884,1.8438
4.886,1.8454
4.888,1.8483
4.89,1.8482
4.892,1.8496
4.894,1.8509
4.896,1.8502
4.898,1.8494
4.9,1.8485
4.902,1.8475
4.904,1.8464
4.906,1.8424
4.908,1.8383
4.91,1.834
4.912,1.8296
4.914,1.825
4.916,1.8166
4.918,1.8081
4.92,1.7994
4.922,1.7905
4.924,1.7813
4.926,1.7674
4.928,1.758
4.93,1.7385
4.932,1.724
4.934,1.7091
4.936,1.6885
4.938,1.6676
4.94,1.6465
4.942,1.6191
4.944,1.5914
4.946,1.5634
4.948,1.5352
4.95,1.4998
4.952,1.4713
4.954,1.4352
4.956,1.3913
4.958,1.3552
4.96,1.3108
4.962,1.2663
4.964,1.2219
4.966,1.1773
4.968,1.1326
4.97,1.0879
4.972,1.043
4.974,0.99808
4.976,0.96229
4.978,0.91659
4.98,0.88027
4.982,0.83395
4.984,0.79722
4.986,0.76949
4.988,0.7312
4.99,0.70211
4.992,0.67211
4.994,0.64134
4.996,0.6099
4.998,0.58726
5,-0.56342
5.002,-0.53858
5.004,-0.52196
5.006,-0.49489
5.008,-0.47622
5.01,-0.45641
5.012,-0.43564
5.014,-0.41407
5.016,-0.40035
5.018,-0.38535
5.02,-0.36927
5.022,-0.3523
5.024,-0.3346
5.026,-0.32421
5.028,-0.31262
5.03,-0.30003
5.032,-0.2866
5.034,-0.2725
5.036,-0.26512
5.038,-0.24948
5.04,-0.2406
5.042,-0.23087
5.044,-0.22045
5.046,-0.20946
5.048,-0.20455
5.05,-0.19863
5.052,-0.18562
5.054,-0.17869
5.056,-0.17716
5.058,-0.16862
5.06,-0.15972
5.062,-0.15623
5.064,-0.14641
5.066,-0.14195
5.068,-0.14222
5.07,-0.13628
5.072,-0.12999
5.074,-0.12841
5.076,-0.12126
5.078,-0.11877
5.08,-0.11573
5.082,-0.11223
5.084,-0.11279
5.086,-0.10828
5.088,-0.10778
5.09,-0.10669
5.092,-0.10511
5.094,-0.10312
5.096,-0.10079
5.098,-0.10188
5.1,-0.098767
5.102,-0.099011
5.104,-0.098785
5.106,-0.098168
5.108,-0.097223
5.11,-0.099122
5.112,-0.097462
5.114,-0.098588
5.116,-0.099298
5.118,-0.099663
5.12,-0.099744
5.122,-0.10216
5.124,-0.10165
5.126,-0.10342
5.128,-0.10485
5.13,-0.10601
5.132,-0.10695
5.134,-0.10771
5.136,-0.10832
5.138,-0.11079
5.14,-0.11299
5.142,-0.11499
5.144,-0.11684
5.146,-0.11857
5.148,0.1218
5.15,0.12335
5.152,0.12633
5.154,0.12921
5.156,0.13204
5.158,0.13483
5.16,0.13882
5.162,0.14165
5.164,0.1456
5.166,0.14958
5.168,0.15361
5.17,0.15773
5.172,0.16195
5.174,0.16708
5.176,0.17162
5.178,0.17699
5.18,0.18255
5.182,0.1883
5.184,0.19427
5.186,0.20095
5.188,0.20749
5.19,0.21466
5.192,0.22215
5.194,0.22997
5.196,0.23836
5.198,0.24703
5.2,0.25616
5.202,0.26567
5.204,0.27556
5.206,0.28592
5.208,0.29673
5.21,0.30793
5.212,0.31986
5.214,0.33205
5.216,0.34484
5.218,0.35822
5.22,0.37217
5.222,0.38666
5.224,0.40129
5.226,0.4171
5.228,0.4329
5.23,0.44938
5.232,0.46653
5.234,0.48364
5.236,0.50233
5.238,0.52079
5.24,0.54003
5.242,0.56
5.244,0.58066
5.246,0.60093
5.248,0.62318
5.25,0.6448
5.252,0.66719
5.254,0.69029
5.256,0.71262
5.258,0.73582
5.26,-0.76144
5.262,-0.78578
5.264,-0.80897
5.266,-0.83497
5.268,-0.85941
5.27,-0.88455
5.272,-0.90796
5.274,-0.93464
5.276,-0.9591
5.278,-0.98413
5.28,-1.0067
5.282,-1.033
5.284,-1.0529
5.286,-1.0804
5.288,-1.1042
5.29,-1.1242
5.292,-1.1485
5.294,-1.1684
5.296,-1.1927
5.298,-1.2164
5.3,-1.2395
5.302,-1.2618
5.304,-1.2832
5.306,-1.3038
5.308,-1.3284
5.31,-1.3514
5.312,-1.3676
5.314,-1.3934
5.316,-1.4117
5.318,-1.4338
5.32,-1.4539
5.322,-1.4719
5.324,-1.4879
5.326,-1.5078
5.328,-1.5253
5.33,-1.5405
5.332,-1.5537
5.334,-1.5648
5.336,-1.5799
5.338,-1.5926
5.34,-1.6032
5.342,-1.6117
5.344,-1.6183
5.346,-1.629
5.348,-1.6375
5.35,-1.6381
5.352,-1.6491
5.354,-1.6519
5.356,-1.6531
5.358,-1.6587
5.36,-1.6624
5.362,-1.6643
5.364,-1.6648
5.366,-1.6637
5.368,-1.6614
5.37,-1.6635
5.372,-1.664
5.374,-1.6575
5.376,-1.6557
5.378,-1.6582
5.38,-1.6536
5.382,-1.6536
5.384,-1.6521
5.386,-1.6441
5.388,-1.6408
5.39,-1.6365
5.392,-1.6366
5.394,-1.6301
5.396,-1.6282
5.398,-1.6252
5.4,-1.6213
5.402,-1.6166
5.404,-1.6111
5.406,-1.605
5.408,-1.6032
5.41,-1.6006
5.412,-1.5971
5.414,-1.593
5.416,-1.5882
5.418,-1.5876
5.42,-1.5815
5.422,-1.5796
5.424,-1.5725
5.426,-1.5741
5.428,-1.5704
5.43,-1.5663
5.432,-1.5661
5.434,-1.561
5.436,-1.5599
5.438,-1.5582
5.44,-1.5601
5.442,-1.5574
5.444,-1.5544
5.446,-1.555
5.448,-1.5551
5.45,-1.5548
5.452,-1.5542
5.454,-1.5568
5.456,-1.5555
5.458,-1.5574
5.46,-1.5557
5.462,-1.557
5.464,-1.5582
5.466,-1.5591
5.468,-1.5627
5.47,-1.566
5.472,-1.5663
5.474,-1.5692
5.476,-1.5719
5.478,-1.5769
5.48,-1.5793
5.482,1.5839
5.484,1.5883
5.486,1.5925
5.488,1.5967
5.49,1.6007
5.492,1.6047
5.494,1.6104
5.496,1.6159
5.498,1.6213
5.5,1.6267
5.502,1.632
5.504,1.6374
5.506,1.6427
5.508,1.649
5.51,1.6552
5.512,1.6614
5.514,1.6676
5.516,1.6738
5.518,1.6799
5.52,1.6865
5.522,1.693
5.524,1.6993
5.526,1.7057
5.528,1.7121
5.53,1.7182
5.532,1.7247
5.534,1.7306
5.536,1.7366
5.538,1.7432
5.54,1.7481
5.542,1.754
5.544,1.7598
5.546,1.7643
5.548,1.7688
5.55,1.7732
5.552,1.7775
5.554,1.7817
5.556,1.7838
5.558,1.788
5.56,1.7898
5.562,1.7914
5.564,1.793
5.566,1.7943
5.568,1.7926
5.57,1.7907
5.572,1.7886
5.574,1.7863
5.576,1.7838
5.578,1.7772
5.58,1.7704
5.582,1.7633
5.584,1.756
5.586,1.7483
5.588,1.7355
5.59,1.7224
5.592,1.709
5.594,1.6898
5.596,1.676
5.598,1.6558
5.6,1.6293
5.602,1.6087
5.604,1.5812
5.606,1.5466
5.608,1.5187
5.61,1.4831
5.612,1.4472
5.614,1.4032
5.616,1.367
5.618,1.3139
5.62,1.2693
5.622,1.2156
5.624,1.1709
5.626,1.1167
5.628,1.0625
5.63,1.0083
5.632,0.95409
5.634,0.89983
5.636,0.84557
5.638,0.80153
5.64,0.74668
5.642,0.70232
5.644,0.66788
5.646,0.63233
5.648,0.59583
5.65,0.5585
5.652,0.52049
5.654,0.49218
5.656,0.46263
5.658,-0.44212
5.66,-0.41987
5.662,-0.39615
5.664,-0.37119
5.666,-0.35488
5.668,-0.33684
5.67,-0.31737
5.672,-0.2967
5.674,-0.28419
5.676,-0.27002
5.678,-0.25447
5.68,-0.23777
5.682,-0.22869
5.684,-0.21802
5.686,-0.19776
5.688,-0.18535
5.69,-0.17994
5.692,-0.16512
5.694,-0.15743
5.696,-0.14855
5.698,-0.13869
5.7,-0.12803
5.702,-0.12383
5.704,-0.11145
5.706,-0.10557
5.708,-0.098777
5.71,-0.09123
5.712,-0.083077
5.714,-0.0807
5.716,-0.071171
5.718,-0.067423
5.72,-0.0629
5.722,-0.057742
5.724,-0.052071
5.726,-0.051455
5.728,-0.044595
5.73,-0.042767
5.732,-0.040247
5.734,-0.037159
5.736,-0.033606
5.738,-0.029678
5.74,-0.030065
5.742,-0.029697
5.744,-0.024343
5.746,-0.023224
5.748,-0.021628
5.75,-0.02367
5.752,-0.021013
5.754,-0.021953
5.756,-0.022286
5.758,-0.018527
5.76,-0.021744
5.762,-0.020779
5.764,-0.019531
5.766,-0.021237
5.768,-0.019302
5.77,-0.020256
5.772,-0.020776
5.774,-0.020936
5.776,-0.023494
5.778,-0.022879
5.78,-0.022088
5.782,-0.023609
5.784,-0.024727
5.786,-0.025513
5.788,-0.026024
5.79,-0.028396
5.792,-0.028329
5.794,-0.030063
5.796,-0.031467
5.798,-0.030835
5.8,-0.031894
5.802,-0.032752
5.804,-0.035014
5.806,-0.035478
5.808,-0.037284
5.81,-0.03887
5.812,-0.040287
5.814,-0.041578
5.816,-0.043902
5.818,0.044987
5.82,0.047044
5.822,0.048995
5.824,0.050884
5.826,0.052745
5.828,0.054603
5.83,0.056479
5.832,0.059044
5.834,0.061029
5.836,0.06364
5.838,0.066315
5.84,0.069508
5.842,0.07244
5.844,0.075499
5.846,0.078991
5.848,0.082662
5.85,0.08634
5.852,0.090496
5.854,0.094831
5.856,0.099403
5.858,0.10424
5.86,0.10944
5.862,0.11484
5.864,0.12059
5.866,0.1267
5.868,0.133
5.87,0.14001
5.872,0.14713
5.874,0.15476
5.876,0.16289
5.878,0.17152
5.88,0.18065
5.882,0.19026
5.884,0.19988
5.886,0.21016
5.888,0.2211
5.89,0.23267
5.892,0.24486
5.894,0.25699
5.896,0.27066
5.898,0.28413
5.9,0.29838
5.902,0.31339
5.904,0.32913
5.906,0.34465
5.908,0.36111
5.91,0.37847
5.912,0.39775
5.914,0.41533
5.916,0.43517
5.918,0.45451
5.92,0.47484
5.922,0.4961
5.924,0.51823
5.926,0.54118
5.928,0.56332
5.93,0.58648
5.932,0.61058
5.934,0.6337
5.936,0.65986
5.938,0.68468
5.94,-0.71044
5.942,-0.73477
5.944,-0.76015
5.946,-0.78646
5.948,-0.81359
5.95,-0.8386
5.952,-0.86747
5.954,-0.89054
5.956,-0.91785
5.958,-0.94214
5.96,-0.96706
5.962,-0.98855
5.964,-1.0147
5.966,-1.0367
5.968,-1.059
5.97,-1.0813
5.972,-1.1083
5.974,-1.1297
5.976,-1.1506
5.978,-1.1763
5.98,-1.2009
5.982,-1.2241
5.984,-1.2517
5.986,-1.2715
5.988,-1.2959
5.99,-1.3182
5.992,-1.3445
5.994,-1.3683
5.996,-1.3896
5.998,-1.4085
6,-1.4314
6.002,-1.4514
6.004,-1.4687
6.006,-1.4836
6.008,-1.5025
6.01,-1.5184
6.012,-1.5318
6.014,-1.5426
6.016,-1.5576
6.018,-1.5634
6.02,-1.5737
6.022,-1.5815
6.024,-1.5934
6.026,-1.5965
6.028,-1.6039
6.03,-1.6091
6.032,-1.6123
6.034,-1.6136
6.036,-1.6131
6.038,-1.6172
6.04,-1.6132
6.042,-1.614
6.044,-1.613
6.046,-1.6106
6.048,-1.6127
6.05,-1.607
6.052,-1.6062
6.054,-1.5979
6.056,-1.6006
6.058,-1.5956
6.06,-1.5894
6.062,-1.5822
6.064,-1.58
6.066,-1.5764
6.068,-1.5716
6.07,-1.5659
6.072,-1.5591
6.074,-1.5572
6.076,-1.5485
6.078,-1.5447
6.08,-1.5399
6.082,-1.5342
6.084,-1.5278
6.086,-1.5207
6.088,-1.5182
6.09,-1.5148
6.092,-1.5054
6.094,-1.5059
6.096,-1.5003
6.098,-1.4941
6.1,-1.4923
6.102,-1.485
6.104,-1.4821
6.106,-1.4786
6.108,-1.4745
6.11,-1.4699
6.112,-1.4695
6.114,-1.464
6.116,-1.4625
6.118,-1.4606
6.12,-1.4582
6.122,-1.4596
6.124,-1.4562
6.126,-1.4567
6.128,-1.4527
6.13,-1.4563
6.132,-1.4555
6.134,-1.4544
6.136,-1.4531
6.138,-1.4552
6.14,-1.4568
6.142,-1.4582
6.144,-1.4593
6.146,-1.4601
6.148,-1.4609
6.15,-1.4614
6.152,-1.4649
6.154,-1.4681
6.156,-1.4711
6.158,-1.4739
6.16,-1.4793
6.162,1.4843
6.164,1.4892
6.166,1.4939
6.168,1.4985
6.17,1.503
6.172,1.5075
6.174,1.5138
6.176,1.5201
6.178,1.5245
6.18,1.5306
6.182,1.5367
6.184,1.5442
6.186,1.5502
6.188,1.5576
6.19,1.5637
6.192,1.5709
6.194,1.5781
6.196,1.5853
6.198,1.5926
6.2,1.6005
6.202,1.6078
6.204,1.6156
6.206,1.6234
6.208,1.6312
6.21,1.639
6.212,1.6469
6.214,1.6546
6.216,1.6625
6.218,1.6702
6.22,1.6778
6.222,1.6854
6.224,1.693
6.226,1.6997
6.228,1.7074
6.23,1.7139
6.232,1.7204
6.234,1.7269
6.236,1.7333
6.238,1.7396
6.24,1.744
6.242,1.7503
6.244,1.7544
6.246,1.7584
6.248,1.7599
6.25,1.7638
6.252,1.7649
6.254,1.7658
6.256,1.7664
6.258,1.7669
6.26,1.7672
6.262,1.7636
6.264,1.7635
6.266,1.7553
6.268,1.7509
6.27,1.7462
6.272,1.7367
6.274,1.7268
6.276,1.7166
6.278,1.7009
6.28,1.6902
6.282,1.6735
6.284,1.6506
6.286,1.6333
6.288,1.6093
6.29,1.5849
6.292,1.5534
6.294,1.5144
6.296,1.4897
6.298,1.4493
6.3,1.4165
6.302,1.367
6.304,1.3174
6.306,1.2676
6.308,1.2175
6.31,1.1673
6.312,1.1074
6.314,1.0476
6.316,0.98784
6.318,0.92813
6.32,0.86848
6.322,0.80892
6.324,0.75999
6.326,0.69999
6.328,0.65095
6.33,0.61231
6.332,0.56186
6.334,0.53287
6.336,0.49148
6.338,0.46022
6.34,0.56178
6.342,0.62534
6.344,0.58454
6.346,0.54384
6.348,-0.5033
6.35,-0.47243
6.352,-0.43169
6.354,-0.41009
6.356,-0.37814
6.358,-0.35527
6.36,-0.32246
6.362,-0.30787
6.364,-0.28298
6.366,-0.26652
6.368,-0.24034
6.37,-0.22269
6.372,-0.21273
6.374,-0.19306
6.376,-0.1812
6.378,-0.16024
6.38,-0.14716
6.382,-0.13333
6.384,-0.12657
6.386,-0.11106
6.388,-0.10269
6.39,-0.093417
6.392,-0.083415
6.394,-0.072835
6.396,-0.06181
6.398,-0.05717
6.4,-0.051589
6.402,-0.038813
6.404,-0.032413
6.406,-0.031625
6.408,-0.023704
6.41,-0.015515
6.412,-0.012928
6.414,-0.0095931
6.416,-0.0056514
6.418,-0.0012221
6.42,0.0035924
6.422,0.0035722
6.424,0.0093563
6.426,0.010349
6.428,0.011948
6.43,0.014043
6.432,0.016538
6.434,0.019351
6.436,0.018115
6.438,0.021752
6.44,0.021401
6.442,0.021584
6.444,0.022205
6.446,0.023186
6.448,0.020838
6.45,0.022677
6.452,9
6.454,9
6.456,9
6.458,9
6.46,9
6.462,8.8179
6.464,8.2493
6.466,7.9953
6.468,7.7889
6.47,6.8213
6.472,6.765
6.474,6.1689
6.476,5.0762
6.478,4.6609
6.48,4.5347
6.482,3.6294
6.484,3.0514
6.486,2.2961
6.488,1.8533
6.49,0.88841
6.492,0.57806
6.494,-0.50383
6.496,-1.2514
6.498,-1.9338
6.5,-3.125
6.502,-3.6497
6.504,-4.9353
6.506,-5.3094
6.508,-6.2232
6.51,-7.302
6.512,-8.0576
6.514,-8.9942
6.516,-9
6.518,-9
6.52,-9
6.522,0.031056
6.524,0.032666
6.526,0.034653
6.528,0.036724
6.53,0.038899
6.532,0.041193
6.534,0.043615
6.536,0.046171
6.538,0.048948
6.54,0.051919
6.542,0.055107
6.544,0.058526
6.546,0.062183
6.548,0.066082
6.55,0.070225
6.552,0.074436
6.554,0.079001
6.556,0.083931
6.558,0.089517
6.56,0.094706
6.562,0.10076
6.564,0.10717
6.566,0.11354
6.568,0.12043
6.57,0.12784
6.572,0.13575
6.574,0.14418
6.576,0.15252
6.578,0.16216
6.58,0.17163
6.582,0.18176
6.584,0.19256
6.586,0.20399
6.588,0.21527
6.59,0.22821
6.592,0.24087
6.594,0.25435
6.596,0.2686
6.598,0.28361
6.6,0.29933
6.602,0.31473
6.604,0.33108
6.606,0.34834
6.608,0.36646
6.61,0.38541
6.612,0.40387
6.614,0.42471
6.616,0.44485
6.618,0.46595
6.62,0.48794
6.622,0.50922
6.624,0.5316
6.626,0.555
6.628,0.57935
6.63,0.60456
6.632,0.62862
6.634,0.65577
6.636,0.67926
6.638,-0.70621
6.64,-0.73154
6.642,-0.76037
6.644,-0.78449
6.646,-0.81248
6.648,-0.83819
6.65,-0.86473
6.652,-0.88872
6.654,-0.91699
6.656,-0.93841
6.658,-0.9645
6.66,-0.98691
6.662,-1.0098
6.664,-1.033
6.666,-1.0516
6.668,-1.0754
6.67,-1.0937
6.672,-1.1172
6.674,-1.1344
6.676,-1.1569
6.678,-1.1784
6.68,-1.2046
6.682,-1.2228
6.684,-1.246
6.686,-1.2671
6.688,-1.2927
6.69,-1.3092
6.692,-1.3303
6.694,-1.3556
6.696,-1.371
6.698,-1.3909
6.7,-1.4147
6.702,-1.4284
6.704,-1.4463
6.706,-1.4613
6.708,-1.4734
6.71,-1.4829
6.712,-1.4968
6.714,-1.5077
6.716,-1.5159
6.718,-1.5216
6.72,-1.5318
6.722,-1.5324
6.724,-1.5379
6.726,-1.5409
6.728,-1.5486
6.73,-1.5468
6.732,-1.55
6.734,-1.5442
6.736,-1.5437
6.738,-1.5479
6.74,-1.5431
6.742,-1.5368
6.744,-1.5357
6.746,-1.5328
6.748,-1.5281
6.75,-1.522
6.752,-1.5145
6.754,-1.5122
6.756,-1.5019
6.758,-1.497
6.76,-1.4906
6.762,-1.4831
6.764,-1.4744
6.766,-1.471
6.768,-1.46
6.77,-1.4543
6.772,-1.4475
6.774,-1.4397
6.776,-1.431
6.778,-1.4214
6.78,-1.4171
6.782,-1.4116
6.784,-1.4052
6.786,-1.3979
6.788,-1.3899
6.79,-1.3812
6.792,-1.3719
6.794,-1.3676
6.796,-1.3625
6.798,-1.3567
6.8,-1.3501
6.802,-1.3431
6.804,-1.3355
6.806,-1.3326
6.808,-1.3291
6.81,-1.3198
6.812,-1.3153
6.814,-1.3152
6.816,-1.3095
6.818,-1.3034
6.82,-1.3018
6.822,-1.2996
6.824,-1.2969
6.826,-1.2937
6.828,-1.2946
6.83,-1.2907
6.832,-1.2907
6.834,-1.2903
6.836,-1.2854
6.838,-1.2885
6.84,-1.2871
6.842,-1.2855
6.844,-1.2875
6.846,-1.2891
6.848,-1.2904
6.85,-1.2915
6.852,-1.2923
6.854,-1.293
6.856,-1.2969
6.858,-1.3004
6.86,-1.3038
6.862,-1.3069
6.864,-1.3099
6.866,-1.3157
6.868,1.3184
6.87,1.3238
6.872,1.3291
6.874,1.3342
6.876,1.3393
6.878,1.3466
6.88,1.3516
6.882,1.3587
6.884,1.3637
6.886,1.3707
6.888,1.3795
6.89,1.3864
6.892,1.3934
6.894,1.4004
6.896,1.4089
6.898,1.4174
6.9,1.4259
6.902,1.4344
6.904,1.443
6.906,1.4516
6.908,1.4612
6.91,1.47
6.912,1.4795
6.914,1.4891
6.916,1.4987
6.918,1.5084
6.92,1.5181
6.922,1.5281
6.924,1.538
6.926,1.548
6.928,1.558
6.93,1.568
6.932,1.578
6.934,1.5877
6.936,1.5979
6.938,1.6074
6.94,1.6177
6.942,1.6271
6.944,1.6365
6.946,1.6447
6.948,1.6541
6.95,1.6621
6.952,1.6701
6.954,1.6779
6.956,1.6857
6.958,1.6934
6.96,1.7009
6.962,1.706
6.964,1.711
6.966,1.7158
6.968,1.7204
6.97,1.7248
6.972,1.7259
6.974,1.73
6.976,1.7304
6.978,1.7269
6.98,1.727
6.982,1.7227
6.984,1.7181
6.986,1.7131
6.988,1.7078
6.99,1.6972
6.992,1.6862
6.994,1.6747
6.996,1.6628
6.998,1.6447
7,1.6261
7.002,1.607
7.004,1.5809
7.006,1.5544
7.008,1.5273
7.01,1.4925
7.012,1.4572
7.014,1.4136
7.016,1.3777
7.018,1.3246
7.02,1.2798
7.022,1.2257
7.024,1.1713
7.026,1.1072
7.028,1.0529
7.03,0.98825
7.032,0.93394
7.034,0.86886
7.036,0.81454
7.038,0.75988
7.04,0.71575
7.042,0.65983
7.044,0.61476
7.046,0.5799
7.048,0.53264
7.05,0.49591
7.052,0.46895
7.054,0.42928
7.056,0.39973
7.058,0.37946
7.06,-0.35703
7.062,-0.33278
7.064,-0.307
7.066,-0.29019
7.068,-0.26128
7.07,-0.25163
7.072,-0.2297
7.074,-0.20665
7.076,-0.19228
7.078,-0.17629
7.08,-0.1682
7.082,-0.14902
7.084,-0.138
7.086,-0.12549
7.088,-0.11176
7.09,-0.09705
7.092,-0.081554
7.094,-0.073642
7.096,-0.064437
7.098,-0.054178
7.1,-0.043074
7.102,-0.031306
7.104,-0.026445
7.106,-0.020414
7.108,-0.0063378
7.11,0.00076992
7.112,0.0017496
7.114,0.010661
7.116,0.019898
7.118,0.022969
7.12,0.026883
7.122,0.031474
7.124,0.036602
7.126,0.042145
7.128,0.042322
7.13,0.048909
7.132,0.050162
7.134,0.052064
7.136,0.054486
7.138,0.057321
7.14,0.060472
7.142,0.059094
7.144,0.063099
7.146,0.062629
7.148,0.062722
7.15,0.063271
7.152,9
7.154,9
7.156,9
7.158,9
7.16,9
7.162,9
7.164,9
7.166,9
7.168,9
7.17,9
7.172,9
7.174,9
7.176,9
7.178,9
7.18,9
7.182,9
7.184,9
7.186,9
7.188,9
7.19,9
7.192,9
7.194,9
7.196,9
7.198,7.8341
7.2,7.5628
7.202,6.5172
7.204,5.8035
7.206,4.8215
7.208,3.6831
7.21,3.2071
7.212,1.8716
7.214,0.97171
7.216,0.37906
7.218,-0.97653
7.22,-1.9901
7.222,-3.1677
7.224,-4.021
7.226,-5.622
7.228,-6.2996
7.23,-7.1748
7.232,-8.5597
7.234,-9
7.236,-9
7.238,-9
7.24,0.019717
7.242,0.022217
7.244,0.024964
7.246,0.02796
7.248,0.030776
7.25,0.033953
7.252,0.038013
7.254,0.04179
7.256,0.045376
7.258,0.050096
7.26,0.055189
7.262,0.06
7.264,0.065347
7.266,0.07123
7.268,0.077646
7.27,0.084586
7.272,0.092039
7.274,0.099172
7.276,0.10787
7.278,0.11617
7.28,0.12516
7.282,0.13388
7.284,0.14449
7.286,0.15572
7.288,0.16654
7.29,0.17822
7.292,0.19074
7.294,0.20406
7.296,0.21815
7.298,0.23299
7.3,0.24735
7.302,0.26271
7.304,0.27901
7.306,0.29623
7.308,0.31431
7.31,0.33183
7.312,0.35189
7.314,0.3712
7.316,0.39153
7.318,0.41122
7.32,0.43381
7.322,0.4555
7.324,0.4783
7.326,0.50214
7.328,0.52692
7.33,0.55258
7.332,0.577
7.334,0.60249
7.336,0.62898
7.338,0.65401
7.34,-0.68017
7.342,-0.70735
7.344,-0.73543
7.346,-0.76144
7.348,-0.78845
7.35,-0.81632
7.352,-0.84159
7.354,-0.86776
7.356,-0.89464
7.358,-0.91822
7.36,-0.94249
7.362,-0.96727
7.364,-0.98785
7.366,-1.0088
7.368,-1.03
7.37,-1.0512
7.372,-1.0722
7.374,-1.0927
7.376,-1.1126
7.378,-1.1317
7.38,-1.156
7.382,-1.1787
7.384,-1.1997
7.386,-1.2189
7.388,-1.2429
7.39,-1.2645
7.392,-1.2835
7.394,-1.3001
7.396,-1.3215
7.398,-1.3398
7.4,-1.3624
7.402,-1.3816
7.404,-1.3976
7.406,-1.4106
7.408,-1.4208
7.41,-1.4356
7.412,-1.4472
7.414,-1.4558
7.416,-1.4617
7.418,-1.4723
7.42,-1.4726
7.422,-1.478
7.424,-1.4881
7.426,-1.4878
7.428,-1.4853
7.43,-1.4881
7.432,-1.4883
7.434,-1.4863
7.436,-1.4822
7.438,-1.4762
7.44,-1.4756
7.442,-1.4728
7.444,-1.468
7.446,-1.4614
7.448,-1.4532
7.45,-1.4434
7.452,-1.4393
7.454,-1.4263
7.456,-1.4193
7.458,-1.4108
7.46,-1.4008
7.462,-1.3966
7.464,-1.3838
7.466,-1.37
7.468,-1.3621
7.47,-1.353
7.472,-1.3426
7.474,-1.3379
7.476,-1.3252
7.478,-1.3182
7.48,-1.3036
7.482,-1.2948
7.484,-1.285
7.486,-1.2744
7.488,-1.2693
7.49,-1.2568
7.492,-1.2438
7.494,-1.2364
7.496,-1.2281
7.498,-1.2191
7.5,-1.2153
7.502,-1.2047
7.504,-1.1936
7.506,-1.1878
7.508,-1.1812
7.51,-1.174
7.512,-1.1663
7.514,-1.1634
7.516,-1.1544
7.518,-1.1504
7.52,-1.1405
7.522,-1.1355
7.524,-1.1352
7.526,-1.129
7.528,-1.1225
7.53,-1.1206
7.532,-1.1181
7.534,-1.1151
7.536,-1.1117
7.538,-1.1079
7.54,-1.1084
7.542,-1.1039
7.544,-1.1035
7.546,-1.1028
7.548,-1.1017
7.55,-1.1003
7.552,-1.1027
7.554,-1.1046
7.556,-1.1023
7.558,-1.1038
7.56,-1.1049
7.562,-1.1059
7.564,-1.1101
7.566,-1.1107
7.568,-1.1144
7.57,-1.118
7.572,-1.1213
7.574,-1.1276
7.576,-1.1306
7.578,1.1336
7.58,1.1394
7.582,1.145
7.584,1.1505
7.586,1.1584
7.588,1.1638
7.59,1.1692
7.592,1.1768
7.594,1.1822
7.596,1.1898
7.598,1.1973
7.6,1.2049
7.602,1.2124
7.604,1.2219
7.606,1.2296
7.608,1.239
7.61,1.2468
7.612,1.2562
7.614,1.2657
7.616,1.2752
7.618,1.2861
7.62,1.2959
7.622,1.3068
7.624,1.3167
7.626,1.3277
7.628,1.3387
7.63,1.3499
7.632,1.3611
7.634,1.3723
7.636,1.3841
7.638,1.3957
7.64,1.4075
7.642,1.4195
7.644,1.4315
7.646,1.4436
7.648,1.4558
7.65,1.4679
7.652,1.4799
7.654,1.4923
7.656,1.5042
7.658,1.5161
7.66,1.5281
7.662,1.5392
7.664,1.5514
7.666,1.5635
7.668,1.5743
7.67,1.5852
7.672,1.596
7.674,1.6068
7.676,1.6157
7.678,1.6265
7.68,1.6352
7.682,1.6437
7.684,1.6521
7.686,1.6604
7.688,1.6684
7.69,1.6734
7.692,1.6812
7.694,1.6856
7.696,1.6898
7.698,1.6902
7.7,1.6941
7.702,1.6937
7.704,1.693
7.706,1.692
7.708,1.6861
7.71,1.6845
7.712,1.6776
7.714,1.6702
7.716,1.6623
7.718,1.6485
7.72,1.6341
7.722,1.6192
7.724,1.6038
7.726,1.5813
7.728,1.5583
7.73,1.5347
7.732,1.5033
7.734,1.4713
7.736,1.4311
7.738,1.3904
7.74,1.3492
7.742,1.2989
7.744,1.2482
7.746,1.2063
7.748,1.145
7.75,1.0835
7.752,1.0318
7.754,0.9695
7.756,0.90711
7.758,0.85524
7.76,0.7921
7.762,0.75071
7.764,0.69726
7.766,0.65441
7.768,0.61055
7.77,0.57683
7.772,0.53052
7.774,0.49469
7.776,0.46857
7.778,0.42959
7.78,0.4115
7.782,0.39092
7.784,-0.36822
7.786,-0.34371
7.788,-0.32802
7.79,-0.29991
7.792,-0.28097
7.794,-0.26036
7.796,-0.24818
7.798,-0.23391
7.8,-0.2179
7.802,-0.20975
7.804,-0.19033
7.806,-0.17906
7.808,-0.16621
7.81,-0.15206
7.812,-0.14539
7.814,-0.12863
7.816,-0.11952
7.818,-0.10914
7.82,-0.097722
7.822,-0.093229
7.824,-0.079664
7.826,-0.08055
7.828,-0.065009
7.83,-0.056565
7.832,-0.054391
7.834,-0.050883
7.836,-0.046274
7.838,-0.034251
7.84,-0.034952
7.842,-0.028069
7.844,-0.020729
7.846,-0.018996
7.848,-0.016346
7.85,-0.012945
7.852,-0.0033941
7.854,-0.0047988
7.856,0.00013744
7.858,0.00022343
7.86,0.0061239
7.862,0.0072174
7.864,0.0089159
7.866,0.011108
7.868,0.0091836
7.87,0.0125
7.872,0.011737
7.874,0.01578
7.876,0.015811
7.878,0.016336
7.88,0.017268
7.882,0.014815
7.884,0.016686
7.886,0.015226
7.888,0.017717
7.89,9
7.892,9
7.894,9
7.896,8.7628
7.898,8.1114
7.9,8.1136
7.902,7.8158
7.904,6.7655
7.906,6.6341
7.908,5.7335
7.91,5.1694
7.912,4.6724
7.914,4.2358
7.916,3.2861
7.918,2.4313
7.92,2.2296
7.922,1.7275
7.924,1.0399
7.926,0.42112
7.928,-0.70337
7.93,-1.4899
7.932,-2.4442
7.934,-3.3137
7.936,-3.8708
7.938,-4.6186
7.94,-5.3023
7.942,-5.6922
7.944,-6.857
7.946,-7.3592
7.948,-8.3895
7.95,-9
7.952,-9
7.954,-9
7.956,-9
7.958,-9
7.96,0.032939
7.962,0.034528
7.964,0.036554
7.966,0.038644
7.968,0.040543
7.97,0.042782
7.972,0.045134
7.974,0.047781
7.976,0.050475
7.978,0.053308
7.98,0.05636
7.982,0.059621
7.984,0.063109
7.986,0.066833
7.988,0.070798
7.99,0.074885
7.992,0.079311
7.994,0.08431
7.996,0.089316
7.998,0.09469
8,0.10043
8.002,0.10621
8.004,0.11288
8.006,0.1195
8.008,0.12664
8.01,0.13429
8.012,0.14246
8.014,0.15112
8.016,0.15971
8.018,0.16958
8.02,0.17928
8.022,0.18966
8.024,0.20068
8.026,0.21233
8.028,0.22384
8.03,0.23699
8.032,0.24988
8.034,0.26356
8.036,0.27802
8.038,0.29323
8.04,0.30817
8.042,0.3251
8.044,0.34161
8.046,0.36644
8.048,0.38777
8.05,0.40513
8.052,0.4188
8.054,0.42974
8.056,0.43855
8.058,0.44568
8.06,0.45247
8.062,0.45627
8.064,0.4673
8.066,0.4827
8.068,0.49732
8.07,0.51174
8.072,0.52628
8.074,0.54121
8.076,0.55688
8.078,0.57351
8.08,0.59011
8.082,0.60927
8.084,0.6281
8.086,0.64649
8.088,0.66827
8.09,0.68916
8.092,-0.71142
8.094,-0.73241
8.096,-0.7548
8.098,-0.78147
8.1,-0.80274
8.102,-0.82869
8.104,-0.85193
8.106,-0.87615
8.108,-0.90518
8.11,-0.93035
8.112,-0.9516
8.114,-0.9826
8.116,-1.0132
8.118,-1.0385
8.12,-1.0685
8.122,-1.0977
8.124,-1.1311
8.126,-1.1576
8.128,-1.1885
8.13,-1.223
8.132,-1.2497
8.134,-1.2802
8.136,-1.3085
8.138,-1.3402
8.14,-1.3636
8.142,-1.3906
8.144,-1.4151
8.146,-1.4428
8.148,-1.462
8.15,-1.4961
8.152,-1.5316
8.154,-1.5573
8.156,-1.5799
8.158,-1.605
8.16,-1.6218
8.162,-1.6464
8.164,-1.6629
8.166,-1.6819
8.168,-1.6983
8.17,-1.7124
8.172,-1.7244
8.174,-1.7345
8.176,-1.743
8.178,-1.7544
8.18,-1.764
8.182,-1.7719
8.184,-1.7784
8.186,-1.7835
8.188,-1.7874
8.19,-1.7903
8.192,-1.7963
8.194,-1.801
8.196,-1.8046
8.198,-1.8071
8.2,-1.8087
8.202,-1.8134
8.204,-1.8131
8.206,-1.816
8.208,-1.8179
8.21,-1.8191
8.212,-1.8195
8.214,-1.8193
8.216,-1.822
8.218,-1.8205
8.22,-1.8219
8.222,-1.8227
8.224,-1.8229
8.226,-1.8226
8.228,-1.825
8.23,-1.8235
8.232,-1.8249
8.234,-1.8257
8.236,-1.826
8.238,-1.8259
8.24,-1.8282
8.242,-1.8273
8.244,-1.8288
8.246,-1.8298
8.248,-1.8305
8.25,-1.8309
8.252,-1.831
8.254,-1.8332
8.256,-1.8327
8.258,-1.8344
8.26,-1.8357
8.262,-1.8367
8.264,-1.8376
8.266,-1.8383
8.268,-1.8406
8.27,-1.8426
8.272,-1.8444
8.274,-1.846
8.276,-1.8475
8.278,-1.8489
8.28,1.8514
8.282,1.8536
8.284,1.8557
8.286,1.8577
8.288,1.8596
8.29,1.8614
8.292,1.8637
8.294,1.8659
8.296,1.8676
8.298,1.8696
8.3,1.8717
8.302,1.8736
8.304,1.8755
8.306,1.8772
8.308,1.8788
8.31,1.8803
8.312,1.8817
8.314,1.8831
8.316,1.8845
8.318,1.885
8.32,1.8855
8.322,1.8858
8.324,1.8861
8.326,1.8863
8.328,1.8865
8.33,1.885
8.332,1.8834
8.334,1.8818
8.336,1.88
8.338,1.8782
8.34,1.8739
8.342,1.8721
8.344,1.8675
8.346,1.8628
8.348,1.8579
8.35,1.8499
8.352,1.845
8.354,1.8365
8.356,1.8279
8.358,1.8192
8.36,1.8063
8.362,1.7974
8.364,1.784
8.366,1.7705
8.368,1.7568
8.37,1.738
8.372,1.7241
8.374,1.7047
8.376,1.6852
8.378,1.6599
8.38,1.6344
8.382,1.6148
8.384,1.5825
8.386,1.5564
8.388,1.5236
8.39,1.4906
8.392,1.4505
8.394,1.4176
8.396,1.3771
8.398,1.3288
8.4,1.2886
8.402,1.2402
8.404,1.1835
8.406,1.1358
8.408,1.0794
8.41,1.0324
8.412,0.97632
8.414,0.92064
8.416,0.86539
8.418,0.81056
8.42,0.75617
8.422,0.70223
8.424,0.65867
8.426,0.615
8.428,0.56131
8.43,0.52829
8.432,0.48459
8.434,-0.45101
8.436,-0.41689
8.438,-0.3922
8.44,-0.35666
8.442,-0.33072
8.444,-0.31354
8.446,-0.2854
8.448,-0.26622
8.45,-0.24592
8.452,-0.22471
8.454,-0.21175
8.456,-0.19738
8.458,-0.18185
8.46,-0.16537
8.462,-0.14813
8.464,-0.13858
8.466,-0.12776
8.468,-0.11591
8.47,-0.10323
8.472,-0.089889
8.474,-0.083573
8.476,-0.076097
8.478,-0.067674
8.48,-0.058488
8.482,-0.048695
8.484,-0.045222
8.486,-0.034034
8.488,-0.029185
8.49,-0.023544
8.492,-0.017265
8.494,-0.016557
8.496,-0.0088533
8.498,-0.0067249
8.5,-0.0038002
8.502,-0.00022659
8.504,0.00387
8.506,0.0083817
8.508,0.0080804
8.51,0.013613
8.512,0.014372
8.514,0.015759
8.516,0.017658
8.518,0.019972
8.52,0.018227
8.522,0.017278
8.524,0.016987
8.526,0.021251
8.528,0.017676
8.53,0.01878
8.532,0.020177
8.534,0.021809
8.536,0.020143
8.538,7.6278
8.54,7.2317
8.542,6.9067
8.544,6.6459
8.546,5.8751
8.548,5.2023
8.55,4.8539
8.552,4.3256
8.554,4.1072
8.556,3.6958
8.558,2.7789
8.56,2.2001
8.562,1.6898
8.564,1.2413
8.566,0.61223
8.568,0.29238
8.57,-0.55233
8.572,-1.3126
8.574,-1.4292
8.576,-2.091
8.578,-2.9229
8.58,-4.0035
8.582,-4.4192
8.584,-5.3609
8.586,-6.4555
8.588,-6.8843
8.59,-7.6022
8.592,-9
8.594,-9
8.596,-9
8.598,-9
8.6,-9
8.602,-9
8.604,-9
8.606,-9
8.608,-9
8.61,-9
8.612,-9
8.614,-9
8.616,0.030679
8.618,0.032643
8.62,0.034707
8.622,0.037018
8.624,0.039404
8.626,0.041971
8.628,0.04473
8.63,0.047704
8.632,0.050908
8.634,0.054352
8.636,0.058038
8.638,0.061767
8.64,0.066093
8.642,0.070396
8.644,0.075066
8.646,0.07974
8.648,0.085332
8.65,0.09129
8.652,0.097153
8.654,0.10354
8.656,0.11045
8.658,0.11788
8.66,0.12582
8.662,0.13362
8.664,0.1428
8.666,0.15175
8.668,0.16138
8.67,0.17168
8.672,0.18182
8.674,0.19368
8.676,0.20526
8.678,0.2186
8.68,0.23154
8.682,0.24528
8.684,0.25878
8.686,0.27436
8.688,0.28953
8.69,0.30566
8.692,0.32272
8.694,0.34065
8.696,0.35941
8.698,0.37895
8.7,0.39791
8.702,0.41788
8.704,0.43883
8.706,0.46069
8.708,0.48182
8.71,0.50572
8.712,0.5269
8.714,0.55121
8.716,0.5764
8.718,0.60045
8.72,0.62763
8.722,0.65331
8.724,0.67991
8.726,-0.70498
8.728,-0.73357
8.73,-0.76019
8.732,-0.78765
8.734,-0.81302
8.736,-0.84228
8.738,-0.87198
8.74,-0.89882
8.742,-0.92623
8.744,-0.95406
8.746,-0.98217
8.748,-1.0104
8.75,-1.0425
8.752,-1.0701
8.754,-1.0975
8.756,-1.1287
8.758,-1.1547
8.76,-1.1846
8.762,-1.2135
8.764,-1.2457
8.766,-1.2762
8.768,-1.305
8.77,-1.3322
8.772,-1.3579
8.774,-1.3867
8.776,-1.4087
8.778,-1.4341
8.78,-1.4622
8.782,-1.4832
8.784,-1.5073
8.786,-1.5292
8.788,-1.5491
8.79,-1.5671
8.792,-1.588
8.794,-1.602
8.796,-1.6193
8.798,-1.6346
8.8,-1.6528
8.802,-1.6642
8.804,-1.6787
8.806,-1.6866
8.808,-1.698
8.81,-1.7077
8.812,-1.7205
8.814,-1.7268
8.816,-1.7365
8.818,-1.7445
8.82,-1.7511
8.822,-1.7563
8.824,-1.7603
8.826,-1.7632
8.828,-1.7695
8.83,-1.7744
8.832,-1.7781
8.834,-1.7806
8.836,-1.7821
8.838,-1.7827
8.84,-1.7867
8.842,-1.7853
8.844,-1.7874
8.846,-1.7886
8.848,-1.793
8.85,-1.7921
8.852,-1.7906
8.854,-1.7925
8.856,-1.7935
8.858,-1.7936
8.86,-1.7931
8.862,-1.7919
8.864,-1.7902
8.866,-1.7917
8.868,-1.7925
8.87,-1.7925
8.872,-1.792
8.874,-1.7909
8.876,-1.7895
8.878,-1.7909
8.88,-1.7918
8.882,-1.7889
8.884,-1.7921
8.886,-1.7915
8.888,-1.7906
8.89,-1.7893
8.892,-1.7908
8.894,-1.7918
8.896,-1.7923
8.898,-1.7926
8.9,-1.7926
8.902,-1.7948
8.904,-1.7942
8.906,-1.7959
8.908,-1.7973
8.91,-1.7984
8.912,-1.7993
8.914,-1.802
8.916,-1.8025
8.918,-1.8048
8.92,-1.8068
8.922,-1.8087
8.924,-1.8104
8.926,-1.8135
8.928,1.815
8.93,1.8177
8.932,1.8202
8.934,1.8227
8.936,1.825
8.938,1.8282
8.94,1.8304
8.942,1.8332
8.944,1.836
8.946,1.8387
8.948,1.8413
8.95,1.8439
8.952,1.8466
8.954,1.8491
8.956,1.8516
8.958,1.8541
8.96,1.8565
8.962,1.8584
8.964,1.8608
8.966,1.8625
8.968,1.8649
8.97,1.8664
8.972,1.8678
8.974,1.8681
8.976,1.8695
8.978,1.8695
8.98,1.871
8.982,1.8707
8.984,1.8704
8.986,1.868
8.988,1.8677
8.99,1.865
8.992,1.8622
8.994,1.8592
8.996,1.8562
8.998,1.853
9,1.8467
9.002,1.8435
9.004,1.8367
9.006,1.8263
9.008,1.8194
9.01,1.8085
9.012,1.7974
9.014,1.7861
9.016,1.7745
9.018,1.7628
9.02,1.7461
9.022,1.7291
9.024,1.712
9.026,1.6892
9.028,1.6662
9.03,1.643
9.032,1.6196
9.034,1.5897
9.036,1.5596
9.038,1.5294
9.04,1.492
9.042,1.4545
9.044,1.4168
9.046,1.3714
9.048,1.326
9.05,1.2806
9.052,1.2269
9.054,1.1733
9.056,1.1199
9.058,1.0667
9.06,1.0045
9.062,0.94276
9.064,0.88153
9.066,0.82082
9.068,0.76064
9.07,0.71113
9.072,0.65148
9.074,0.60276
9.076,0.5541
9.078,0.50556
9.08,0.4572
9.082,-0.41946
9.084,-0.38128
9.086,-0.34277
9.088,-0.31431
9.09,-0.28491
9.092,-0.25477
9.094,-0.23401
9.096,-0.21195
9.098,-0.18884
9.1,-0.16489
9.102,-0.14973
9.104,-0.13318
9.106,-0.11552
9.108,-0.10595
9.11,-0.085956
9.112,-0.074223
9.114,-0.061334
9.116,-0.04752
9.118,-0.041187
9.12,-0.025402
9.122,-0.01721
9.124,-0.015708
9.126,-0.0050054
9.128,0.0062501
9.13,0.01066
9.132,0.023235
9.134,0.028937
9.136,0.028623
9.138,0.036307
9.14,0.037909
9.142,0.046838
9.144,0.049683
9.146,0.053263
9.148,0.057426
9.15,0.062043
9.152,0.061388
9.154,0.067116
9.156,0.067599
9.158,0.068757
9.16,0.070458
9.162,0.067675
9.164,0.070614
9.166,0.069096
9.168,0.072807
9.17,0.072123
9.172,9
9.174,9
9.176,9
9.178,9
9.18,9
9.182,9
9.184,9
9.186,9
9.188,9
9.19,9
9.192,9
9.194,9
9.196,9
9.198,9
9.2,9
9.202,9
9.204,9
9.206,9
9.208,9
9.21,9
9.212,8.9359
9.214,8.5562
9.216,8.227
9.218,7.3758
9.22,6.9428
9.222,6.4701
9.224,5.8108
9.226,5.4555
9.228,4.902
9.23,4.0743
9.232,3.3211
9.234,2.635
9.236,2.0091
9.238,1.4376
9.24,0.11116
9.242,-0.29849
9.244,-1.243
9.246,-2.6797
9.248,-3.4349
9.25,-4.1336
9.252,-5.349
9.254,-5.9051
9.256,-7.2284
9.258,-8.2135
9.26,-9
9.262,-9
9.264,-9
9.266,-9
9.268,-9
9.27,-9
9.272,-9
9.274,-9
9.276,-9
9.278,-9
9.28,0.013854
9.282,0.016745
9.284,0.019323
9.286,0.022275
9.288,0.02561
9.29,0.029331
9.292,0.033436
9.294,0.037196
9.296,0.042259
9.298,0.04691
9.3,0.052103
9.302,0.057837
9.304,0.064103
9.306,0.069996
9.308,0.076607
9.31,0.084911
9.312,0.092698
9.314,0.10118
9.316,0.1093
9.318,0.11943
9.32,0.12908
9.322,0.14075
9.324,0.15068
9.326,0.16294
9.328,0.176
9.33,0.18984
9.332,0.20315
9.334,0.21748
9.336,0.2328
9.338,0.24907
9.34,0.26625
9.342,0.28282
9.344,0.30055
9.346,0.31938
9.348,0.33926
9.35,0.36013
9.352,0.38021
9.354,0.40152
9.356,0.42398
9.358,0.44751
9.36,0.47006
9.362,0.4939
9.364,0.52108
9.366,0.54452
9.368,0.57169
9.37,0.59732
9.372,0.62413
9.374,-0.652
9.376,-0.67802
9.378,-0.70521
9.38,-0.73343
9.382,-0.76254
9.384,-0.78904
9.386,-0.81998
9.388,-0.84771
9.39,-0.87226
9.392,-0.90163
9.394,-0.93126
9.396,-0.96096
9.398,-0.99059
9.4,-1.02
9.402,-1.049
9.404,-1.0823
9.406,-1.1095
9.408,-1.141
9.41,-1.1712
9.412,-1.2051
9.414,-1.2318
9.416,-1.2624
9.418,-1.291
9.42,-1.323
9.422,-1.3471
9.424,-1.3802
9.426,-1.405
9.428,-1.4276
9.43,-1.4536
9.432,-1.477
9.434,-1.498
9.436,-1.5168
9.438,-1.5389
9.44,-1.553
9.442,-1.5707
9.444,-1.5862
9.446,-1.6049
9.448,-1.6158
9.45,-1.6302
9.452,-1.6424
9.454,-1.6527
9.456,-1.661
9.458,-1.6676
9.46,-1.678
9.462,-1.6864
9.464,-1.6929
9.466,-1.6978
9.468,-1.7012
9.47,-1.7031
9.472,-1.709
9.474,-1.7132
9.476,-1.7107
9.478,-1.7176
9.48,-1.7176
9.482,-1.7165
9.484,-1.7194
9.486,-1.7159
9.488,-1.7165
9.49,-1.716
9.492,-1.7144
9.494,-1.7168
9.496,-1.713
9.498,-1.7132
9.5,-1.7124
9.502,-1.7107
9.504,-1.7081
9.506,-1.7047
9.508,-1.7006
9.51,-1.7005
9.512,-1.6995
9.514,-1.6976
9.516,-1.695
9.518,-1.6918
9.52,-1.688
9.522,-1.688
9.524,-1.6873
9.526,-1.6817
9.528,-1.6799
9.53,-1.6816
9.532,-1.6785
9.534,-1.679
9.536,-1.675
9.538,-1.6745
9.54,-1.6735
9.542,-1.6721
9.544,-1.6738
9.546,-1.6715
9.548,-1.6724
9.55,-1.6728
9.552,-1.6729
9.554,-1.6726
9.556,-1.672
9.558,-1.6743
9.56,-1.6732
9.562,-1.6748
9.564,-1.6761
9.566,-1.6772
9.568,-1.6781
9.57,-1.6814
9.572,-1.6818
9.574,-1.6846
9.576,-1.6872
9.578,-1.6895
9.58,-1.6918
9.582,-1.6959
9.584,1.6978
9.586,1.7016
9.588,1.7069
9.59,1.7103
9.592,1.7136
9.594,1.7169
9.596,1.7215
9.598,1.7247
9.6,1.729
9.602,1.7333
9.604,1.7375
9.606,1.7417
9.608,1.7466
9.61,1.7508
9.612,1.7555
9.614,1.7602
9.616,1.7648
9.618,1.7694
9.62,1.7739
9.622,1.7785
9.624,1.7831
9.626,1.7874
9.628,1.7918
9.63,1.7961
9.632,1.8003
9.634,1.8038
9.636,1.8081
9.638,1.8114
9.64,1.8157
9.642,1.8175
9.644,1.8207
9.646,1.8237
9.648,1.825
9.65,1.8281
9.652,1.8291
9.654,1.8301
9.656,1.8309
9.658,1.8316
9.66,1.8297
9.662,1.8276
9.664,1.8283
9.666,1.8258
9.668,1.82
9.67,1.8173
9.672,1.811
9.674,1.8081
9.676,1.8011
9.678,1.79
9.68,1.7828
9.682,1.771
9.684,1.7635
9.686,1.7462
9.688,1.7337
9.69,1.7208
9.692,1.7023
9.694,1.6835
9.696,1.6644
9.698,1.6391
9.7,1.6196
9.702,1.5871
9.704,1.5609
9.706,1.5344
9.708,1.5006
9.71,1.4593
9.712,1.4253
9.714,1.3834
9.716,1.3333
9.718,1.2915
9.72,1.2411
9.722,1.1906
9.724,1.1313
9.726,1.0723
9.728,1.0135
9.73,0.95501
9.732,0.8968
9.734,0.83889
9.736,0.77117
9.738,0.7145
9.74,0.65813
9.742,0.60208
9.744,0.55693
9.746,0.50096
9.748,0.45611
9.75,0.42169
9.752,-0.37587
9.754,-0.34069
9.756,-0.30489
9.758,-0.27901
9.76,-0.25193
9.762,-0.22387
9.764,-0.20508
9.766,-0.18479
9.768,-0.15349
9.77,-0.14143
9.772,-0.11806
9.774,-0.1035
9.776,-0.087617
9.778,-0.079705
9.78,-0.061164
9.782,-0.0508
9.784,-0.039155
9.786,-0.026481
9.788,-0.012996
9.79,-0.0069697
9.792,0.0082904
9.794,0.015998
9.796,0.024647
9.798,0.026602
9.8,0.037225
9.802,0.041068
9.804,0.045929
9.806,0.051605
9.808,0.057924
9.81,0.064736
9.812,0.065564
9.814,0.073573
9.816,0.075604
9.818,0.078351
9.82,0.075925
9.822,0.080225
9.824,0.084793
9.826,0.084206
9.828,0.084375
9.83,0.085155
9.832,0.086423
9.834,0.083315
9.836,0.085726
9.838,9
9.84,9
9.842,9
9.844,9
9.846,9
9.848,9
9.85,9
9.852,9
9.854,9
9.856,9
9.858,9
9.86,9
9.862,9
9.864,9
9.866,9
9.868,9
9.87,9
9.872,9
9.874,9
9.876,9
9.878,9
9.88,9
9.882,9
9.884,9
9.886,9
9.888,9
9.89,9
9.892,9
9.894,9
9.896,9
9.898,9
9.9,9
9.902,9
9.904,9
9.906,9
9.908,9
9.91,7.786
9.912,6.9151
9.914,6.3496
9.916,5.256
9.918,4.2438
9.92,3.305
9.922,1.8645
9.924,1.3332
9.926,0.02392
9.928,-1.1931
9.93,-2.8946
9.932,-3.9078
9.934,-4.8583
9.936,-6.32
9.938,-7.9212
9.94,-9
9.942,-9
9.944,0.0033247
9.946,0.0052155
9.948,0.0085154
9.95,0.011295
9.952,0.01462
9.954,0.018497
9.956,0.022928
9.958,0.027905
9.96,0.032344
9.962,0.038637
9.964,0.044312
9.966,0.050718
9.968,0.056632
9.97,0.064745
9.972,0.073532
9.974,0.081699
9.976,0.09078
9.978,0.10209
9.98,0.11262
9.982,0.12401
9.984,0.13483
9.986,0.14818
9.988,0.16084
9.99,0.17455
9.992,0.18927
9.994,0.20495
9.996,0.22155
9.998,0.23902
10,0.25574
